,time,wind_speed,wind_angle,air_pressure,battery_voltage,battery_current,battery_remain,gps_x,gps_y,gps_z,real_lat,real_long,aim_lat,aim_long,aim_z,o_x,o_y,o_z,o_w,v_x,v_y,v_z,la_x,la_y,la_z,power
0,0.00019650459299999645,0.0,111.0,96991.5,16.6840000153,0.0,1.0,0.870913505554,0.352186530828,-0.704156935215,34.0300187,108.7565201,0.0,0.0,0.0,0.0350372401983,-0.00129187071258,-0.65729582857,-0.752816676855,-0.00832859426737,-0.0149709219113,-0.0244772005826,-0.469425022602,-0.50936204195,9.77618312836,0.0
1,0.199993896484,0.0,111.0,96993.0,16.6739997864,0.0,1.0,0.872038006783,0.353342503309,-0.702762126923,34.0300187,108.7565203,0.0,0.0,0.0,0.035070660015,-0.00132755065402,-0.657284865121,-0.752824774319,-0.00687666097656,-0.0119554512203,-0.0235786084086,-0.471755832434,-0.503860473633,9.777384758,0.0
2,0.40183143615699995,0.0,111.0,96994.2421875,16.670999527,0.0,1.0,0.880695462227,0.354979783297,-0.699597895145,34.0300188,108.7565204,0.0,0.0,0.0,0.0350797558317,-0.00147952428722,-0.657274338946,-0.752833193152,-0.00110398326069,-0.00921847298741,-0.0226281024516,-0.473487973213,-0.486274391413,9.77889537811,0.0
3,0.6029158115390001,0.0,111.0,96991.5,16.6690006256,0.0,1.0,0.888351023197,0.358592540026,-0.698060452938,34.0300188,108.7565203,0.0,0.0,0.0,0.0350259501112,-0.00156549858982,-0.65727794777,-0.75283236602,0.00276207434945,-0.00502458773553,-0.0215079430491,-0.456599861383,-0.504272282124,9.795129776,0.0
4,0.8017795562700001,0.0,111.0,96992.5,16.6840000153,0.0,1.0,0.890247702599,0.360379397869,-0.695838809013,34.0300187,108.7565203,0.0,0.0,0.0,0.0350859435159,-0.00161827698087,-0.657278195382,-0.752829168128,0.00395627878606,-0.00246291188523,-0.0202944297343,-0.483560621738,-0.502815067768,9.77420806885,0.0
5,1.00246958733,0.0,111.0,96994.75,16.6800003052,0.0,1.0,0.892459273338,0.363825321198,-0.690491378307,34.0300186,108.7565202,0.0,0.0,0.0,0.0350796043665,-0.00162953150651,-0.65728304227,-0.752825332764,0.00493881385773,0.000542827299796,-0.0193886328489,-0.469322085381,-0.512990355492,9.80533695221,0.0
6,1.20003752708,0.0,111.0,96992.25,16.6730003357,0.0,1.0,0.892979025841,0.363973766565,-0.685643613338,34.0300186,108.7565203,0.0,0.0,0.0,0.0351501068244,-0.00161134909265,-0.657267843063,-0.752835221469,0.00569165544584,0.00203771120869,-0.0181210953742,-0.473777711391,-0.516849577427,9.76919460297,0.0
7,1.39995412827,0.0,111.0,96993.2421875,16.6849994659,0.0,1.0,0.896155953407,0.363723665476,-0.681286811829,34.0300185,108.7565202,0.0,0.0,0.0,0.0350887146712,-0.00166184365134,-0.657273480204,-0.752833040369,0.00769580388442,0.00393452541903,-0.0174086466432,-0.492099374533,-0.513921678066,9.77690505981,0.0
8,1.60074715614,0.0,111.0,96992.75,16.6800003052,0.0,1.0,0.898032665253,0.364122956991,-0.677491784096,34.0300184,108.7565202,0.0,0.0,0.0,0.035063779542,-0.00166694078583,-0.657267953698,-0.752839156931,0.00846480578184,0.00552584789693,-0.0166157726198,-0.476691067219,-0.501009821892,9.76808166504,0.0
9,1.8005497932399999,0.5,146.0,96994.4921875,16.6749992371,0.0,1.0,0.897868394852,0.36091068387,-0.675921797752,34.0300183,108.7565202,0.0,0.0,0.0,0.0350913554347,-0.00169311793002,-0.657255915505,-0.752848244845,0.00847899075598,0.00506633799523,-0.0164105445147,-0.468330442905,-0.512414634228,9.7784910202,0.0
10,2.00258402824,0.5,146.0,96993.4921875,16.6730003357,0.0,1.0,0.895840108395,0.354401737452,-0.676547169685,34.0300182,108.7565202,0.0,0.0,0.0,0.0350797097336,-0.0016160313441,-0.657251932628,-0.752852396309,0.007114299573,0.00271094962955,-0.017461059615,-0.474410355091,-0.5309009552,9.77762508392,0.0
11,2.20174174309,0.5,146.0,96992.25,16.6620006561,0.0,1.0,0.89532494545,0.346961468458,-0.677566707134,34.0300182,108.7565202,0.0,0.0,0.0,0.0351065348856,-0.00161423351759,-0.657240247414,-0.752861384125,0.0068454281427,0.00119431351777,-0.0179584193975,-0.475683152676,-0.503567457199,9.79283046722,0.0
12,2.4002135276799996,0.5,146.0,96993.7421875,16.6669998169,0.0,1.0,0.897099614143,0.343063741922,-0.676601529121,34.0300181,108.7565202,0.0,0.0,0.0,0.0350736827343,-0.00163125689312,-0.657237033717,-0.75286569364,0.00840121600777,0.00130936235655,-0.0176107790321,-0.494197398424,-0.504444599152,9.77384471893,0.0
13,2.60172276497,0.5,146.0,96993.25,16.6809997559,0.0,1.0,0.895907759666,0.340106189251,-0.674580812454,34.0300181,108.7565202,0.0,0.0,0.0,0.0351356978706,-0.00161771326677,-0.657213204942,-0.752883621856,0.00771420728415,0.00256980815902,-0.0170609131455,-0.460197985172,-0.493096411228,9.7679271698,0.0
14,2.8019319057499996,0.0,146.0,96992.5,16.688999176,0.0,1.0,0.896755635738,0.336034864187,-0.673026621342,34.0300179,108.7565202,0.0,0.0,0.0,0.0351302095607,-0.00165144523356,-0.657210881597,-0.752885776613,0.00795106682926,0.00240047788247,-0.0170070324093,-0.466355085373,-0.511115550995,9.78074264526,0.0
15,3.0017416954,0.0,146.0,96991.75,16.6800003052,0.0,1.0,0.896491527557,0.325703084469,-0.673220515251,34.0300179,108.7565201,0.0,0.0,0.0,0.0350981489798,-0.0016040642733,-0.657193258946,-0.752902893502,0.00784608535469,-0.000546222261619,-0.016904046759,-0.485452085733,-0.488609552383,9.77280712128,0.0
16,3.2012281894699997,0.0,146.0,96992.0,16.6830005646,0.0,1.0,0.894581437111,0.318690031767,-0.672205805779,34.0300179,108.7565201,0.0,0.0,0.0,0.0350905533275,-0.00162042647014,-0.657198211201,-0.752898784185,0.00618796236813,-0.00217647221871,-0.0169307012111,-0.481310099363,-0.490881979465,9.76818752289,0.0
17,3.4017332077,0.0,146.0,96993.9921875,16.6879997253,0.0,1.0,0.893711984158,0.315156310797,-0.670116424561,34.0300179,108.7565201,0.0,0.0,0.0,0.0350425493841,-0.00157928719473,-0.657200302738,-0.752899305752,0.00580906029791,-0.00135226699058,-0.0167619027197,-0.461207479239,-0.481462776661,9.76803588867,0.0
18,3.6007183074999998,0.0,146.0,96994.4921875,16.6879997253,0.0,1.0,0.89251357317,0.310995787382,-0.669986188412,34.0300178,108.7565201,0.0,0.0,0.0,0.0350914621189,-0.00162395626871,-0.657183096287,-0.752911876049,0.00514208478853,-0.00131930410862,-0.0165669377893,-0.477634876966,-0.511835098267,9.78804206848,0.0
19,3.8006313324,0.0,146.0,96994.5,16.6940002441,0.0,1.0,0.891663253307,0.304056972265,-0.672759175301,34.0300178,108.7565202,0.0,0.0,0.0,0.0350535523458,-0.00161001751565,-0.657194955357,-0.752903388728,0.00525339553133,-0.00294392043725,-0.017298027873,-0.467806100845,-0.494319081306,9.78234386444,0.0
20,4.00082783699,0.0,146.0,96994.9921875,16.6989994049,0.0,1.0,0.89218121767,0.298107177019,-0.674918115139,34.0300178,108.7565201,0.0,0.0,0.0,0.0350676465153,-0.00158767310049,-0.657193632999,-0.752903868148,0.00543696293607,-0.00372491870075,-0.01789027825,-0.473004847765,-0.48844280839,9.78624916077,0.0
21,4.2018301963799995,0.0,146.0,96992.9921875,16.6940002441,0.0,1.0,0.891927719116,0.297268897295,-0.676141083241,34.0300177,108.7565201,0.0,0.0,0.0,0.0350785243535,-0.00162525886974,-0.657201472313,-0.752896450303,0.00581920100376,-0.00127504393458,-0.0175681877881,-0.463382422924,-0.510627686977,9.77621269226,0.0
22,4.39988117218,0.0,146.0,96992.7421875,16.6949996948,0.0,1.0,0.89037156105,0.292312532663,-0.677650988102,34.0300175,108.75652,0.0,0.0,0.0,0.035064239206,-0.00155904617073,-0.657181852955,-0.752914383787,0.00537292147055,-0.00151420896873,-0.0175610929728,-0.457091957331,-0.505698263645,9.76953125,0.0
23,4.59991030693,0.0,146.0,96991.5,16.6870002747,0.0,1.0,0.887021660805,0.284885138273,-0.677116692066,34.0300176,108.7565201,0.0,0.0,0.0,0.0350575181008,-0.00156219006221,-0.657175093654,-0.752920637326,0.00355390249752,-0.00321375858039,-0.0176406744868,-0.464098721743,-0.518661260605,9.77950191498,0.0
24,4.80243163109,0.0,146.0,96993.7421875,16.6779994965,0.0,1.0,0.888303637505,0.283725529909,-0.673523426056,34.0300178,108.7565201,0.0,0.0,0.0,0.0350492112204,-0.00154760856972,-0.657168771627,-0.752926537884,0.004888352938,-0.000857246632222,-0.0168173704296,-0.482631862164,-0.491824656725,9.7800321579,0.0
25,5.001558828349999,0.0,146.0,96994.4921875,16.6840000153,0.0,1.0,0.89161580801,0.287992924452,-0.670928776264,34.0300177,108.7565201,0.0,0.0,0.0,0.0351175944821,-0.00164398260719,-0.657176200009,-0.752916833572,0.00725096417591,0.00363619253039,-0.0165577791631,-0.467634081841,-0.485507369041,9.79736995697,0.0
26,5.20256810188,0.0,146.0,96991.75,16.686000824,0.0,1.0,0.893765389919,0.288764566183,-0.66986066103,34.0300176,108.7565201,0.0,0.0,0.0,0.0350736774659,-0.00168079261101,-0.657196288251,-0.752901128603,0.00808443501592,0.00566079746932,-0.0165775511414,-0.473025500774,-0.498258680105,9.76341915131,0.0
27,5.39998250008,0.0,146.0,96993.9921875,16.6749992371,0.0,1.0,0.894758045673,0.28662019968,-0.669748485088,34.0300176,108.7565201,0.0,0.0,0.0,0.0350931414074,-0.00164690654481,-0.657181789735,-0.752912929721,0.00851368904114,0.00612648809329,-0.0164461098611,-0.459102123976,-0.525454103947,9.77523422241,0.0
28,5.6024926185599995,0.0,146.0,96995.2421875,16.6669998169,0.0,1.0,0.89285248518,0.283717125654,-0.669413268566,34.0300176,108.7565201,0.0,0.0,0.0,0.0350815075601,-0.00164628092753,-0.657192326447,-0.752904331764,0.00727413641289,0.0054904744029,-0.0163057111204,-0.470233529806,-0.496264457703,9.78787326813,0.0
29,5.80216031075,0.0,146.0,96994.7421875,16.6639995575,0.0,1.0,0.892620205879,0.283031046391,-0.668869018555,34.0300175,108.7565201,0.0,0.0,0.0,0.0350695536602,-0.0016001195917,-0.657187058091,-0.752909515826,0.0070790713653,0.0064468216151,-0.0159657560289,-0.46860447526,-0.49720492959,9.76991558075,0.0
30,6.0021639347099995,0.0,146.0,96992.4921875,16.6499996185,0.0,1.0,0.891428232193,0.280930459499,-0.669333934784,34.0300175,108.7565201,0.0,0.0,0.0,0.0351043090052,-0.00160479789188,-0.657156817727,-0.752934277099,0.00605979003012,0.00708574987948,-0.0158852543682,-0.47274646163,-0.49442705512,9.77728652954,0.0
31,6.199760246279999,0.0,146.0,96993.4921875,16.6560001373,0.0,1.0,0.891145408154,0.275285929441,-0.669968008995,34.0300174,108.7565201,0.0,0.0,0.0,0.0350557729578,-0.00153677419547,-0.657169714663,-0.752925426261,0.00581523263827,0.00566212134436,-0.0161177683622,-0.487695455551,-0.507510125637,9.78593826294,0.0
32,6.39974765778,0.0,146.0,96993.25,16.6639995575,0.0,1.0,0.89025759697,0.267207056284,-0.668428122997,34.0300173,108.7565202,0.0,0.0,0.0,0.0350506099689,-0.00152715681148,-0.657177759442,-0.752918814474,0.00489895232022,0.00254156836309,-0.0164035633206,-0.477855354548,-0.502140283585,9.78613185883,0.0
33,6.601026582719999,0.0,146.0,96995.2421875,16.6700000763,0.0,1.0,0.891570925713,0.262729853392,-0.665805280209,34.0300173,108.7565201,0.0,0.0,0.0,0.0349919191653,-0.00154858453268,-0.657204232932,-0.752898241544,0.00549282459542,0.00256237154827,-0.0167734343559,-0.471733480692,-0.506316363811,9.76814556122,0.0
34,6.80215578079,0.0,146.0,96992.2421875,16.6669998169,0.0,1.0,0.892248511314,0.260758429766,-0.662619113922,34.0300172,108.7565201,0.0,0.0,0.0,0.0350270090508,-0.00155469845989,-0.657207325457,-0.752893968907,0.00633583916351,0.00357487541623,-0.016518805176,-0.464198678732,-0.502194583416,9.78909301758,0.0
35,7.00574855804,0.0,146.0,96994.9921875,16.6650009155,0.0,1.0,0.89193379879,0.256259918213,-0.663142681122,34.0300171,108.7565201,0.0,0.0,0.0,0.0350144822172,-0.0015970494572,-0.65721128726,-0.752890934334,0.00620534596965,0.00302427913994,-0.016119889915,-0.480619221926,-0.505857646465,9.7914648056,0.0
36,7.20104866028,0.0,146.0,96992.9921875,16.6509990692,0.0,1.0,0.891495883465,0.25111413002,-0.663121044636,34.0300171,108.7565201,0.0,0.0,0.0,0.0350063162653,-0.00155616174579,-0.657199865465,-0.752901344606,0.00592037849128,0.0022679134272,-0.0157849285752,-0.468131482601,-0.493797242641,9.79040527344,0.0
37,7.40152339935,0.0,146.0,96993.2421875,16.6539993286,0.0,1.0,0.892642736435,0.249021962285,-0.662022471428,34.030017,108.7565201,0.0,0.0,0.0,0.0350054364498,-0.00158878867489,-0.657197858221,-0.752903183262,0.00664354627952,0.00313518452458,-0.0159364808351,-0.45422399044,-0.506717264652,9.7686882019,0.0
38,7.61164383888,0.0,146.0,96991.75,16.6529998779,0.180000007153,1.0,0.89204454422,0.243065685034,-0.661680877209,34.030017,108.7565201,0.0,0.0,0.0,0.0350839270526,-0.00161609456437,-0.657101289254,-0.752983736426,0.00874295644462,0.00152129621711,-0.0153156230226,-1.04448258877,0.158967539668,9.09324645996,2.99754009714
39,7.81055335999,0.0,146.0,96993.2421875,16.6310005188,0.25,1.0,0.89185154438,0.235629633069,-0.660467922688,34.030017,108.7565202,0.0,0.0,0.0,0.0350761404224,-0.00153440606942,-0.65719459184,-0.752902825014,0.00619202759117,0.000570145493839,-0.0159483402967,-0.575214266777,-0.343737870455,9.64441204071,4.1577501297
40,8.01040391922,0.0,146.0,96993.25,16.6089992523,0.170000001788,1.0,0.893206298351,0.229201883078,-0.660653412342,34.030017,108.7565202,0.0,0.0,0.0,0.0351778104748,-0.00155964281206,-0.65702003013,-0.753050244153,0.00922297406942,-0.00249731354415,-0.0170240644366,-0.605861663818,-0.711620032787,9.8520898819,2.82352990259
41,8.2102871418,0.0,146.0,96991.5,16.5960006714,0.109999999404,0.990000009537,0.894242048264,0.224917814136,-0.660562515259,34.0300171,108.7565202,0.0,0.0,0.0,0.0351315977725,-0.0015527188751,-0.657010657725,-0.753060712377,0.00899012666196,-0.00286125415005,-0.0156765840948,-0.457322478294,-0.148575723171,9.45760917664,1.82556006396
42,8.410243558880001,0.0,146.0,96991.5,16.5769996643,0.070000000298,0.980000019073,0.892385780811,0.221758589149,-0.658002793789,34.0300172,108.7565203,0.0,0.0,0.0,0.0351712948354,-0.00158662074637,-0.656962684075,-0.753100678126,0.00575008289889,-0.0020512342453,-0.0150668248534,-0.294783055782,-0.324891597033,10.0215291977,1.16038998144
43,8.60927109718,0.0,146.0,96992.0,16.5669994354,0.0500000007451,0.959999978542,0.893391609192,0.221888795495,-0.655427932739,34.0300172,108.7565202,0.0,0.0,0.0,0.0351607001714,-0.00160652722976,-0.656952110484,-0.753110324486,0.00579843856394,0.000698728719726,-0.0138049004599,-0.54550588131,-0.502252340317,10.0537614822,0.828349984115
44,8.809468078610001,0.0,146.0,96993.9921875,16.5580005646,0.0299999993294,0.949999988079,0.893058717251,0.221210971475,-0.655126810074,34.0300172,108.7565203,0.0,0.0,0.0,0.0352224558412,-0.00167983640439,-0.656880381816,-0.753169830567,0.0040750070475,0.00282489415258,-0.0150073124096,-0.515842199326,-0.67253524065,9.82951545715,0.496740005834
45,9.009794759750001,0.0,146.0,96992.4921875,16.545999527,0.019999999553,0.939999997616,0.895039081573,0.219533473253,-0.656874358654,34.0300171,108.7565202,0.0,0.0,0.0,0.0351634041551,-0.0017132417331,-0.656847770692,-0.753201008699,0.00752998003736,0.00298572191969,-0.0149810500443,-0.535837769508,-0.553980827332,9.58413028717,0.330919983143
46,9.21050934792,0.0,146.0,96993.7421875,16.5440006256,0.00999999977648,0.939999997616,0.894024610519,0.213575363159,-0.659469783306,34.0300171,108.7565203,0.0,0.0,0.0,0.0351614403754,-0.00165655553894,-0.656784861252,-0.753256078824,0.00610040314496,-0.000645249092486,-0.0159458778799,-0.58821028471,-0.475683361292,9.99547958374,0.165440002558
47,9.409405756,0.0,146.0,96994.4921875,16.5289993286,0.00999999977648,0.930000007153,0.893898248672,0.208507105708,-0.661106407642,34.0300171,108.7565203,34.030040741,108.756607056,20.0,0.0350679283724,-0.00166929047264,-0.65680678815,-0.753241316891,0.00765589205548,-0.00173276709393,-0.0148133514449,-0.582114696503,-0.218027830124,9.09473228455,0.165289989592
48,9.61019687653,0.0,146.0,96993.7421875,16.5389995575,0.0599999986589,0.930000007153,0.895853161812,0.206595078111,-0.662292361259,34.0300171,108.7565203,34.030040741,108.756607056,20.0,0.0339845251921,-0.00133585621735,-0.656775752265,-0.753318545722,0.00984297413379,-0.00283694709651,-0.0145083591342,-0.926879048347,-0.373147398233,9.29885005951,0.992339951269
49,9.809447097800001,0.0,146.0,96992.5,16.545999527,0.310000002384,0.939999997616,0.898177623749,0.20354180038,-0.664334416389,34.0300171,108.7565203,34.030040741,108.756607056,20.0,0.0317046585935,-0.000649029856931,-0.656833830622,-0.753368279004,0.00918667390943,-0.00301419082098,-0.0156509242952,0.627870678902,-0.623976826668,9.30440807343,5.12925989281
50,10.0092578411,0.0,146.0,96994.4921875,16.5450000763,0.790000021458,0.939999997616,0.901196837425,0.202907562256,-0.662906348705,34.0300171,108.7565203,34.030040741,108.756607056,20.0,0.0296628466148,0.000141012818405,-0.656693328834,-0.7535741927,0.0112949637696,-0.00035848247353,-0.0150280073285,-0.0479806885123,0.332295536995,9.98309421539,13.0705504153
51,10.2102597237,0.0,146.0,96994.75,16.5370006561,1.61000001431,0.939999997616,0.900942325592,0.201280653477,-0.66162353754,34.030017,108.7565203,34.030040741,108.756607056,20.0,0.026382909058,0.00121056417344,-0.656368687465,-0.753977901557,0.0150367729366,-0.00289283297025,-0.0130432546139,0.334410488605,-0.666134059429,10.1213178635,26.6245712929
52,10.3957372189,0.0,146.0,96996.0,16.5130004883,2.98000001907,0.949999988079,0.901970803738,0.199175313115,-0.66380739212,34.030017,108.7565203,34.030040741,108.756607056,20.0,0.0213168084762,0.0032247297951,-0.65593443268,-0.754510021325,0.0211113505065,-0.0128278657794,-0.0128488438204,0.642160415649,1.15273523331,9.25626659393,49.20874177
53,10.6104767799,0.0,146.0,96995.4921875,16.4899997711,4.90000009537,0.949999988079,0.905463218689,0.193249717355,-0.666361689568,34.0300168,108.7565203,34.030040741,108.756607056,20.0,0.0092385470879,0.00831776875743,-0.655325400182,-0.755244482844,0.0154398242012,-0.0261868610978,-0.019236991182,-2.66393280029,0.598498165607,10.8437757492,80.8010004511
54,10.8112919807,0.0,146.0,97002.0,16.4640007019,6.65999984741,0.959999978542,0.908526182175,0.186511918902,-0.671569824219,34.0300168,108.7565203,34.030040741,108.756607056,20.0,-0.000491144469687,0.0122156456676,-0.654422814885,-0.756029984196,0.0266583040357,-0.0119988648221,-0.0119913453236,0.237815260887,-3.40401077271,6.45047569275,109.650242162
55,11.0117798328,0.0,146.0,97003.75,16.4130001068,8.18000030518,0.949999988079,0.911558449268,0.181827783585,-0.682722687721,34.0300168,108.7565203,34.030040741,108.756607056,20.0,-0.00268350005213,0.00793410768296,-0.66180277284,-0.749631204874,0.016429586336,-0.0181367471814,-0.00586369680241,-1.30411291122,0.991374015808,10.8192462921,134.258345883
56,11.2091358185,0.0,146.0,97003.0,16.3880004883,9.81999969482,0.959999978542,0.919153213501,0.173738136888,-0.701441407204,34.0300167,108.7565203,34.030040741,108.756607056,20.0,0.00119270481682,-0.00229291858037,-0.671021958678,-0.741432984294,0.0609879046679,-0.0578640215099,0.0203694384545,1.22595727444,3.83692026138,-0.619429469109,160.930159794
57,11.4093041897,0.0,146.0,96996.0,16.3619995117,11.3699998856,0.959999978542,0.929062902927,0.154926925898,-0.721270799637,34.0300166,108.7565204,34.030040741,108.756607056,20.0,0.0115019093676,-0.00911108690967,-0.671679570687,-0.740696473385,0.0974899232388,-0.102240584791,0.0507530458272,-1.07725524902,-1.14220404625,12.8636007309,186.035932576
58,11.6091802597,0.0,146.0,96993.0,16.329000473,12.5200004578,0.959999978542,0.946834623814,0.134956985712,-0.73352766037,34.0300165,108.7565206,34.030040741,108.756607056,20.0,0.0215345562177,-0.00628161305872,-0.666274808982,-0.745368807156,0.121826544404,-0.100592561066,0.132286727428,-2.04619145393,0.37282320857,11.6379232407,204.439093397
59,11.811372327800001,0.0,146.0,96994.7421875,16.2989997864,13.3500003815,0.959999978542,0.967077553272,0.116338953376,-0.712906718254,34.0300162,108.756521,34.030040741,108.756607056,20.0,0.0238074890013,-0.00319975581172,-0.659864268055,-0.751000811497,0.114336080849,-0.0907773524523,0.267478525639,-1.21232759953,-1.06660819054,12.6189832687,217.591653366
60,12.010199594500001,0.0,146.0,96994.5,16.267999649,14.1599998474,0.959999978542,0.988905489445,0.0972056984901,-0.66634619236,34.0300161,108.7565213,34.030040741,108.756607056,20.0,0.024815217515,-0.00100451086525,-0.655414235202,-0.75486120994,0.103235289454,-0.0811376720667,0.353867948055,0.265417039394,0.856417775154,7.87240219116,230.354872548
61,12.2102561474,0.0,146.0,96993.4921875,16.2490005493,14.8400001526,0.959999978542,1.00591826439,0.0737098529935,-0.589344501495,34.0300158,108.7565217,34.030040741,108.756607056,20.0,0.0269663755408,-0.00169080248753,-0.653362263199,-0.756563194513,0.0598401501775,-0.0951092690229,0.447897523642,0.819006979465,-0.506441831589,6.63837862015,241.135170631
62,12.410109567600001,0.0,146.0,96987.7421875,16.2210006714,15.9200000763,0.949999988079,1.02340388298,0.0458078756928,-0.486952185631,34.0300158,108.7565219,34.030040741,108.756607056,20.0,0.0294471416783,-0.00512713514539,-0.653475601343,-0.75635730189,0.0284860804677,-0.0872848182917,0.566152155399,-0.239275887609,-0.627507448196,8.64777374268,258.238331926
63,12.6103330135,0.0,146.0,96986.2421875,16.1900005341,16.5699996948,0.949999988079,1.03574943542,0.0272119585425,-0.350125819445,34.0300156,108.7565222,34.030040741,108.756607056,20.0,0.0327018899078,-0.00396911623824,-0.654127628894,-0.755666499238,0.00597000680864,-0.0508795753121,0.678489923477,2.17227554321,-1.45522487164,6.4592256546,268.268303909
64,12.806612539300001,0.0,146.0,96983.25,16.1550006866,17.1299991608,0.939999997616,1.04315805435,0.0108530251309,-0.191555276513,34.0300156,108.7565222,34.030040741,108.756607056,20.0,0.0278651419388,-0.00662369795466,-0.653928806405,-0.756013847221,-0.0198401100934,-0.0301206968725,0.790721356869,1.38991093636,-1.34500992298,6.02360010147,276.735148204
65,13.0036077976,0.0,146.0,96984.5,16.1229991913,17.3400001526,0.939999997616,1.04236698151,0.00389538169838,-0.0255313999951,34.0300155,108.7565223,34.030040741,108.756607056,20.0,0.0260479463209,-0.00752606198128,-0.65342311798,-0.756507228767,-0.0359667055309,-0.00102370220702,0.831190407276,-0.539516746998,-2.31583714485,11.1280460358,279.572808437
66,13.2016020298,0.0,146.0,96981.5,16.0970001221,17.7999992371,0.930000007153,1.03919708729,-0.00273984880187,0.170655325055,34.0300155,108.7565222,34.030040741,108.756607056,20.0,0.0254840498053,-0.00686624582385,-0.653018013008,-0.756882325182,-0.0474678091705,0.0145525010303,0.938175618649,-0.960561573505,-0.909194111824,15.7277708054,286.526589892
67,13.4035971642,0.0,146.0,96980.75,16.0729999542,18.1000003815,0.930000007153,1.02864098549,-0.0142574468628,0.37181660533,34.0300155,108.7565221,34.030040741,108.756607056,20.0,0.0257750112325,-0.00849164364649,-0.652789324208,-0.757053357093,-0.0657679066062,0.0172195360065,1.04743814468,2.79013705254,-0.564028680325,6.64515972137,290.921305303
68,13.605592060100001,0.0,146.0,96976.9921875,16.0550003052,18.1399993896,0.930000007153,1.01321947575,-0.0271760392934,0.598909318447,34.0300157,108.7565221,34.030040741,108.756607056,20.0,0.0252405990716,-0.00944123650958,-0.652505707528,-0.7573045207,-0.0862211436033,0.0280397906899,1.09707963467,-1.74896979332,-0.548212945461,13.0434541702,291.237695737
69,13.8075876713,0.0,146.0,96974.25,16.0450000763,18.3899993896,0.920000016689,0.999519348145,-0.028507662937,0.840418577194,34.0300158,108.7565218,34.030040741,108.756607056,20.0,0.0233562855853,-0.0131417156501,-0.652770126319,-0.757081911583,-0.088505461812,0.0421298518777,1.19696712494,-1.98583614826,0.249875068665,13.6627340317,295.06754161
70,14.0045817375,0.0,146.0,96972.25,16.0170001984,18.2999992371,0.920000016689,0.98126500845,-0.0197475291789,1.10300242901,34.0300159,108.7565217,34.030040741,108.756607056,20.0,0.0216944551048,-0.0116821268223,-0.652863054852,-0.757075131209,-0.0879131406546,0.0559788756073,1.29671466351,-0.398951292038,1.11805522442,11.0133991241,293.11109141
71,14.2015779495,0.0,146.0,96968.2421875,16.0119991302,17.8400001526,0.920000016689,0.963863492012,-0.0171537380666,1.37754392624,34.0300161,108.7565216,34.030040741,108.756607056,20.0,0.0195996954892,-0.0124533884668,-0.653958646374,-0.756173836658,-0.0833860337734,0.0488805696368,1.28530812263,-2.17259788513,2.34827661514,9.31164360046,285.654066927
72,14.404578733400001,0.0,146.0,96965.75,16.0009994507,17.8999996185,0.910000026226,0.952357470989,-0.00484405690804,1.64184069633,34.0300162,108.7565212,34.030040741,108.756607056,20.0,0.0202620091766,-0.0124964365334,-0.654326230113,-0.755837610174,-0.0623585246503,0.0558036155999,1.28658366203,1.53271961212,1.26820743084,1.55357325077,286.417884063
73,14.606573391000001,0.0,146.0,96961.0,15.9949998856,17.7600002289,0.910000026226,0.927879929543,0.00614284165204,1.90978169441,34.0300165,108.7565212,34.030040741,108.756607056,20.0,0.0185231283302,-0.0147222083106,-0.65625823638,-0.754165397081,-0.0568475611508,0.0657349079847,1.29373645782,-0.973043262959,-2.04983711243,14.9392309189,284.071201628
74,14.803567457200002,0.0,146.0,96955.25,16.0020008087,17.5400009155,0.910000026226,0.918083429337,0.0293746627867,2.18697214127,34.0300166,108.756521,34.030040741,108.756607056,20.0,0.0180097438247,-0.0122633575465,-0.65727961257,-0.753331827248,-0.027409074828,0.0781233459711,1.30709815025,-0.658546626568,0.7285592556,7.61612129211,280.675108835
75,15.0055630684,0.0,146.0,96952.75,16.0020008087,17.5599994659,0.910000026226,0.908503592014,0.0438014231622,2.46742153168,34.0300168,108.7565207,34.030040741,108.756607056,20.0,0.0176789881992,-0.00986125092842,-0.656485160281,-0.754067273949,-0.0123349614441,0.064402513206,1.34001398087,1.75051176548,-0.244718283415,5.64528274536,280.995125655
76,15.207555818600001,0.0,146.0,96951.75,15.982000351,17.4899997711,0.910000026226,0.893793284893,0.0590232163668,2.74439358711,34.0300171,108.7565208,34.030040741,108.756607056,20.0,0.0173208460125,-0.00856768182956,-0.654810339352,-0.755546112033,-0.0152869280428,0.0754699707031,1.31503248215,0.273801624775,-0.714120149612,9.9906129837,279.52518248
77,15.4045503616,0.0,146.0,96951.25,15.9729995728,17.5900001526,0.910000026226,0.89636272192,0.0869995802641,3.02766036987,34.0300174,108.7565207,34.030040741,108.756607056,20.0,0.011843431208,-0.00807639297399,-0.652738642623,-0.757447535494,-0.00185714859981,0.0649947226048,1.33834409714,-1.97674155235,-1.52457118034,9.25191783905,280.965064922
78,15.6025457859,0.0,146.0,96946.75,15.9639997482,17.7700004578,0.899999976158,0.893866181374,0.111612476408,3.31802916527,34.0300175,108.7565206,34.030040741,108.756607056,20.0,0.0145567187099,-0.00803579386971,-0.651095658369,-0.758813530659,0.00634047109634,0.0495219379663,1.35504984856,2.13349914551,-0.632271289825,1.66208088398,283.680282834
79,15.804540205000002,0.0,146.0,96944.2421875,15.9560003281,17.8999996185,0.899999976158,0.889013230801,0.126651838422,3.60636711121,34.0300177,108.7565207,34.030040741,108.756607056,20.0,0.0174017324002,-0.00485465906249,-0.650286902493,-0.759473929628,0.00627924222499,0.0270164292306,1.4222073555,3.55276298523,-0.426099598408,1.70590651035,285.612399786
80,16.006532716800002,0.0,146.0,96940.0,15.9490003586,18.0400009155,0.899999976158,0.892377018929,0.140275627375,3.91105651855,34.0300179,108.7565206,34.030040741,108.756607056,20.0,0.0192689556687,-0.00577466747211,-0.650815940273,-0.758968999846,-0.0116829778999,0.0197383407503,1.39235329628,2.10654377937,-0.349288225174,5.99995803833,287.719981071
81,16.203523683500002,0.0,146.0,96938.9921875,15.9350004196,17.9400005341,0.889999985695,0.886999368668,0.151654362679,4.19781541824,34.0300181,108.7565207,34.030040741,108.756607056,20.0,0.0178296220236,-0.00821043690977,-0.652011925588,-0.757954583155,-0.0228727329522,0.0114704426378,1.42160582542,-0.939687848091,0.526560902596,10.3306112289,285.873916038
82,16.4055190563,0.0,146.0,96931.0,15.9300003052,17.7399997711,0.889999985695,0.883437871933,0.15942440927,4.49834918976,34.0300183,108.7565208,34.030040741,108.756607056,20.0,0.0161901025372,-0.01107749653,-0.654325239662,-0.755958803437,-0.0311587508768,-0.0105141578242,1.43660366535,0.40303838253,1.26174485683,7.907351017,282.598201768
83,16.6025138378,0.0,146.0,96933.0,15.9219999313,18.6800003052,0.889999985695,0.886475861073,0.172419726849,4.81558227539,34.0300185,108.7565207,34.030040741,108.756607056,20.0,0.0163132855923,-0.012435153534,-0.656867231999,-0.753727180492,-0.0254440847784,-0.00267687742598,1.53237652779,-2.27132344246,1.14344894886,13.0591697693,297.422963576
84,16.8055086613,0.0,146.0,96924.75,15.9010000229,20.2099990845,0.879999995232,0.888873696327,0.186995103955,5.16515016556,34.0300185,108.7565207,34.030040741,108.756607056,20.0,0.0178043892322,-0.0097230662294,-0.657912779407,-0.752820801978,-0.0211222972721,-0.00919857528061,1.88699650764,-1.61937153339,0.936901807785,11.806520462,321.359195905
85,17.0075026035,0.0,146.0,96919.5,15.8559999466,22.3299999237,0.870000004768,0.890939056873,0.194048568606,5.5695233345,34.0300186,108.7565208,34.030040741,108.756607056,20.0,0.0173179895757,-0.00755210972148,-0.658601437838,-0.752254790876,-0.0273982714862,-0.000667979067657,2.29276275635,-1.33060383797,-0.278857380152,12.4807548523,354.064477598
86,17.204498338700002,0.0,146.0,96914.4921875,15.8159999847,22.8400001526,0.860000014305,0.891998291016,0.203815534711,6.07247543335,34.0300188,108.7565209,34.030040741,108.756607056,20.0,0.0157344833333,-0.0136727004985,-0.659063572764,-0.751798387922,-0.0315713174641,0.00470668636262,2.69224882126,1.21692454815,0.280765265226,4.71150302887,361.237442065
87,17.4064984798,0.0,146.0,96911.75,15.7889995575,22.4099998474,0.860000014305,0.899245560169,0.21426743269,6.62787771225,34.0300189,108.7565209,34.030040741,108.756607056,20.0,0.0152863376217,-0.0128615115474,-0.659291977073,-0.751621655649,-0.0264449641109,0.00476546958089,2.89483690262,2.09459757805,0.27018097043,6.71898794174,353.831477674
88,17.603486585600002,0.0,146.0,96907.25,15.7880001068,21.25,0.860000014305,0.899059772491,0.216734588146,7.16252422333,34.030019,108.756521,34.030040741,108.756607056,20.0,0.0154958859903,-0.0105727458722,-0.659164978081,-0.751764417562,-0.0266442373395,0.00604315614328,2.89319443703,0.440893322229,1.08252775669,3.86239886284,335.49500227
89,17.8054819584,0.0,146.0,96896.25,15.795999527,20.7600002289,0.860000014305,0.901988267899,0.2178632617,7.71577787399,34.030019,108.7565211,34.030040741,108.756607056,20.0,0.0157501946412,-0.0126030203157,-0.658370056908,-0.752424131645,-0.0300343614072,-0.00887129362673,2.85859084129,2.16113781929,-0.395898878574,4.36427927017,327.924953795
90,18.0034740448,0.0,146.0,96887.7421875,15.7840003967,20.5499992371,0.850000023842,0.905545055866,0.218305930495,8.26762580872,34.030019,108.7565211,34.030040741,108.756607056,20.0,0.0168424712147,-0.0130977596152,-0.658158579828,-0.752576940313,-0.0375194065273,-0.0130961053073,2.8722743988,-3.00579333305,0.338105887175,16.9728183746,324.361196111
91,18.205463457100002,0.0,146.0,96883.5,15.7670001984,20.4099998474,0.850000023842,0.90434718132,0.215828791261,8.85252571106,34.030019,108.756521,34.030040741,108.756607056,20.0,0.0171503455467,-0.013540486411,-0.658251213332,-0.752481187941,-0.0424147099257,-0.0112209711224,2.89198350906,1.12270462513,0.0924959033728,3.94908857346,321.804471643
92,18.4024522781,0.0,146.0,96877.5,15.763999939,20.2800006866,0.850000023842,0.89909517765,0.21217097342,9.44916343689,34.030019,108.7565211,34.030040741,108.756607056,20.0,0.0164317538392,-0.0157478760294,-0.658159480717,-0.752534482631,-0.0389753393829,-0.0220852978528,2.93401098251,-3.77648425102,-0.968239605427,18.7690620422,319.693929586
93,18.604446458800002,0.0,146.0,96867.7421875,15.7559995651,20.1599998474,0.839999973774,0.898296236992,0.213710039854,10.0347623825,34.030019,108.756521,34.030040741,108.756607056,20.0,0.0200382734545,-0.016045231965,-0.657461376123,-0.753050850014,-0.0343045964837,-0.000387633044738,2.89244699478,-1.64628136158,1.78024256229,7.56222200394,317.640948829
94,18.8064404011,0.0,146.0,96865.75,15.7620000839,19.9699993134,0.850000023842,0.893517076969,0.215648591518,10.6577243805,34.0300189,108.756521,34.030040741,108.756607056,20.0,0.0176427249519,-0.0145980362862,-0.657126614242,-0.753432310603,-0.0364225246012,0.00700452458113,2.91621732712,-1.49663221836,-0.445138186216,8.27376747131,314.767130853
95,19.0034342289,0.0,146.0,96856.9921875,15.7629995346,20.0300006866,0.850000023842,0.887169539928,0.211005717516,11.2372741699,34.030019,108.7565211,34.030040741,108.756607056,20.0,0.0170880092053,-0.0130463763507,-0.656557853058,-0.75396920877,-0.0381148010492,-0.0077438489534,2.9337182045,-0.525804638863,-1.10244834423,12.3254537582,315.732891502
96,19.2014284611,0.0,146.0,96849.25,15.767999649,19.9899997711,0.850000023842,0.886130452156,0.209936454892,11.8496131897,34.0300191,108.7565212,34.030040741,108.756607056,20.0,0.0182427760344,-0.0176473385707,-0.656370937053,-0.754011308203,-0.0371664240956,-0.004060883075,2.9198539257,0.319198548794,0.730175375938,3.66378355026,315.202309375
97,19.403421926500002,0.0,146.0,96843.9921875,15.7609996796,19.6599998474,0.850000023842,0.889794826508,0.211817055941,12.4508590698,34.0300192,108.7565211,34.030040741,108.756607056,20.0,0.018579699773,-0.016791365856,-0.656052449124,-0.754299787576,-0.0218834485859,0.0130554940552,2.89130544662,-2.02955555916,-0.0351029708981,13.0491399765,309.861251295
98,19.605417060900002,0.0,146.0,96836.2578125,15.7629995346,19.0200004578,0.839999973774,0.886040449142,0.218460857868,13.0541934967,34.0300192,108.7565213,34.030040741,108.756607056,20.0,0.0186958953416,-0.0159953890361,-0.655462735688,-0.754826617914,-0.0231332592666,0.0076722856611,2.82563257217,3.05448102951,0.404375374317,1.76300895214,299.812258364
99,19.8024106503,0.0,146.0,96828.0,15.7709999084,18.4200000763,0.839999973774,0.891221761703,0.221795231104,13.6311435699,34.0300193,108.7565214,34.030040741,108.756607056,20.0,0.0179209361343,-0.0153693132419,-0.655359897378,-0.754947747957,-0.015705389902,0.0054482370615,2.68865036964,-1.34825956821,0.128352120519,15.8810586929,290.501819517
100,20.004402685200002,0.0,146.0,96825.25,15.7770004272,17.4799995422,0.839999973774,0.899364173412,0.22940595448,14.1659193039,34.0300194,108.7565215,34.030040741,108.756607056,20.0,0.019388777842,-0.0137523612526,-0.655487249349,-0.754832028516,-0.00887944083661,-0.00282845576294,2.50937223434,2.15902447701,1.83049023151,3.1065633297,275.781960246
101,20.2013969898,0.0,146.0,96816.25,15.7810001373,16.7299995422,0.839999973774,0.90836083889,0.235760256648,14.6865491867,34.0300195,108.7565216,34.030040741,108.756607056,20.0,0.0208645049616,-0.0129215968191,-0.656349642358,-0.754057638126,-0.0110185975209,-0.00305782724172,2.27753067017,0.424035787582,-0.228288114071,3.75874042511,264.016125074
102,20.4043915749,0.0,146.0,96810.0,15.7790002823,15.9799995422,0.839999973774,0.913019418716,0.240853503346,15.1280889511,34.0300196,108.7565217,34.030040741,108.756607056,20.0,0.0197231880602,-0.0137002216497,-0.657064521397,-0.753451750837,-0.00869536492974,-0.012424999848,2.05248785019,-0.520668983459,1.29714298248,7.04498147964,252.148417288
103,20.6013908863,0.0,146.0,96803.25,15.7989997864,15.529999733,0.839999973774,0.918768584728,0.243899121881,15.5561151505,34.0300196,108.7565217,34.030040741,108.756607056,20.0,0.0193472513424,-0.0136305871535,-0.657996177484,-0.752649316988,-0.0178364571184,-0.0233977604657,1.82977354527,0.273260861635,1.54516816139,3.61303281784,245.358462464
104,20.8033838749,0.0,146.0,96806.75,15.8050003052,15.1899995804,0.839999973774,0.922995448112,0.245800569654,15.9424009323,34.0300197,108.7565218,34.030040741,108.756607056,20.0,0.0222621629468,-0.013849770522,-0.658208339451,-0.752379245251,-0.0176397319883,-0.0356496609747,1.62584483624,-1.2317404747,-0.913561940193,18.1305541992,240.077948004
105,21.0053780556,0.0,146.0,96797.25,15.8149995804,15.1000003815,0.839999973774,0.929167807102,0.248631134629,16.3121948242,34.0300197,108.7565218,34.030040741,108.756607056,20.0,0.0209596936189,-0.0156457030548,-0.657946296688,-0.752610605108,-0.0138611355796,-0.0487009808421,1.48447930813,-2.8477563858,-1.46236050129,15.8698644638,238.806499697
106,21.2073719978,0.0,146.0,96791.75,15.8149995804,14.8400001526,0.850000023842,0.933670938015,0.247939571738,16.6103878021,34.0300196,108.7565217,34.030040741,108.756607056,20.0,0.0240113924909,-0.0154296862975,-0.657446298088,-0.752960645222,-0.00875944178551,-0.0509935356677,1.28868877888,0.377724945545,0.271425038576,5.02647590637,234.694596186
107,21.4043670177,0.0,146.0,96790.0,15.8339996338,14.6499996185,0.850000023842,0.934270501137,0.244141623378,16.8887710571,34.0300196,108.7565218,34.030040741,108.756607056,20.0,0.0257269335322,-0.0146112251217,-0.657768568697,-0.752638880375,-0.0106327589601,-0.0548125654459,1.10582101345,0.742714285851,0.971774876118,8.42420196533,231.968088595
108,21.6023614883,0.0,146.0,96788.4921875,15.8439998627,14.6499996185,0.850000023842,0.936435163021,0.243630588055,17.1312084198,34.0300195,108.7565218,34.030040741,108.756607056,20.0,0.024292250199,-0.0159272650763,-0.658646603455,-0.751891585141,-0.0139058306813,-0.0510404407978,0.973367512226,1.03741014004,1.07844030857,7.36888599396,232.114591944
109,21.8043551922,0.0,146.0,96786.5,15.8470001221,14.8100004196,0.850000023842,0.937108635902,0.240024864674,17.3558578491,34.0300194,108.7565218,34.030040741,108.756607056,20.0,0.0261120592508,-0.0160234622946,-0.658726276804,-0.751758638175,-0.018882561475,-0.0532553754747,0.867963016033,-2.35060095787,-0.763133943081,13.8323984146,234.694078458
110,22.0063493729,0.0,146.0,96784.5,15.8549995422,15.029999733,0.850000023842,0.936295926571,0.237023979425,17.5443763733,34.0300193,108.7565217,34.030040741,108.756607056,20.0,0.0242892123332,-0.0142585850744,-0.659353616839,-0.751305196037,-0.0260785333812,-0.0425681397319,0.747016012669,0.624838292599,-0.656111717224,10.7603826523,238.300638886
111,22.2033453465,0.0,146.0,96784.7421875,15.859000206,15.1899995804,0.850000023842,0.929627418518,0.231871083379,17.6975250244,34.0300192,108.7565218,34.030040741,108.756607056,20.0,0.027708891059,-0.0169604094568,-0.660247309151,-0.750345333173,-0.0336152687669,-0.0356555357575,0.656249284744,-1.27613019943,-0.96191817522,14.8024158478,240.898206474
112,22.4053330898,0.0,146.0,96779.75,15.857000351,15.3100004196,0.850000023842,0.932002067566,0.229283928871,17.8386478424,34.030019,108.7565215,34.030040741,108.756607056,20.0,0.0257970237412,-0.0159246447277,-0.661073793045,-0.749708257216,-0.0293625090271,-0.0261207781732,0.61762881279,0.131363302469,0.731878757477,5.39335870743,242.770682027
113,22.602332639700002,0.0,146.0,96781.7421875,15.8459997177,15.4200000763,0.850000023842,0.919513821602,0.224583223462,17.9635162354,34.030019,108.7565214,34.030040741,108.756607056,20.0,0.0253309579635,-0.0154360791183,-0.660720317964,-0.750045969376,-0.0486220009625,-0.0150554198772,0.561170816422,-0.78684681654,-1.72377884388,14.2093992233,244.345316856
114,22.8053224564,0.0,146.0,96777.25,15.8489999771,15.6499996185,0.850000023842,0.90888941288,0.222412616014,18.0719127655,34.0300189,108.7565213,34.030040741,108.756607056,20.0,0.0235316023164,-0.0176454840888,-0.658874502001,-0.751677679348,-0.0478848218918,-0.0119857834652,0.529607832432,-1.70146870613,-1.26156568527,14.2885980606,248.036843596
115,23.0023169994,0.0,146.0,96777.25,15.8310003281,15.6800003052,0.850000023842,0.90053242445,0.218004748225,18.171125412,34.0300188,108.7565212,34.030040741,108.756607056,20.0,0.0224686169793,-0.0192620155974,-0.655194597438,-0.754880228705,-0.0317986905575,-0.0158690866083,0.527647137642,1.22909152508,0.996277153492,2.29662418365,248.230089975
116,23.2043133259,0.0,146.0,96775.0,15.8319997787,15.9300003052,0.850000023842,0.896175920963,0.21430490911,18.2676868439,34.0300188,108.7565211,34.030040741,108.756607056,20.0,0.0240301591984,-0.0209074007398,-0.65145362209,-0.758019515643,-0.0162334982306,-0.013385550119,0.516174077988,-2.39379310608,-0.85624819994,10.625336647,252.203761307
117,23.4063063145,0.0,146.0,96775.4921875,15.8260002136,16.0900001526,0.850000023842,0.892432272434,0.209662869573,18.3542022705,34.0300187,108.756521,34.030040741,108.756607056,20.0,0.0248182873202,-0.0184665550764,-0.649228242147,-0.759964450456,0.000120133801829,-0.00540346652269,0.514491319656,-1.15725386143,-0.473622232676,12.8326845169,254.640345852
118,23.603300380700002,0.0,146.0,96773.5,15.8280000687,15.9200000763,0.850000023842,0.888321578503,0.204155117273,18.443901062,34.0300186,108.756521,34.030040741,108.756607056,20.0,0.0267084807858,-0.0224194452719,-0.647288470323,-0.761447097562,0.00837415456772,-0.00450816517696,0.5144495368,0.391878247261,1.172326684,2.67581534386,251.981762301
119,23.805294799800002,0.0,146.0,96774.75,15.829000473,15.9499998093,0.850000023842,0.890442311764,0.197614386678,18.5214042664,34.0300185,108.756521,34.030040741,108.756607056,20.0,0.0263780799511,-0.0186079593996,-0.646728670613,-0.762036737241,0.0246977694333,0.00244940537959,0.464726299047,-1.69622123241,0.673338830471,10.6914644241,252.472554526
120,24.003283309900002,0.0,146.0,96773.0,15.8219995499,16.3500003815,0.850000023842,0.892273426056,0.193203836679,18.5923213959,34.0300185,108.7565209,34.030040741,108.756607056,20.0,0.0297235607965,-0.025077230972,-0.629321716613,-0.776171325628,0.0454806834459,-0.00336495181546,0.470974773169,-0.665888726711,-0.385090768337,9.44829177856,258.689698676
121,24.2052789211,0.0,146.0,96775.0,15.8109998703,16.2099990845,0.839999973774,0.902232468128,0.196442365646,18.6658248901,34.0300185,108.756521,34.030040741,108.756607056,20.0,0.0294722071994,-0.0663558810746,-0.571564002052,-0.817338860504,0.107378937304,0.0528572276235,0.43617939949,0.0713723674417,-0.161556452513,10.6618881226,256.296293422
122,24.402268219,0.0,146.0,96772.0,15.8090000153,16.2900009155,0.839999973774,0.940760493279,0.220965981483,18.7337627411,34.0300186,108.7565212,34.030040741,108.756607056,20.0,0.0140461195184,-0.101365196352,-0.502776478309,-0.858337786912,0.321923822165,0.165301322937,0.394988536835,-3.16004681587,1.99137282372,15.2879638672,257.528624722
123,24.604255724,0.0,146.0,96769.7421875,15.7939996719,16.6000003815,0.839999973774,1.02769351006,0.2586568892,18.7916603088,34.0300189,108.7565217,34.030040741,108.756607056,20.0,-0.00151260297785,-0.139767911136,-0.426234303225,-0.893748936828,0.662211000919,0.25187510252,0.400649398565,0.0024295959156,-1.02159190178,12.2248630524,262.180400579
124,24.8012426376,0.0,146.0,96769.0,15.7889995575,16.7000007629,0.839999973774,1.19121301174,0.318571031094,18.8517990112,34.0300193,108.7565228,34.030040741,108.756607056,20.0,-0.00101642920376,-0.169177360361,-0.350563746041,-0.921131512498,1.12809586525,0.35152593255,0.374051660299,-1.304733634,1.26834094524,9.38451385498,263.676304656
125,25.0032318115,0.0,146.0,96767.2421875,15.7899999619,16.9200000763,0.839999973774,1.43495237827,0.39429807663,18.9106388092,34.03002,108.7565247,34.030040741,108.756607056,20.0,0.00992619922198,-0.182285072394,-0.275503095902,-0.943807001686,1.64236533642,0.444139182568,0.331838458776,-0.145006835461,-0.355224937201,7.78984117508,267.166800559
126,25.2012248516,0.0,146.0,96760.75,15.7790002823,16.9599990845,0.829999983311,1.7635614872,0.498506516218,18.9705562592,34.0300211,108.7565278,34.030040741,108.756607056,20.0,0.0265074227023,-0.188500152043,-0.203226413695,-0.960449928152,2.15639233589,0.562181174755,0.31646323204,-4.20244312286,0.810037434101,20.201789856,267.611830341
127,25.4032190323,0.0,146.0,96762.75,15.7709999084,16.9400005341,0.829999983311,2.19327163696,0.644552886486,19.0263996124,34.0300223,108.7565321,34.030040741,108.756607056,20.0,0.0398933513514,-0.17626514846,-0.136353695037,-0.974036386238,2.60954260826,0.726258397102,0.273165374994,-3.35297846794,-1.66302609444,19.7090930939,267.160746872
128,25.6052134514,0.0,146.0,96758.5,15.7620000839,16.6200008392,0.829999983311,2.7062458992,0.830942392349,19.0710201263,34.0300239,108.7565375,34.030040741,108.756607056,20.0,0.0540133042458,-0.14700992509,-0.129629291797,-0.979115376512,2.95472121239,0.909246146679,0.192378744483,-0.985459923744,-1.01880645752,9.4807844162,261.964454623
129,25.8072045326,0.0,146.0,96760.9921875,15.763999939,16.3099994659,0.829999983311,3.29962778091,1.06453156471,19.1081504822,34.030026,108.7565436,34.030040741,108.756607056,20.0,0.0278917464784,-0.114502255763,-0.125904269032,-0.985017536883,3.18325710297,1.05211246014,0.129989981651,-0.0486614890397,0.444233030081,6.53905963898,257.110830586
130,26.0041983604,0.0,146.0,96768.2421875,15.7650003433,15.9499998093,0.829999983311,3.89684224129,1.3047426939,19.1383323669,34.0300283,108.7565504,34.030040741,108.756607056,20.0,0.00871765941435,-0.0838732664028,-0.119793566054,-0.989211316898,3.31152415276,1.0660456419,0.0899565517902,-3.79645085335,0.762935817242,16.6476020813,251.451752469
131,26.206193256400002,0.0,146.0,96764.75,15.7749996185,15.6499996185,0.829999983311,4.55687570572,1.56240332127,19.169084549,34.0300309,108.7565576,34.030040741,108.756607056,20.0,0.00643209245443,-0.0505099120007,-0.115216881921,-0.992034607839,3.31897640228,1.00596761703,0.0967018976808,-1.93593239784,-0.214623093605,15.5299358368,246.878738012
132,26.404188442200002,0.0,146.0,96762.0,15.7790002823,15.470000267,0.829999983311,5.20513391495,1.81835126877,19.1887130737,34.0300333,108.7565651,34.030040741,108.756607056,20.0,0.00345477124554,-0.0153458986919,-0.108651962356,-0.99395545046,3.20513772964,0.94530326128,0.0559709221125,0.314726293087,0.748855888844,9.85445404053,244.10113858
133,26.606183815,0.0,146.0,96768.7421875,15.7910003662,15.6999998093,0.839999973774,5.87377786636,2.08001351357,19.1950626373,34.0300354,108.7565725,34.030040741,108.756607056,20.0,3.15416477544e-05,0.0301670230218,-0.0956308620964,-0.994959725566,2.95181512833,0.864900231361,0.0322444736958,-0.274731308222,2.89430594444,6.01819896698,247.918702738
134,26.8031831264,0.0,146.0,96765.75,15.7849998474,15.8800001144,0.829999983311,6.45008611679,2.29716897011,19.2012290955,34.0300375,108.7565795,34.030040741,108.756607056,20.0,-0.00550759738108,0.073298674795,-0.0780860984389,-0.994233156045,2.55747675896,0.75438696146,0.0666549876332,-1.76939630508,-1.52315664291,13.9538002014,250.665799383
135,27.005177784,0.0,146.0,96768.2421875,15.7860002518,15.9899997711,0.829999983311,6.98590898514,2.49685430527,19.2025508881,34.0300391,108.7565858,34.030040741,108.756607056,20.0,-0.0114102345391,0.0804272636774,-0.0543699403412,-0.995211173664,2.06223535538,0.614284813404,0.0652002096176,-0.247891917825,-0.379149109125,6.76760387421,252.418140413
136,27.2071652889,0.0,146.0,96765.25,15.7690000534,16.7900009155,0.829999983311,7.45590209961,2.66079950333,19.1971149445,34.0300403,108.756591,34.0301704407,108.756202698,20.0,-0.0120639716721,0.0749283775231,-0.0921642838064,-0.992847409812,1.58383071423,0.463349759579,0.032733887434,-1.02052986622,2.02618694305,15.3822660446,264.761525334
137,27.4041595936,0.0,146.0,96767.75,15.7740001678,17.1399993896,0.829999983311,7.81726169586,2.77274727821,19.1923027039,34.0300411,108.7565953,34.0301704407,108.756202698,20.0,0.0409067486163,0.111261560873,-0.156354397704,-0.980561561325,1.09255039692,0.363463580608,0.050422847271,-0.731018185616,-3.27093195915,14.3075714111,270.366353249
138,27.5861523628,0.0,146.0,96765.75,15.7620000839,17.6599998474,0.829999983311,8.0630645752,2.8578107357,19.1911792755,34.0300416,108.7565983,34.0301704407,108.756202698,20.0,0.0787416531548,0.124045653599,-0.224132388521,-0.963419552951,0.500157654285,0.37487757206,0.0834595859051,0.453150123358,2.12566685677,3.37428069115,278.356919077
139,27.804145622300002,0.0,146.0,96765.9921875,15.75,18.0200004578,0.829999983311,8.19295597076,2.94590711594,19.1876888275,34.0300418,108.7566,34.0301704407,108.756202698,20.0,0.105749776466,0.123174013308,-0.309113374202,-0.937066772305,-0.138244464993,0.465475380421,0.0671304091811,-0.850389003754,-0.459256023169,9.04472637177,283.81500721
140,28.0061369419,0.0,146.0,96766.5,15.734000206,18.2800006866,0.819999992847,8.19659519196,3.0209069252,19.1850471497,34.030042,108.7566002,34.0301704407,108.756202698,20.0,0.136421798417,0.116036011849,-0.386581747355,-0.904698393043,-0.768234968185,0.570412874222,0.0899820029736,0.217735692859,1.52014529705,5.19817066193,287.617534569
141,28.2031310081,0.0,146.0,96768.9921875,15.7220001221,18.3199996948,0.819999992847,8.06118392944,3.09318470955,19.1876144409,34.0300423,108.7565987,34.0301704407,108.756202698,20.0,0.152088053987,0.0982269262064,-0.461728292771,-0.868347684507,-1.39815723896,0.70426005125,0.098780632019,-0.239865526557,-0.63862323761,14.5567140579,288.027037438
142,28.4051251888,0.0,146.0,96767.75,15.7139997482,18.4400005341,0.819999992847,7.78562784195,3.1772749424,19.1829280853,34.0300427,108.7565956,34.0301704407,108.756202698,20.0,0.161532743904,0.0716073955212,-0.534576507318,-0.826442674613,-1.96534001827,0.857153832912,0.0936688408256,-0.24839822948,-0.347030550241,10.9734830856,289.76616375
143,28.602119970300002,0.0,146.0,96768.9921875,15.7030000687,18.6800003052,0.810000002384,7.37005329132,3.27099204063,19.1739082336,34.0300433,108.7565912,34.0301704407,108.756202698,20.0,0.167764187067,0.0471264301738,-0.600176053976,-0.780655602796,-2.45618796349,1.03329944611,0.0803734436631,0.0472258925438,0.812864303589,12.3927116394,293.332046075
144,28.8051143169,0.0,146.0,96764.4921875,15.6820001602,18.7999992371,0.810000002384,6.85533475876,3.38998675346,19.1692047119,34.0300443,108.7565856,34.0301704407,108.756202698,20.0,0.173453711319,0.0217629466971,-0.662721078912,-0.728176425397,-2.88679862022,1.23706138134,0.0985289365053,-1.20170521736,-3.10191059113,14.4144067764,294.821591048
145,29.0021100521,0.0,146.0,96759.25,15.6770000458,18.9699993134,0.810000002384,6.25595092773,3.53983283043,19.173910141,34.0300456,108.7565788,34.0301704407,108.756202698,20.0,0.180488188923,0.00685800874915,-0.717079393308,-0.673182115056,-3.28532958031,1.44830608368,0.136983290315,0.463494211435,-1.55064129829,4.04832077026,297.392680104
146,29.204103517500002,0.0,146.0,96762.2421875,15.6499996185,18.9099998474,0.800000011921,5.52199316025,3.74348950386,19.1825237274,34.0300474,108.756571,34.0301704407,108.756202698,20.0,0.177170062371,-0.0110033514977,-0.768352047363,-0.614918647532,-3.67660713196,1.68216013908,0.108052618802,-3.0777823925,-1.62071728706,15.5397758484,295.941490398
147,29.4060984135,0.0,146.0,96766.25,15.640999794,18.8600006104,0.800000011921,4.66948509216,4.00222301483,19.2037086487,34.0300496,108.7565623,34.0301704407,108.756202698,20.0,0.17582690026,-0.0260110065838,-0.814631673594,-0.552072022383,-4.04632854462,1.91592442989,0.143353104591,-2.07553744316,-4.02720737457,15.7478637695,294.989265661
148,29.6030881882,0.0,146.0,96763.9921875,15.6359996796,18.8999996185,0.790000021458,3.80174398422,4.29094219208,19.2213726044,34.0300523,108.7565528,34.0301704407,108.756202698,20.0,0.188142346373,-0.0371433695849,-0.853332701137,-0.484815662036,-4.36896848679,2.12720656395,0.152841508389,-1.19250488281,0.55032235384,13.2835092545,295.520387979
149,29.8050828457,0.0,146.0,96766.75,15.6300001144,19.1299991608,0.790000021458,2.8133764267,4.65769481659,19.2366104126,34.0300554,108.7565426,34.0301704407,108.756202698,20.0,0.203271368577,-0.0472793600136,-0.886605067079,-0.412767436821,-4.72829723358,2.37327861786,0.118870876729,-2.61882901192,-2.75185871124,15.1043748856,299.001889072
150,30.0030718327,0.0,146.0,96765.5,15.6319999695,19.4699993134,0.790000021458,1.76325321198,5.07209253311,19.2483997345,34.0300591,108.7565315,34.0301704407,108.756202698,20.0,0.209151170046,-0.0529370054438,-0.914480423702,-0.34231457519,-5.11745405197,2.66004228592,0.108428329229,-1.46417951584,-1.27420222759,9.35502815247,304.355028672
151,30.2050664902,0.0,146.0,96760.5,15.6199998856,19.6800003052,0.790000021458,0.593748688698,5.56725072861,19.2520198822,34.0300634,108.7565198,34.0301704407,108.756202698,20.0,0.218632114155,-0.0561284807169,-0.936535995968,-0.268234618995,-5.55943059921,2.93194794655,0.0536130405962,-4.31542062759,0.325927108526,18.4663105011,307.401602515
152,30.4020622253,0.0,146.0,96760.5,15.609000206,19.7900009155,0.790000021458,-0.658372342587,6.12631845474,19.2590885162,34.0300683,108.7565071,34.0301704407,108.756202698,20.0,0.210554365073,-0.0608186768496,-0.955147433141,-0.199151572087,-6.00540542603,3.18891716003,0.0630189776421,-3.11517715454,2.96235108376,10.1332607269,308.902128367
153,30.6040468693,0.0,146.0,96756.2421875,15.5920000076,19.6800003052,0.77999997139,-1.95363306999,6.72599887848,19.2737007141,34.0300737,108.7564936,34.0301704407,108.756202698,20.0,0.172049636477,-0.0587273502265,-0.967931246644,-0.173375571062,-6.33351135254,3.40680551529,0.0689708217978,-2.35923361778,1.2755177021,7.82976055145,306.850564908
154,30.806040573100002,0.0,146.0,96759.0,15.5909996033,18.8500003815,0.77999997139,-3.29419898987,7.37291431427,19.2976379395,34.0300796,108.7564793,34.0301704407,108.756202698,20.0,0.148732034784,-0.0450258575858,-0.971719278948,-0.177801032303,-6.5384812355,3.53486323357,0.0761018395424,-2.90838217735,-1.32728469372,13.4489469528,293.890348469
155,31.0030305862,0.0,146.0,96752.0,15.6059999466,17.6100006104,0.77999997139,-4.69804811478,8.06861972809,19.3371047974,34.0300858,108.7564645,34.0301704407,108.756202698,20.0,0.114628830651,-0.0282795528024,-0.975364812756,-0.186344198496,-6.6826877594,3.62421131134,0.15326654911,-3.28176808357,-1.32191359997,13.4558238983,274.821668585
156,31.2010248184,0.0,146.0,96749.25,15.6160001755,16.4300003052,0.790000021458,-6.12656545639,8.78876113892,19.391960144,34.0300924,108.7564495,34.0301704407,108.756202698,20.0,0.102255192912,-0.014545230401,-0.976123287442,-0.191090523694,-6.73977518082,3.63406300545,0.162772729993,0.546076238155,2.64781975746,4.13837242126,256.570887649
157,31.4030180454,0.0,146.0,96754.75,15.623000145,15.3100004196,0.77999997139,-7.53712701797,9.50673294067,19.4500484467,34.030099,108.7564343,34.0301704407,108.756202698,20.0,0.10436108654,-0.00186325948911,-0.975970715851,-0.191276222709,-6.8007311821,3.611941576,0.171391263604,-1.24992585182,-1.61744201183,6.85823535919,239.188138775
158,31.6050103188,0.0,146.0,96754.5,15.6490001678,14.3299999237,0.790000021458,-8.99458599091,10.2432785034,19.5042476654,34.0301057,108.756419,34.0301704407,108.756202698,20.0,0.0741870144578,0.0133790481761,-0.979196214167,-0.18839405262,-6.83747196198,3.54655504227,0.0800434798002,-3.30157256126,-1.83254337311,13.5743923187,224.250171211
159,31.801999855000002,0.0,146.0,96748.5,15.6660003662,13.75,0.790000021458,-10.48624897,10.9917888641,19.5441532135,34.0301124,108.7564038,34.0301704407,108.756202698,20.0,0.0174160778045,0.0258207777709,-0.982439287719,-0.183964545282,-6.76574230194,3.39025998116,0.0342760793865,-2.57449269295,0.999088644981,12.124007225,215.407505035
160,32.003994274099995,0.0,146.0,96749.25,15.6870002747,13.4600000381,0.790000021458,-11.8327102661,11.6623487473,19.5866909027,34.0301189,108.7563888,34.0301704407,108.756202698,20.0,-0.0250047117215,0.0387665362587,-0.982288064827,-0.18160988515,-6.54027605057,3.18967080116,0.025948131457,-2.09045815468,-0.891991198063,8.42583560944,211.147024295
161,32.2069886208,0.0,146.0,96752.5,15.7100000381,12.8100004196,0.790000021458,-13.18501091,12.3382587433,19.6308269501,34.0301251,108.7563743,34.0301704407,108.756202698,20.0,-0.0246818214224,0.0565581731058,-0.982554053588,-0.175441398842,-6.2521572113,2.96031498909,0.00264795986004,-3.61892461777,0.625520467758,21.622335434,201.245107081
162,32.4039817333,0.0,146.0,96750.75,15.7220001221,12.3199996948,0.800000011921,-14.4516572952,12.9598197937,19.6594276428,34.0301309,108.7563606,34.0301704407,108.756202698,20.0,-0.0301118580655,0.0604243983501,-0.984340447762,-0.162837425942,-5.98659801483,2.71445155144,-0.0592984631658,-0.330706298351,-3.13460683823,15.9923973083,193.695036706
163,32.605976390799995,0.0,146.0,96750.25,15.732000351,12.3299999237,0.800000011921,-15.7189455032,13.5629796982,19.657289505,34.0301362,108.7563477,34.0301704407,108.756202698,20.0,-0.0420684310065,0.0594299678256,-0.985975071135,-0.150171539321,-5.67819356918,2.42280817032,-0.150885418057,-2.14861297607,-1.35547864437,16.3192825317,193.975563127
164,32.8029764175,0.0,146.0,96754.5,15.7460002899,12.4499998093,0.800000011921,-16.8119449615,14.0681056976,19.6441059113,34.0301411,108.7563357,34.0301704407,108.756202698,20.0,-0.0425686255241,0.0530060232131,-0.987714935188,-0.14070329195,-5.32676649094,2.17111754417,-0.247627034783,-0.0622276961803,-5.14769268036,10.3980360031,196.037700606
165,33.004965352999996,0.0,146.0,96753.5,15.7430000305,13.1099996567,0.800000011921,-17.8757286072,14.5525169373,19.6056747437,34.0301455,108.7563244,34.0301704407,108.756202698,20.0,-0.0484082694426,0.0500567469453,-0.988085785308,-0.137249484155,-4.95883989334,1.91790938377,-0.327113568783,-3.14574193954,1.37715756893,11.4637022018,206.390724995
166,33.181956100499995,0.0,146.0,96762.7421875,15.7399997711,13.7299995422,0.800000011921,-18.8235397339,14.9800281525,19.5756530762,34.0301494,108.7563141,34.0301704407,108.756202698,20.0,-0.0435047485178,0.0475799964475,-0.988634200101,-0.135816154131,-4.60433769226,1.68320477009,-0.353940784931,-3.43292355537,2.01592540741,9.21634960175,216.110189652
167,33.4039500237,0.0,146.0,96761.5,15.7469997406,14.2600002289,0.800000011921,-19.7080135345,15.3691444397,19.5398635864,34.0301529,108.7563047,34.0301704407,108.756202698,20.0,-0.027285427184,0.0507192593486,-0.98961904551,-0.131670547964,-4.24802303314,1.43539583683,-0.349701046944,0.437905788422,3.36252427101,5.40264749527,224.552219905
168,33.601943778999996,0.0,146.0,96765.5,15.734000206,14.8400001526,0.800000011921,-20.515750885,15.7121191025,19.4937133789,34.0301558,108.756296,34.0301704407,108.756202698,20.0,-0.0231318868734,0.0543198119333,-0.990647091439,-0.123015102567,-3.94801545143,1.23797023296,-0.309837013483,0.973891556263,-1.10741519928,8.24533843994,233.492565458
169,33.8039372444,0.0,146.0,96764.2421875,15.7229995728,15.2600002289,0.800000011921,-21.2544975281,15.9995889664,19.4381847382,34.0301583,108.7562883,34.0301704407,108.756202698,20.0,-0.0142506265641,0.0585333298435,-0.99187503987,-0.112047438913,-3.68532299995,1.00339686871,-0.246085062623,-1.95194911957,-0.660044848919,15.3561582565,239.932977079
170,34.0059297562,0.0,146.0,96764.2421875,15.7110004425,15.5799999237,0.800000011921,-21.8912601471,16.2218265533,19.3774814606,34.0301604,108.7562811,34.0301704407,108.756202698,20.0,-0.00890656290646,0.0511962497211,-0.993962826158,-0.0966311332521,-3.46386265755,0.801325678825,-0.228738203645,-1.97208797932,-1.56581234932,17.8086452484,244.777385696
171,34.202923584,0.0,146.0,96768.9921875,15.7019996643,15.9399995804,0.800000011921,-22.5062923431,16.4108829498,19.3117389679,34.030162,108.7562746,34.0301704407,108.756202698,20.0,-0.00395986237081,0.0486373077651,-0.99548833134,-0.0813746905876,-3.2488451004,0.624753654003,-0.230233997107,-0.198233291507,-0.841225922108,6.11360502243,250.28986806
172,34.4049172878,0.0,146.0,96765.0,15.6929998398,16.3500003815,0.800000011921,-23.0675601959,16.5519390106,19.2530574799,34.0301632,108.7562684,34.0301704407,108.756202698,20.0,-0.00424981293223,0.0397554323751,-0.996910871771,-0.0676043036547,-3.06858038902,0.455651909113,-0.200571522117,-2.09576225281,-0.767527699471,12.0966796875,256.580553367
173,34.6069119453,0.0,146.0,96768.2421875,15.6949996948,16.6399993896,0.800000011921,-23.5991477966,16.6571617126,19.2074680328,34.0301641,108.7562629,34.0301704407,108.756202698,20.0,-0.00924609528389,0.0288715487537,-0.997834267075,-0.0583765462012,-2.87283658981,0.332797825336,-0.127609074116,-3.42270350456,-1.43574750423,18.1583766937,261.164785342
174,34.8049049854,0.0,146.0,96774.5,15.6870002747,16.8999996185,0.800000011921,-24.0430259705,16.7270565033,19.1711883545,34.0301647,108.7562577,34.0301704407,108.756202698,20.0,-0.00868398935075,0.0200337484306,-0.998330799097,-0.053468587839,-2.67397522926,0.265287995338,-0.0145359905437,1.03795087337,0.0250276494771,5.68779373169,265.110298658
175,35.006898212399996,0.0,146.0,96773.0,15.6840000153,16.8299999237,0.800000011921,-24.4588699341,16.7773571014,19.1396808624,34.0301651,108.7562529,34.0301704407,108.756202698,20.0,-0.00955957020759,0.0146807313665,-0.998463603817,-0.052569384826,-2.48336601257,0.210189446807,0.0397081486881,-1.35088968277,-0.138788789511,13.8427820206,263.96171906
176,35.2038915634,0.0,146.0,96775.25,15.6770000458,16.7099990845,0.800000011921,-24.8483161926,16.8072624207,19.1126804352,34.0301653,108.7562485,34.0301704407,108.756202698,20.0,-0.00745824790782,0.00841352293989,-0.998378045714,-0.0558114047072,-2.3010892868,0.177798703313,0.0758967325091,-1.22616040707,-0.646944224834,12.0574388504,261.962656412
177,35.405886220899994,0.0,146.0,96771.0,15.6809997559,16.5799999237,0.800000011921,-25.2053031921,16.8226089478,19.094379425,34.0301655,108.7562444,34.0301704407,108.756202698,20.0,-0.00781510276346,0.00030147805376,-0.998060764239,-0.0617541103472,-2.12802386284,0.170470312238,0.117463752627,-0.194892004132,0.365537434816,10.1438264847,259.990974756
178,35.602885055499996,0.0,146.0,96769.2421875,15.6909999847,16.4799995422,0.800000011921,-25.5216426849,16.8316020966,19.080657959,34.0301656,108.7562406,34.0301704407,108.756202698,20.0,-0.00718897906015,-0.00117461982638,-0.997559301035,-0.0694448143824,-1.95994269848,0.177078574896,0.148174285889,-0.730602800846,-0.816026866436,14.0682640076,258.587672566
179,35.804878997799996,0.0,146.0,96773.0,15.6859998703,16.3799991608,0.800000011921,-25.8280906677,16.8381519318,19.0716972351,34.0301656,108.7562372,34.0301704407,108.756202698,20.0,-0.00865467918106,-0.00414621301514,-0.99682329062,-0.0790650432892,-1.79055416584,0.18777321279,0.189077377319,0.90307945013,0.595858693123,7.79928922653,256.936664711
180,36.0018718719,0.0,146.0,96769.9921875,15.6759996414,16.25,0.800000011921,-26.095911026,16.8427467346,19.0724182129,34.0301657,108.7562341,34.0301704407,108.756202698,20.0,-0.011437128509,-0.00542381306823,-0.995828498554,-0.090362379592,-1.62671172619,0.206545978785,0.177324861288,-0.286640524864,0.766272544861,11.7609357834,254.734994173
181,36.2048655033,0.0,146.0,96769.9921875,15.6739997864,16.7999992371,0.790000021458,-26.3220348358,16.8445453644,19.0756988525,34.0301658,108.7562312,34.0301513672,108.756919861,20.0,-0.00771905898606,-0.00788481068745,-0.995255975764,-0.0966645135562,-1.47524297237,0.22228975594,0.206206440926,0.655179738998,-0.0686173141003,6.54388189316,263.323184453
182,36.3818548203,0.0,146.0,96770.2421875,15.6700000763,16.8899993896,0.800000011921,-26.5302696228,16.8492145538,19.0897407532,34.0301658,108.7562286,34.0301513672,108.756919861,20.0,-0.0230507410192,-0.00795477248034,-0.987800282556,-0.153805187719,-1.30665075779,0.22481842339,0.23509965837,0.377023071051,-1.56884539127,9.92240905762,264.666291724
183,36.6038487434,0.0,146.0,96767.25,15.6840000153,16.9599990845,0.800000011921,-26.7077827454,16.8508358002,19.1123104095,34.0301661,108.7562263,34.0301513672,108.756919861,20.0,-0.0693425318836,-0.0161637088965,-0.969609112683,-0.234069730316,-1.01993441582,0.225129023194,0.256023794413,-2.43932509422,-1.53821337223,20.8500614166,266.0006259
184,36.800843763399996,0.0,146.0,96771.5,15.670999527,17.1800003052,0.800000011921,-26.8206729889,16.8568191528,19.136472702,34.0301663,108.7562245,34.0301513672,108.756919861,20.0,-0.113316949405,-0.0342088952573,-0.945031346561,-0.304802847417,-0.590376198292,0.194642439485,0.233338534832,-0.263274371624,-0.409813225269,6.04162836075,269.227776656
185,37.002828407299994,0.0,146.0,96768.9921875,15.6599998474,17.2000007629,0.790000021458,-26.8462696075,16.8609580994,19.1610774994,34.0301665,108.7562235,34.0301513672,108.756919861,20.0,-0.136397643663,-0.050956920159,-0.913865353668,-0.37901080359,-0.0541876219213,0.160764485598,0.191176146269,-1.31369590759,-0.88626742363,11.416674614,269.352009323
186,37.2058222771,0.0,146.0,96768.25,15.654999733,17.2700004578,0.790000021458,-26.763502121,16.8636245728,19.1844749451,34.0301667,108.7562237,34.0301513672,108.756919861,20.0,-0.135298027117,-0.0696624554397,-0.879272779843,-0.451354646801,0.56838786602,0.139514103532,0.180574014783,2.61916923523,0.0220477022231,6.92106389999,270.361852555
187,37.402817297,0.0,146.0,96767.5,15.6520004272,17.4200000763,0.790000021458,-26.56731987,16.8738040924,19.2082042694,34.0301668,108.7562251,34.0301513672,108.756919861,20.0,-0.131807891373,-0.0806872886593,-0.837540709006,-0.52406296542,1.18505752087,0.128277376294,0.172749608755,1.36451351643,-0.893159151077,5.812728405,272.657848637
188,37.604810047099996,0.0,146.0,96763.2421875,15.6499996185,17.4200000763,0.790000021458,-26.2528610229,16.8783397675,19.2322444916,34.0301669,108.7562277,34.0301513672,108.756919861,20.0,-0.129416041915,-0.0911036662662,-0.783160316246,-0.601341488095,1.78480422497,0.0649057924747,0.126538798213,0.614687025547,2.06170010567,1.20823574066,272.622994549
189,37.8017998219,0.0,146.0,96757.4921875,15.642999649,17.5100002289,0.800000011921,-25.8236293793,16.8658180237,19.2504024506,34.0301668,108.7562318,34.0301513672,108.756919861,20.0,-0.121154304059,-0.10872765217,-0.72400692987,-0.67030885244,2.36294674873,-0.0412714965642,0.0817187279463,0.986152648926,2.5275478363,4.18721294403,273.908927435
190,38.003794002499994,0.0,146.0,96749.25,15.6479997635,17.5599994659,0.790000021458,-25.287940979,16.83045578,19.2746124268,34.0301666,108.7562372,34.0301513672,108.756919861,20.0,-0.104389388149,-0.119431197987,-0.661115816088,-0.7333246366,2.93365955353,-0.153223901987,0.0869758427143,1.50396490097,0.341482132673,-0.230719611049,274.77886749
191,38.2057884216,0.0,146.0,96743.7421875,15.6400003433,17.5499992371,0.790000021458,-24.6046848297,16.7711467743,19.3193378448,34.0301661,108.7562439,34.0301513672,108.756919861,20.0,-0.0891780979299,-0.136448438518,-0.59711431724,-0.785419397863,3.46989703178,-0.245473280549,0.0737341940403,-1.40035045147,0.760108590126,14.5715513229,274.481994093
192,38.402781534199995,0.0,146.0,96741.5,15.6359996796,17.4200000763,0.790000021458,-23.8698577881,16.6976165771,19.3778305054,34.0301654,108.7562516,34.0301513672,108.756919861,20.0,-0.0765553907554,-0.14767597964,-0.532648310072,-0.829829489992,3.95209574699,-0.303899437189,0.0410168506205,-1.19596946239,1.41668319702,10.8906879425,272.379115611
193,38.600776243199995,0.0,146.0,96743.5,15.6459999084,16.9500007629,0.790000021458,-23.0008163452,16.6005935669,19.4560012817,34.0301645,108.7562605,34.0301513672,108.756919861,20.0,-0.061855194295,-0.159702443251,-0.466706109535,-0.867671880864,4.41048908234,-0.37922039628,0.0580211803317,-0.419023454189,0.282953202724,12.0895490646,265.199710385
194,38.802770185499995,0.0,146.0,96748.25,15.6339998245,16.5799999237,0.77999997139,-22.0610408783,16.4834957123,19.5290470123,34.0301636,108.7562704,34.0301513672,108.756919861,20.0,-0.0428584927796,-0.175121699191,-0.396032019096,-0.900363400013,4.81919717789,-0.444974720478,0.00755836581811,-1.15586817265,0.355623424053,11.0522136688,259.211715898
195,39.0047646046,0.0,146.0,96756.75,15.6300001144,16.5699996948,0.790000021458,-20.9850826263,16.3548221588,19.5757408142,34.0301625,108.7562811,34.0301513672,108.756919861,20.0,-0.021942776763,-0.196069046418,-0.322195482025,-0.92588641458,5.22550821304,-0.446438908577,-0.107356019318,-0.525772213936,-0.404159188271,6.20991802216,258.989097126
196,39.2017596245,0.0,146.0,96749.75,15.6339998245,16.6599998474,0.77999997139,-19.9038105011,16.2355003357,19.5981388092,34.0301613,108.7562927,34.0301513672,108.756919861,20.0,-0.00433394989566,-0.213032541814,-0.24531008408,-0.945738444239,5.63997745514,-0.437279999256,-0.0732585713267,-0.0549829006195,0.399051785469,12.8596172333,260.462434691
197,39.4037545204,0.0,146.0,96755.25,15.6300001144,16.6299991608,0.77999997139,-18.6808166504,16.104019165,19.60572052,34.0301601,108.7563052,34.0301513672,108.756919861,20.0,0.0166331273243,-0.224137593657,-0.163325570741,-0.96063023237,6.09841585159,-0.388765692711,-0.0950827151537,-1.72662508488,1.86885631084,15.4228210449,259.926888786
198,39.6017497063,0.0,146.0,96753.75,15.6330003738,16.4500007629,0.77999997139,-17.3277301788,15.9727134705,19.61510849,34.030159,108.7563187,34.0301513672,108.756919861,20.0,0.0406473057877,-0.206962478934,-0.0889687097523,-0.973446962562,6.55210638046,-0.324407398701,-0.0794961825013,-1.16568529606,-0.394662052393,4.16392660141,257.162868077
199,39.803744125399994,0.0,146.0,96754.2421875,15.6319999695,15.8299999237,0.77999997139,-16.0001678467,15.8664484024,19.6185722351,34.0301579,108.7563331,34.0301513672,108.756919861,20.0,0.0626560318319,-0.18095169889,-0.0186742570508,-0.981316453528,6.87568426132,-0.217810973525,-0.118795245886,-2.73727250099,1.98365259171,16.529542923,247.454558324
200,40.0057380676,0.0,146.0,96757.75,15.6330003738,15.5200004578,0.77999997139,-14.5479183197,15.7796840668,19.6121520996,34.0301571,108.7563482,34.0301513672,108.756919861,20.0,0.0768977838502,-0.143781998061,0.0242169890985,-0.986319958796,7.1250667572,-0.04219988361,-0.0811977535486,-4.00135946274,2.74923872948,5.55577373505,242.624172958
201,40.2027318954,0.0,146.0,96753.25,15.640999794,14.8500003815,0.790000021458,-13.0884914398,15.7304182053,19.6127338409,34.0301566,108.7563638,34.0301513672,108.756919861,20.0,0.0750456985443,-0.112666565581,0.0163443371183,-0.990660030521,7.26344823837,0.149836838245,-0.0526844039559,-1.85023510456,0.752782344818,2.49869847298,232.268852908
202,40.404725599299994,0.0,146.0,96753.75,15.6680002213,14.2399997711,0.790000021458,-11.5744628906,15.7231082916,19.6210441589,34.0301565,108.7563796,34.0301513672,108.756919861,20.0,0.0605896469235,-0.0975846833092,0.00684186650617,-0.99335763956,7.32107543945,0.335213571787,-0.0431148223579,-4.09612083435,1.65065574646,2.11589193344,223.112319565
203,40.601713466599996,0.0,146.0,96753.9921875,15.6820001602,13.6999998093,0.790000021458,-10.05265522,15.7490406036,19.6269454956,34.0301568,108.7563958,34.0301513672,108.756919861,20.0,0.049136763725,-0.104631608721,0.00108494417437,-0.993295936574,7.32513093948,0.440269380808,-0.0979370623827,-1.78173899651,-2.27743649483,12.5251874924,214.843399204
204,40.803707408899996,0.0,146.0,96753.75,15.6899995804,13.4300003052,0.790000021458,-8.55847167969,15.7953710556,19.6173858643,34.0301575,108.7564117,34.0301513672,108.756919861,20.0,0.0385298665578,-0.109055658042,-0.000626175728326,-0.993288476582,7.34944820404,0.504688203335,-0.173313349485,-0.91397190094,0.398518323898,12.2460918427,210.716699153
205,41.001707839999995,0.0,146.0,96755.75,15.6859998703,13.5500001907,0.790000021458,-7.03132009506,15.8678350449,19.6052379608,34.0301584,108.7564276,34.0301513672,108.756919861,20.0,0.0274212085249,-0.110461205391,-0.000932246142212,-0.993501739635,7.36473226547,0.547652482986,-0.229376778007,-0.655292332172,-2.45036959648,1.1306385994,212.545301234
206,41.2037008286,0.0,146.0,96757.0,15.6940002441,13.4600000381,0.790000021458,-5.54143333435,15.955488205,19.5974597931,34.0301593,108.7564435,34.0301513672,108.756919861,20.0,0.0174430053602,-0.110030422452,0.000316480685468,-0.993775104095,7.40652513504,0.531207442284,-0.193125143647,-2.00795674324,1.25030088425,7.60891151428,211.241243885
207,41.4056900024,0.0,146.0,96755.0,15.7019996643,13.4200000763,0.790000021458,-3.97607755661,16.0540924072,19.5820808411,34.0301603,108.7564594,34.0301513672,108.756919861,20.0,0.00641301705421,-0.109995250907,0.00246892023892,-0.99390837243,7.44816350937,0.493902802467,-0.178850889206,-0.840470850468,-4.32876968384,19.123418808,210.720836693
208,41.6026840687,0.0,146.0,96755.9921875,15.7089996338,13.5,0.790000021458,-2.53017354012,16.144329071,19.5705394745,34.0301613,108.7564753,34.0301513672,108.756919861,20.0,-0.00104611112182,-0.109379696185,0.00471151190134,-0.993988325002,7.48149442673,0.43110910058,-0.16147698462,-0.940309584141,-3.58546471596,14.9227142334,212.071495056
209,41.804677534099994,0.0,146.0,96750.25,15.7130002975,13.3699998856,0.800000011921,-0.972285091877,16.2306499481,19.5611534119,34.0301622,108.7564913,34.0301513672,108.756919861,20.0,-0.00463843453437,-0.112149028623,0.00347542912821,-0.993674499568,7.50947570801,0.313654720783,-0.157666385174,-0.469723492861,-1.39168059826,13.6178712845,210.08281218
210,42.0016718388,0.0,146.0,96759.25,15.7170000076,13.3299999237,0.800000011921,0.550517916679,16.2976703644,19.5525112152,34.0301628,108.7565074,34.0301513672,108.756919861,20.0,-0.00635995944029,-0.114393258744,0.00458983394968,-0.993404633297,7.5262503624,0.214140921831,-0.136397317052,0.382262736559,1.70615649223,1.79851520061,209.507608903
211,42.2046559334,0.0,146.0,96755.25,15.7239999771,13.3599996567,0.800000011921,2.00104999542,16.343290329,19.5450286865,34.0301634,108.7565235,34.0301513672,108.756919861,20.0,-0.00759952986514,-0.11650681783,0.0102399983142,-0.993108045924,7.54056739807,0.140694603324,-0.162505730987,-0.344895601273,-3.04129695892,6.64248228073,210.072634296
212,42.4016499996,0.0,146.0,96758.2421875,15.7239999771,13.3900003433,0.800000011921,3.49158072472,16.3756065369,19.5317382812,34.0301636,108.7565395,34.0301513672,108.756919861,20.0,-0.00828492718398,-0.112976961315,0.0144249696371,-0.993458412675,7.55513715744,0.0359989888966,-0.196006581187,-2.44985294342,-3.83053326607,10.4031381607,210.544365092
213,42.603644180299995,0.0,146.0,96758.2421875,15.7259998322,13.6700000763,0.800000011921,5.01673221588,16.3858394623,19.5151481628,34.0301639,108.7565557,34.0301513672,108.756919861,20.0,-0.00817284290872,-0.115128816081,0.0173508881544,-0.993165492078,7.5855474472,-0.0523599199951,-0.179416432977,0.546214640141,-4.82106256485,9.50793838501,214.974418905
214,42.8056371689,0.9,187.0,96755.75,15.7349996567,13.6700000763,0.800000011921,6.55298233032,16.3828849792,19.4980258942,34.0301638,108.7565718,34.0301513672,108.756919861,20.0,-0.00397089167423,-0.113388925686,0.0194506862941,-0.993352329057,7.61710643768,-0.144484639168,-0.170316711068,-1.48465037346,-1.09770834446,17.5393047333,215.097446507
215,43.002630042999996,0.9,187.0,96760.5,15.7170000076,13.7299995422,0.790000021458,8.05664348602,16.3618373871,19.4793300629,34.0301636,108.7565881,34.0301513672,108.756919861,20.0,-0.00626440199801,-0.111264698179,0.0210770067376,-0.993547595407,7.64545059204,-0.201764732599,-0.162761792541,-2.10428786278,1.95479512215,9.40642929077,215.79440291
216,43.1996248245,0.9,187.0,96760.0,15.7069997787,13.9799995422,0.790000021458,9.6423997879,16.3194026947,19.4571018219,34.0301633,108.7566044,34.0301513672,108.756919861,20.0,0.000848152642721,-0.11350918645,0.020512112527,-0.993324849312,7.67349052429,-0.289875030518,-0.182345464826,-1.28025281429,2.60245108604,2.68705439568,219.583849717
217,43.4026182175,0.9,187.0,96762.2421875,15.6850004196,14.279999733,0.77999997139,11.1147079468,16.2660140991,19.4359226227,34.0301629,108.7566208,34.0301513672,108.756919861,20.0,0.00378353839589,-0.113457983297,0.0191044077867,-0.993351991883,7.68539905548,-0.326207667589,-0.187640070915,-1.11252701283,-1.05852282047,10.8792762756,223.981801804
218,43.6046121597,0.9,187.0,96757.25,15.6770000458,14.3599996567,0.790000021458,12.6618890762,16.2015457153,19.417640686,34.0301623,108.7566372,34.0301513672,108.756919861,20.0,0.00954929576081,-0.10813512609,0.0184772626809,-0.993918614114,7.70051431656,-0.377859443426,-0.0957616493106,-1.70669734478,1.30744838715,14.2018957138,225.121715275
219,43.781605768199995,1.1,170.0,96759.5,15.6789999008,14.1899995804,0.790000021458,14.1787185669,16.1324939728,19.4142837524,34.0301617,108.7566537,34.0301513672,108.756919861,20.0,0.0104749406529,-0.107487471274,0.0200158755326,-0.993949802782,7.71753644943,-0.381888151169,-0.040246963501,-1.89073336124,1.71587777138,15.0280580521,222.485002013
220,44.003602314,1.1,170.0,96762.5,15.7030000687,13.9399995804,0.790000021458,15.7722272873,16.0564346313,19.4207572937,34.030161,108.7566703,34.0301513672,108.756919861,20.0,0.0126302040452,-0.109215376159,0.0217492911182,-0.993699956264,7.74859809875,-0.38275372982,-0.0232368521392,-2.39693236351,0.932193279266,14.2432918549,218.899814368
221,44.2056003094,1.1,170.0,96758.25,15.7060003281,13.6999998093,0.790000021458,17.2520675659,15.9824581146,19.4175987244,34.0301604,108.7566868,34.0301513672,108.756919861,20.0,0.0173075532916,-0.0878814975507,0.0217419154197,-0.995743277627,7.74100255966,-0.387715935707,-0.0228886418045,-3.76561975479,-2.48807477951,16.1481571198,215.172201499
222,44.402595806099995,1.1,170.0,96762.7421875,15.7100000381,13.5399999619,0.790000021458,18.7944030762,15.9075202942,19.4213943481,34.0301598,108.7567033,34.0301513672,108.756919861,20.0,0.0151788806095,-0.0449253808161,0.020949470374,-0.998655371978,7.61212682724,-0.371742576361,0.0171902365983,0.80200278759,-2.57380533218,3.8790409565,212.713399917
223,44.599590110799994,1.1,170.0,96755.5,15.7049999237,13.1000003815,0.790000021458,20.3375148773,15.8346033096,19.4366798401,34.0301592,108.7567197,34.0301513672,108.756919861,20.0,0.017429308293,-0.00315379401488,0.0194712539562,-0.999653535791,7.36744880676,-0.369349241257,-0.00768056465313,-2.86602330208,4.64020824432,19.5180969238,205.735504992
224,44.802581834799994,1.0,142.0,96759.0,15.7189998627,12.9300003052,0.790000021458,21.720117569,15.7700634003,19.4465065002,34.0301586,108.7567357,34.0301513672,108.756919861,20.0,0.0221916018784,0.00967105471344,0.0170932866163,-0.999560854871,7.04506349564,-0.348677545786,-0.0252775494009,-0.154377713799,1.56957626343,7.38859891891,203.246673021
225,44.9845769882,1.0,142.0,96760.5,15.7209997177,12.8199996948,0.790000021458,23.1231269836,15.7048168182,19.4466247559,34.030158,108.7567511,34.0301513672,108.756919861,20.0,0.019346432113,0.0110254245925,0.0165094263239,-0.999615772215,6.70972394943,-0.300513267517,-0.10560477525,-1.97091078758,-4.09596729279,15.9113578796,201.543211583
226,45.206572103499994,1.0,142.0,96757.7421875,15.7189998627,13.0200004578,0.790000021458,24.4311599731,15.6447639465,19.4341182709,34.0301574,108.7567656,34.0301513672,108.756919861,20.0,0.0207267545726,0.014920046276,0.0163070371574,-0.999540835118,6.37097072601,-0.290728956461,-0.133945703506,-3.01498770714,2.72204852104,11.2731571198,204.661385408
227,45.403565692899996,1.0,142.0,96761.4921875,15.720000267,13.3199996948,0.790000021458,25.7015609741,15.5862379074,19.4081077576,34.0301569,108.7567794,34.0301513672,108.756919861,20.0,0.0180324798269,0.0167117357242,0.0145102748585,-0.999592465007,6.012114048,-0.273485273123,-0.204502850771,-3.29034376144,0.38620454073,17.6565990448,209.390398759
228,45.605560827299996,1.0,142.0,96762.2421875,15.7159996033,13.7600002289,0.790000021458,26.8961753845,15.5285167694,19.384355545,34.0301564,108.7567923,34.0301513672,108.756919861,20.0,0.0215988521303,0.0218500626792,0.0119213625419,-0.999456836449,5.61615467072,-0.272825688124,-0.165889263153,-1.29864287376,3.37584757805,0.60657954216,216.252158138
229,45.8025582314,0.0,146.0,96759.5,15.7100000381,14.1000003815,0.790000021458,27.9816322327,15.4699420929,19.3657436371,34.0301559,108.7568044,34.0301513672,108.756919861,20.0,0.0250695269891,0.0236552908044,0.00816637336747,-0.999372500605,5.24303865433,-0.264133960009,-0.158043086529,-1.44393515587,0.469322174788,6.71374320984,221.511006531
230,46.0055528164,0.0,146.0,96758.0,15.7019996643,14.4099998474,0.790000021458,29.0140743256,15.4114351273,19.3495578766,34.0301553,108.7568157,34.0301513672,108.756919861,20.0,0.0310149776073,0.0256701944898,0.00428962194774,-0.999180058095,4.86025285721,-0.239919692278,-0.13390699029,-0.119759969413,-1.68092799187,7.16455411911,226.265812767
231,46.2025464058,0.0,146.0,96770.4921875,15.6949996948,14.6999998093,0.790000021458,29.9688835144,15.3580503464,19.3305168152,34.0301548,108.756826,34.0301513672,108.756919861,20.0,0.0282003784658,0.0239709346444,0.00246217674316,-0.99931185129,4.49832773209,-0.2068272084,-0.16036491096,-0.660030722618,1.59493041039,1.44414699078,230.71649252
232,46.4045401096,0.0,146.0,96769.75,15.6800003052,14.970000267,0.790000021458,30.8198947906,15.3103666306,19.3002948761,34.0301544,108.7568355,34.0301513672,108.756919861,20.0,0.0335896358927,0.0231909988163,0.00239954652627,-0.999163747264,4.15844869614,-0.175943434238,-0.167799323797,0.945127308369,-0.226157978177,4.86485719681,234.729608755
233,46.606534528699996,0.0,146.0,96768.9921875,15.6750001907,15.4899997711,0.790000021458,31.5993537903,15.2647724152,19.2572441101,34.0301541,108.7568443,34.0301513672,108.756919861,20.0,0.0333029711391,0.0264203091177,0.00142068596961,-0.999095090048,3.82768416405,-0.136555761099,-0.144638761878,-3.09262657166,-0.70755147934,18.107667923,242.805749367
234,46.8035283566,0.0,146.0,96771.5,15.670999527,16.0100002289,0.790000021458,32.3238182068,15.23391819,19.2127151489,34.0301538,108.7568522,34.0301513672,108.756919861,20.0,0.0311606524269,0.0225468342862,0.0030184308498,-0.9992555431,3.48338317871,-0.0851721689105,-0.116583444178,-2.19663619995,-2.2845723629,11.1391849518,250.892706014
235,47.0015161514,0.0,146.0,96764.75,15.6689996719,16.4300003052,0.790000021458,32.9715194702,15.2097768784,19.1768722534,34.0301536,108.7568594,34.0301513672,108.756919861,20.0,0.0316181133328,0.0209807216036,0.00490104627909,-0.99926784998,3.14805984497,-0.0444901026785,-0.0540819652379,-0.115726456046,-0.0241850875318,5.97557687759,257.441669392
236,47.2035105705,0.0,146.0,96769.7421875,15.6639995575,16.6700000763,0.790000021458,33.5371360779,15.1957101822,19.1518936157,34.0301534,108.7568659,34.0301513672,108.756919861,20.0,0.0294609019658,0.0166135165274,0.00636758801987,-0.99940760893,2.8663816452,-0.00239883246832,-0.0407956726849,0.0325568169355,-0.274348795414,8.02967262268,261.118873819
237,47.385504770299995,0.0,146.0,96770.1953125,15.6560001373,16.8199996948,0.790000021458,34.0674552917,15.1904373169,19.1336460114,34.0301534,108.7568717,34.0301513672,108.756919861,20.0,0.0233172078834,0.013377271423,0.00856436605796,-0.999601990195,2.57844948769,0.0358503013849,0.0320672877133,-3.52707362175,-0.111454695463,19.9238052368,263.333917532
238,47.602499532699994,0.0,146.0,96767.9921875,15.6479997635,17.0,0.77999997139,34.506072998,15.1911010742,19.1208209991,34.0301534,108.7568769,34.0301513672,108.756919861,20.0,0.0195769763622,0.00940818844127,0.0121991524204,-0.999689697787,2.35343575478,0.0536307431757,0.0387443453074,0.110726132989,1.24407601357,3.36906719208,266.015995979
239,47.804493474999994,0.0,146.0,96767.75,15.640999794,17.2000007629,0.77999997139,34.9176139832,15.1991014481,19.1127300262,34.0301535,108.7568815,34.0301513672,108.756919861,20.0,0.0219685647074,0.00792410076988,0.0169013920151,-0.999584414959,2.12293887138,0.0691483095288,0.0763490125537,-0.399416804314,-1.05253565311,12.5357589722,269.02520839
240,47.986488866799995,0.0,146.0,96771.75,15.625,17.2700004578,0.77999997139,35.2883987427,15.2101287842,19.1075611115,34.0301538,108.7568856,34.0301513672,108.756919861,20.0,0.0137397471618,0.00293578516041,0.020745521774,-0.999686073158,1.92107486725,0.0780475884676,0.107106678188,-2.65830612183,-0.204614162445,19.0868320465,269.843757153
241,48.2034841061,0.0,146.0,96768.9921875,15.6199998856,17.2800006866,0.77999997139,35.5959587097,15.2323455811,19.1089401245,34.030154,108.7568893,34.0301513672,108.756919861,20.0,0.0129214239511,-0.00187935596324,0.0267726054048,-0.999556345158,1.75607562065,0.0768862143159,0.114568531513,-0.111143484712,-0.880510032177,9.89356040955,269.913608748
242,48.3804786682,0.0,146.0,96765.25,15.6180000305,17.0699996948,0.77999997139,35.8848762512,15.2539596558,19.1130332947,34.0301543,108.7568927,34.0301513672,108.756919861,20.0,0.014643432558,-0.0025148958652,0.0317391900333,-0.999385819009,1.60354948044,0.0682419613004,0.0925764366984,1.72752964497,-0.067350320518,4.09736919403,266.599255755
243,48.603473234199996,0.0,146.0,96769.2421875,15.6079998016,17.3299999237,0.77999997139,36.1349411011,15.2810382843,19.1201000214,34.0301545,108.7568957,34.0300292969,108.756561279,20.0,0.0114056485998,-0.00785477101508,0.0488030160025,-0.998712480957,1.45002353191,0.0646024569869,0.123685799539,0.227808773518,-1.58172357082,3.46700763702,270.486635372
244,48.8054676533,0.9,96.0,96771.0,15.6040000916,17.2800006866,0.77999997139,36.3531036377,15.3092813492,19.1323337555,34.0301547,108.7568985,34.0300292969,108.756561279,20.0,-0.0203781436653,0.0159150159838,0.118476477038,-0.992620154005,1.28001308441,0.0234457924962,0.125710651278,1.43978226185,-1.99342668056,5.25656747818,269.637132296
245,49.0024626732,0.9,96.0,96767.75,15.6099996567,17.5799999237,0.77999997139,36.5348701477,15.3174934387,19.1484394073,34.0301549,108.7569008,34.0300292969,108.756561279,20.0,-0.0554171567477,0.0571567279134,0.19830846653,-0.976901107531,0.983365416527,-0.11195089668,0.104863330722,-2.13919043541,1.12240993977,7.15365886688,274.423792773
246,49.184458303499994,0.9,96.0,96769.7421875,15.5839996338,17.7000007629,0.769999980927,36.6409263611,15.2912902832,19.1615371704,34.0301549,108.7569028,34.0300292969,108.756561279,20.0,-0.0780691715401,0.0870103403019,0.271319620792,-0.955363815061,0.502041339874,-0.300164282322,0.103099800646,-1.67375695705,-0.716642320156,14.5998773575,275.836805408
247,49.401451158499995,0.9,96.0,96769.9921875,15.5860004425,17.8799991608,0.769999980927,36.6586265564,15.2375478745,19.1729259491,34.0301544,108.7569038,34.0300292969,108.756561279,20.0,-0.0921484000216,0.0925964309406,0.354716770053,-0.925802689865,-0.0402905084193,-0.48653408885,0.103992462158,-0.982316195965,1.10584306717,12.2157678604,278.677674832
248,49.6044452667,0.9,96.0,96764.75,15.5920000076,18.1599998474,0.769999980927,36.5815467834,15.1419334412,19.189666748,34.0301538,108.7569038,34.0300292969,108.756561279,20.0,-0.105984086602,0.0841513895049,0.428295958466,-0.893447586861,-0.609918653965,-0.678667187691,0.11797285825,3.1220703125,-0.910885214806,1.40673959255,283.150717759
249,49.8064401627,0.0,93.0,96766.75,15.5860004425,18.25,0.769999980927,36.4038238525,15.0133972168,19.2103881836,34.0301529,108.7569024,34.0300292969,108.756561279,20.0,-0.110949493753,0.0792215542941,0.499861897294,-0.855308313588,-1.12837898731,-0.854747593403,0.087642274797,-2.60296869278,0.691073000431,14.2026910782,284.444508076
250,49.9834344864,0.0,93.0,96769.6015625,15.5889997482,18.2800006866,0.769999980927,36.1288642883,14.8615083694,19.2237319946,34.0301516,108.7569001,34.0300292969,108.756561279,20.0,-0.120866061103,0.068090167256,0.559190930661,-0.817349839758,-1.64243245125,-1.01433873177,0.0629181489348,-4.02811145782,-0.963201224804,22.6256217957,284.966926102
251,50.2004280567,0.0,93.0,96762.5,15.5889997482,18.4300003052,0.77999997139,35.7392883301,14.6669483185,19.2387561798,34.0301501,108.7568965,34.0300292969,108.756561279,20.0,-0.128907026523,0.0555028845077,0.629954588422,-0.763845400756,-2.15879511833,-1.17479586601,0.0745078772306,1.00629019737,0.670231640339,8.50931358337,287.305270117
252,50.402423906299994,0.0,93.0,96759.2421875,15.5979995728,18.3700008392,0.77999997139,35.2830619812,14.4595594406,19.2554416656,34.0301481,108.7568919,34.0300292969,108.756561279,20.0,-0.135405954659,0.0421187207579,0.689980944032,-0.709801115942,-2.61926913261,-1.3142683506,0.0909200534225,3.0126144886,-0.105186879635,-1.66300153732,286.535265242
253,50.584419536599995,0.0,93.0,96763.7421875,15.5850000381,18.3299999237,0.769999980927,34.7078819275,14.2069206238,19.2817363739,34.030146,108.756886,34.0300292969,108.756561279,20.0,-0.141794958547,0.0319091788101,0.739257811784,-0.657551546671,-3.07386088371,-1.45380043983,0.0777453556657,0.72183406353,0.371262222528,4.06911420822,285.67304951
254,50.7864141941,0.0,93.0,96756.75,15.5769996643,18.1599998474,0.769999980927,34.0142555237,13.9165792465,19.3138313293,34.0301435,108.7568793,34.0300292969,108.756561279,20.0,-0.147776223285,0.0207144332049,0.787804045478,-0.597576773535,-3.51273393631,-1.59844768047,0.0520420372486,-2.77018284798,0.0690435767174,16.6837158203,282.878311527
255,51.004408407199996,0.0,93.0,96758.2421875,15.5559997559,17.9400005341,0.759999990463,33.2880859375,13.6201353073,19.3454151154,34.0301408,108.7568717,34.0300292969,108.756561279,20.0,-0.154295007855,0.00354131518914,0.833962378347,-0.529799467604,-3.89798498154,-1.74313342571,0.0572417639196,-1.93313634396,-1.53434240818,11.9589300156,279.074643928
256,51.201402711899995,0.0,93.0,96760.7578125,15.5500001907,18.0300006866,0.759999990463,32.443977356,13.2733621597,19.3725166321,34.0301378,108.7568632,34.0300292969,108.756561279,20.0,-0.167786351041,-0.0047349350124,0.870336847169,-0.462967831586,-4.29356765747,-1.90722250938,0.0225753374398,-3.68227791786,1.64395284653,19.5199890137,280.366514116
257,51.3833961964,0.0,93.0,96758.2421875,15.5389995575,18.2700004578,0.759999990463,31.5388412476,12.9048099518,19.3939208984,34.0301345,108.7568539,34.0300292969,108.756561279,20.0,-0.181129437418,-0.0129752392205,0.898866512541,-0.398826945208,-4.67462253571,-2.08396244049,-0.0394859686494,-3.67102694511,0.738772571087,18.6736431122,283.897529029
258,51.605390119599996,0.0,93.0,96757.25,15.5340003967,18.4799995422,0.75,30.5051307678,12.4822854996,19.4148311615,34.030131,108.7568438,34.0300292969,108.756561279,20.0,-0.192444954818,-0.0244775619894,0.927838466942,-0.318561686114,-5.08954524994,-2.25951981544,0.00404471810907,-0.456811875105,0.668905794621,6.10707426071,287.068320221
259,51.802385377899995,0.0,93.0,96757.9921875,15.5249996185,18.5599994659,0.75,29.4770393372,12.0615158081,19.4315872192,34.0301271,108.7568329,34.0300292969,108.756561279,20.0,-0.202067770488,-0.0356720652502,0.947265782809,-0.246137658524,-5.48075532913,-2.43526530266,0.026737485081,-0.891980290413,-2.1740796566,5.15450000763,288.143984629
260,51.984378385499994,0.0,93.0,96758.4921875,15.513999939,18.3700008392,0.75,28.3210601807,11.5819768906,19.448387146,34.0301229,108.7568211,34.0300292969,108.756561279,20.0,-0.192687167488,-0.0525651754095,0.962496199794,-0.183602208826,-5.86467885971,-2.6320950985,-0.0343336351216,-3.77973818779,-1.50588917732,15.8122634888,284.992191899
261,52.2023680687,0.0,93.0,96756.5,15.5170001984,17.8500003815,0.75,27.1237506866,11.0654125214,19.466424942,34.0301183,108.7568084,34.0300292969,108.756561279,20.0,-0.161292844043,-0.0711343814404,0.968968227705,-0.173277453199,-6.14891386032,-2.85244750977,-0.0270250365138,-3.80836963654,-1.76426994801,13.2029953003,276.97845946
262,52.38436203,0.0,93.0,96757.7421875,15.5260000229,16.8999996185,0.75,25.8097839355,10.4765634537,19.4785194397,34.0301132,108.7567952,34.0300292969,108.756561279,20.0,-0.138803385776,-0.0500101122806,0.974136822178,-0.171143600406,-6.33615112305,-3.05447387695,0.0101247085258,-3.28106832504,-0.0579953826964,16.5837516785,262.389394464
263,52.601355838799996,0.0,93.0,96760.5,15.5389995575,16.1900005341,0.759999990463,24.5062770844,9.87013149261,19.4878292084,34.0301079,108.7567816,34.0300292969,108.756561279,20.0,-0.110268394096,-0.0277032025516,0.978640465823,-0.171278638908,-6.41450595856,-3.11931729317,-0.0713804289699,-1.91623473167,-1.4826066494,13.9709711075,251.576411135
264,52.803348350499995,1.8,64.0,96756.0,15.5500001907,15.7100000381,0.759999990463,23.2536945343,9.29005336761,19.497379303,34.0301022,108.7567677,34.0300292969,108.756561279,20.0,-0.0888084858735,-0.0228861628441,0.980426607116,-0.174221458312,-6.42901706696,-3.11426329613,-0.0221559610218,-0.495132148266,1.22882342339,3.47113323212,244.29050359
265,53.0053456306,1.8,64.0,96751.5,15.5740003586,15.1400003433,0.759999990463,21.8971633911,8.65110778809,19.5106868744,34.0300965,108.7567537,34.0300292969,108.756561279,20.0,-0.0509118322507,-0.0139510033009,0.982971265241,-0.176013710898,-6.35416030884,-3.08999991417,-0.024394294247,-1.42856764793,-0.765310823917,5.43887710571,235.790370776
266,53.20233922,1.8,64.0,96748.75,15.5830001831,14.5500001907,0.759999990463,20.6276626587,8.03898143768,19.5304870605,34.030091,108.7567399,34.0300292969,108.756561279,20.0,-0.011488120598,-0.00733601854862,0.98428590974,-0.176055436278,-6.17825889587,-3.04085993767,-0.0540599822998,1.44197106361,1.16593182087,5.83158445358,226.732655636
267,53.4053349972,1.8,64.0,96749.75,15.6000003815,14.1099996567,0.769999980927,19.437412262,7.46029853821,19.5561351776,34.0300856,108.7567265,34.0300292969,108.756561279,20.0,0.00175913660536,0.00284901673545,0.984985673866,-0.172603398651,-5.89649200439,-2.91614079475,0.0280493423343,-0.0843684375286,-1.29833853245,9.98011302948,220.116000027
268,53.5813286781,1.8,64.0,96750.5,15.6120004654,13.6199998856,0.769999980927,18.231880188,6.87741470337,19.5827007294,34.0300805,108.7567136,34.0300292969,108.756561279,20.0,-0.00542707780263,0.0122388435564,0.985132555633,-0.171273623433,-5.62997865677,-2.74442768097,-0.0586122237146,1.97412478924,4.10411691666,-1.94080209732,212.635444552
269,53.8043218136,1.7,81.0,96752.5,15.6280002594,13.5900001526,0.769999980927,17.0455131531,6.31955337524,19.5961093903,34.0300757,108.7567013,34.0300292969,108.756561279,20.0,-0.00427503288198,0.0121698020795,0.985266624758,-0.170538540249,-5.39856910706,-2.57270312309,-0.139718428254,-2.52957487106,-0.116261668503,14.5196228027,212.38452591
270,53.986316728599995,1.7,81.0,96749.0,15.6219997406,13.6800003052,0.759999990463,15.9368953705,5.81327962875,19.5996360779,34.0300711,108.7566896,34.0300292969,108.756561279,20.0,0.00381663684286,0.0186430762854,0.985224014294,-0.170210679914,-5.13330173492,-2.38772964478,-0.152359649539,-1.23714017868,-0.990332901478,10.7807435989,213.708961219
271,54.2033122063,1.7,81.0,96749.0,15.6239995956,13.7899999619,0.759999990463,14.9403791428,5.36933326721,19.5930175781,34.030067,108.7566785,34.0300292969,108.756561279,20.0,-0.000707454608591,0.0161720513383,0.985464967827,-0.16910580028,-4.89120149612,-2.21222949028,-0.20401455462,0.336065351963,-1.03697788715,0.278676718473,215.454953828
272,54.4003072262,1.7,81.0,96753.0,15.625,13.8599996567,0.769999980927,13.9230518341,4.93447446823,19.5775165558,34.0300633,108.756668,34.0300292969,108.756561279,20.0,0.000232129695074,0.0145741214071,0.985891999696,-0.166747178344,-4.62009620667,-2.01151633263,-0.226482704282,-0.415108084679,-1.2868694067,6.06972789764,216.562494636
273,54.603302526499995,1.7,81.0,96755.0,15.6330003738,14.0799999237,0.769999980927,13.0400304794,4.57466554642,19.5651092529,34.0300598,108.7566581,34.0300292969,108.756561279,20.0,-0.00223578494638,0.0124238122451,0.986501190245,-0.163267365943,-4.37239599228,-1.85277378559,-0.226318225265,-0.0631412193179,0.590062379837,6.65876150131,220.112644071
274,54.805296230299994,1.3,57.0,96756.796875,15.6289997101,14.1199998856,0.769999980927,12.1669902802,4.23234462738,19.55701828,34.0300567,108.7566488,34.0300292969,108.756561279,20.0,0.00286944964285,0.00996045802437,0.987057444351,-0.160032005264,-4.12336301804,-1.69845223427,-0.254100561142,0.157263278961,-0.620590507984,6.03266382217,220.681474118
275,55.0022910118,1.3,57.0,96760.5,15.638999939,14.5399999619,0.769999980927,11.3701696396,3.92806625366,19.5314102173,34.0300541,108.75664,34.0300292969,108.756561279,20.0,0.00408156271298,0.010506502057,0.987236863485,-0.158859269205,-3.87982535362,-1.57974755764,-0.320733159781,-3.05545949936,-0.976488292217,18.3552856445,227.391058516
276,55.2042847157,1.3,57.0,96762.9921875,15.640999794,14.9499998093,0.77999997139,10.6068906784,3.65172028542,19.4890785217,34.0300514,108.7566318,34.0300292969,108.756561279,20.0,0.0049310474266,0.00935306875986,0.986842916892,-0.161335775876,-3.6323287487,-1.43297946453,-0.284056246281,-0.00740953348577,-1.40658128262,4.63674640656,233.832943937
277,55.406278896299995,1.3,57.0,96765.5,15.6470003128,15.3699998856,0.77999997139,9.89607048035,3.40131354332,19.4317188263,34.0300492,108.7566242,34.0300292969,108.756561279,20.0,0.0084806513862,0.00708800722956,0.985966431031,-0.166577748013,-3.38905715942,-1.30352687836,-0.284565329552,-2.44407701492,-0.509781241417,14.7932186127,240.494393017
278,55.6032736778,1.3,57.0,96760.0,15.6379995346,15.7700004578,0.769999980927,9.25831031799,3.1908249855,19.3787498474,34.0300472,108.756617,34.0300292969,108.756561279,20.0,0.0124076084282,0.00452945035739,0.984635939317,-0.174120010848,-3.13161754608,-1.16466760635,-0.196186184883,0.631548643112,-0.651003479958,9.70520687103,246.611259819
279,55.8052630901,2.0,19.0,96760.0,15.6260004044,16.0699996948,0.769999980927,8.64562702179,2.99477696419,19.3290233612,34.0300452,108.7566104,34.0300292969,108.756561279,20.0,0.00660310246908,-0.00419870938451,0.983167374527,-0.182539855362,-2.8718893528,-1.05026853085,-0.140988007188,-2.77189230919,-0.296709209681,15.562833786,251.109821729
280,56.003258276,2.0,19.0,96766.25,15.6190004349,16.2299995422,0.769999980927,8.12185764313,2.82505178452,19.2852420807,34.0300436,108.7566046,34.0300292969,108.756561279,20.0,0.00318701956094,-0.0115781238759,0.98123110616,-0.192461349942,-2.65643262863,-0.981440484524,-0.115108072758,-1.78444099426,-0.715061783791,13.0944347382,253.496369908
281,56.2002521038,2.0,19.0,96772.25,15.6059999466,16.4500007629,0.769999980927,7.6218214035,2.65770626068,19.2447566986,34.0300421,108.7565991,34.0300292969,108.756561279,20.0,-0.0251844183103,-0.0280458765156,0.978890523075,-0.200879255701,-2.4741230011,-0.962196350098,-0.0354017876089,-1.42581284046,1.57922506332,10.4309215546,256.718711028
282,56.4022465229,2.0,19.0,96768.2421875,15.5989999771,16.7999992371,0.769999980927,7.15944719315,2.4930229187,19.2154178619,34.0300406,108.7565941,34.0300292969,108.756561279,20.0,-0.0585692560806,-0.026012635823,0.976198266686,-0.207195382419,-2.43782138824,-1.00141191483,0.00584391318262,-1.94619715214,0.819328606129,10.3814907074,262.063187714
283,56.604241180399995,2.0,19.0,96768.5,15.5830001831,16.7099990845,0.759999990463,6.68421983719,2.3085026741,19.1898498535,34.030039,108.7565894,34.0300292969,108.756561279,20.0,-0.0581679285207,-0.019063500319,0.975795089933,-0.209945379991,-2.46704697609,-1.04448068142,0.0271392092109,1.28017473221,0.337108761072,4.31917619705,260.391918793
284,56.781234550499995,4.3,355.0,96767.0,15.5710000992,17.5599994659,0.759999990463,6.2477850914,2.12855482101,19.1719017029,34.0300373,108.7565848,34.030166626,108.756195068,20.0,-0.059865562749,-0.0138443862621,0.978971824346,-0.194521614338,-2.50431323051,-1.05105817318,0.0557224079967,-4.98297452927,1.35639739037,20.6574420929,273.426753426
285,57.0032287121,4.3,355.0,96766.25,15.5600004196,17.6000003815,0.759999990463,5.79338932037,1.94409430027,19.1693477631,34.0300355,108.7565801,34.030166626,108.756195068,20.0,-0.0893250376489,0.0305924822866,0.98905040023,-0.113422479846,-2.59241628647,-0.984214067459,0.0944063141942,-1.54055917263,1.47518444061,7.39712715149,273.856013321
286,57.206223535499994,4.3,355.0,96765.25,15.5620002747,17.8099994659,0.759999990463,5.30464792252,1.7808368206,19.1724319458,34.0300337,108.7565751,34.030166626,108.756195068,20.0,-0.12480704432,0.0717726427775,0.989317821984,-0.0228505461229,-2.79314351082,-0.73517113924,0.167668268085,-5.05159711838,-0.857993483543,20.7485218048,277.159216581
287,57.403218317,4.3,355.0,96764.5,15.5550003052,18.2700004578,0.759999990463,4.79961109161,1.67219769955,19.179649353,34.0300321,108.7565698,34.030166626,108.756195068,20.0,-0.166732411142,0.0999802008602,0.978663393708,0.0665003091049,-3.10223007202,-0.376474827528,0.188860490918,-2.38876247406,-0.580438017845,12.5638389587,284.189862696
288,57.6052120209,4.3,355.0,96768.9921875,15.5520000458,18.5400009155,0.759999990463,4.19765043259,1.62562131882,19.1928253174,34.030031,108.7565638,34.030166626,108.756195068,20.0,-0.209259403153,0.0941834286831,0.961815738925,0.149165999809,-3.55262064934,0.097488924861,0.206674590707,0.244063109159,0.433015614748,6.3215265274,288.334095087
289,57.802207755999994,2.5,334.0,96764.75,15.529999733,18.8199996948,0.75,3.5263094902,1.64829039574,19.2105522156,34.0300306,108.7565568,34.030166626,108.756195068,20.0,-0.224934005775,0.0883968138965,0.944859387419,0.220978413407,-4.06473922729,0.562234520912,0.231453254819,0.592110395432,-0.963047802448,2.39368414879,292.274590235
290,58.0042024136,2.5,334.0,96766.9921875,15.5249996185,19.0400009155,0.75,2.71474909782,1.74443376064,19.2255554199,34.0300309,108.7565487,34.030166626,108.756195068,20.0,-0.238748093721,0.0736651047643,0.939562434719,0.234083997025,-4.60483264923,0.991951942444,0.192175775766,-2.59398293495,-0.023773021996,13.470954895,295.59600695
291,58.181196021999995,2.5,334.0,96762.9921875,15.5200004578,19.4799995422,0.75,1.85743618011,1.89962935448,19.2422122955,34.0300318,108.7565393,34.030166626,108.756195068,20.0,-0.240808279092,0.0808850864535,0.937671200259,0.237153657369,-5.10874271393,1.365041852,0.146086856723,-3.71956157684,-1.15895366669,16.6783161163,302.329601813
292,58.4041917801,2.5,334.0,96761.5,15.5089998245,19.4699993134,0.75,0.851074159145,2.13120436668,19.2674655914,34.0300333,108.7565285,34.030166626,108.756195068,20.0,-0.238859793407,0.0972304087544,0.935997043143,0.239586626346,-5.60893058777,1.79731488228,0.190659761429,-2.70122647285,-2.49489808083,11.8903903961,301.960215934
293,58.6011858463,2.5,334.0,96760.5,15.5050001144,19.3099994659,0.75,-0.233914658427,2.42892694473,19.301782608,34.0300357,108.7565166,34.030166626,108.756195068,20.0,-0.236087152441,0.112890713058,0.934575703897,0.241012180276,-6.04650974274,2.24231505394,0.156660810113,-2.43254327774,-1.18233692646,10.7247829437,299.401543929
294,58.8031805038,4.5,297.0,96760.7421875,15.5100002289,18.75,0.75,-1.4781588316,2.83427834511,19.3399524689,34.0300387,108.7565036,34.030166626,108.756195068,20.0,-0.2107846976,0.112454572201,0.940257330884,0.242569443109,-6.41740226746,2.71245884895,0.124295823276,-5.81189393997,-2.08915138245,21.6553115845,290.812504292
295,59.005175399799995,4.5,297.0,96757.4921875,15.5039997101,17.8500003815,0.75,-2.70733380318,3.28253984451,19.3731002808,34.0300425,108.7564896,34.030166626,108.756195068,20.0,-0.172471958435,0.0935832891704,0.949791285192,0.243705047795,-6.65584564209,3.07167100906,0.0929357856512,-2.24903225899,-2.32828450203,17.0520305634,276.746400739
296,59.2021699429,4.5,297.0,96760.0,15.5100002289,16.7299995422,0.75,-4.06628751755,3.81352877617,19.4102687836,34.0300471,108.756475,34.030166626,108.756195068,20.0,-0.141460878918,0.0798195588054,0.955214994539,0.247350244429,-6.80661010742,3.30932545662,0.0835118368268,-1.32091295719,-0.630230784416,8.46492004395,259.482296729
297,59.384166288399996,4.5,297.0,96754.75,15.529999733,15.8100004196,0.75,-5.49115085602,4.40944004059,19.4457359314,34.0300525,108.7564597,34.030166626,108.756195068,20.0,-0.107952769847,0.0657944731987,0.959539092609,0.251599068227,-6.84473514557,3.44185209274,0.021396568045,-1.73561000824,2.53739857674,3.4868016243,245.529302295
298,59.6011612892,4.5,297.0,96752.75,15.545999527,15.0200004578,0.759999990463,-6.90440607071,5.03496646881,19.4853973389,34.0300581,108.7564443,34.030166626,108.756195068,20.0,-0.0806306722709,0.0518180329576,0.962157528793,0.255081472659,-6.79756832123,3.52116179466,0.0189617536962,-6.01152086258,0.85873657465,18.3337974548,233.500920012
299,59.804156589499996,6.7,336.0,96752.0,15.5729999542,14.1400003433,0.759999990463,-8.25827598572,5.65398263931,19.5281047821,34.030064,108.7564289,34.030166626,108.756195068,20.0,-0.0899326766664,0.0527920624318,0.961269789723,0.25511877262,-6.74554014206,3.55703401566,0.0524505861104,-1.68256616592,-4.00956964493,6.61661195755,220.202224699
300,60.0061502934,6.7,336.0,96751.7421875,15.5860004425,13.5900001526,0.759999990463,-9.6525812149,6.3171916008,19.5691757202,34.03007,108.7564137,34.030166626,108.756195068,20.0,-0.0939851053703,0.0554527100016,0.960409551471,0.256330768469,-6.71039056778,3.63808393478,-0.00935075432062,-2.35649585724,0.132319957018,12.4101676941,211.813748392
301,60.2031448364,6.7,336.0,96751.7421875,15.595000267,12.9899997711,0.759999990463,-11.1148738861,7.03451347351,19.6064090729,34.0300761,108.7563987,34.030166626,108.756195068,20.0,-0.0605448026767,0.043635189392,0.962812575113,0.259657946058,-6.65702962875,3.67193055153,-0.0463586933911,-2.6137778759,0.543138563633,12.055639267,202.579049899
302,60.405138063399995,6.7,336.0,96753.25,15.6059999466,12.6199998856,0.759999990463,-12.5109910965,7.74193096161,19.6307582855,34.0300824,108.7563838,34.030166626,108.756195068,20.0,-0.00719803635204,0.0412651917578,0.963170001461,0.265610745868,-6.47677898407,3.65093326569,-0.0488521233201,-1.1118543148,-2.12079620361,17.1185569763,196.94771754
303,60.6021328449,6.7,336.0,96759.5,15.6140003204,12.2600002289,0.759999990463,-13.7874822617,8.41391658783,19.6416797638,34.0300888,108.7563694,34.030166626,108.756195068,20.0,0.0176598416762,0.0323809113633,0.962351720397,0.269292989582,-6.18539142609,3.59796023369,-0.0710171833634,1.10752630234,-5.7468085289,4.10092496872,191.427647502
304,60.7841272831,9.3,16.0,96757.25,15.623000145,12.0,0.759999990463,-15.0640459061,9.1228017807,19.6413784027,34.030095,108.7563555,34.030166626,108.756195068,20.0,0.0189407501745,0.0206435673127,0.963559965177,0.266021403686,-5.85931110382,3.50951766968,-0.131872817874,-2.36620354652,-4.14458036423,13.6718425751,187.47600174
305,61.002119588899994,9.3,16.0,96754.0,15.625,12.1899995804,0.759999990463,-16.2479286194,9.7967710495,19.6151924133,34.0301013,108.7563424,34.030166626,108.756195068,20.0,0.0164856874407,0.00991048865492,0.964508901471,0.263348745582,-5.53978252411,3.39588832855,-0.212957888842,-4.18743848801,-2.92873454094,16.8033409119,190.468743443
306,61.204114007899996,9.3,16.0,96757.6015625,15.6350002289,12.8100004196,0.759999990463,-17.3932704926,10.4688014984,19.5692558289,34.0301073,108.7563303,34.030166626,108.756195068,20.0,0.0215722210123,0.0035255581947,0.964093902528,0.264660629462,-5.19042730331,3.217846632,-0.216925635934,-1.01043307781,3.06963086128,6.26642417908,200.284359493
307,61.4061091423,9.3,16.0,96757.75,15.625,12.8199996948,0.759999990463,-18.4279117584,11.0953559875,19.5437355042,34.0301131,108.7563188,34.030166626,108.756195068,20.0,0.029769905537,-0.0119160434779,0.963307737362,0.26647720078,-4.83134222031,3.02698945999,-0.140082806349,-3.58042931557,1.02379083633,17.0922241211,200.312495232
308,61.603103446999995,9.3,16.0,96756.9921875,15.6300001144,12.8199996948,0.759999990463,-19.4161815643,11.6993999481,19.5197887421,34.0301186,108.7563082,34.030166626,108.756195068,20.0,0.0197450201277,-0.0124281797123,0.964256399702,0.263941878181,-4.50116729736,2.78898954391,-0.136912927032,-2.19348788261,0.608361899853,7.63714838028,200.376596697
309,61.8000965595,7.6,21.0,96759.5,15.626999855,13.0600004196,0.759999990463,-20.3328418732,12.2582159042,19.4779224396,34.0301236,108.7562984,34.030166626,108.756195068,20.0,0.0268321233403,-0.0122734955099,0.965356685329,0.259260627717,-4.20548391342,2.54848575592,-0.175497025251,-2.14249205589,-5.58451843262,13.938038826,204.088624664
310,62.0020893097,7.6,21.0,96756.9921875,15.6379995346,13.6800003052,0.759999990463,-21.1541366577,12.7565641403,19.4408416748,34.0301281,108.7562894,34.030166626,108.756195068,20.0,0.0254267592319,-0.0204307610422,0.966552328201,0.254386829375,-3.87371850014,2.33491420746,-0.193793907762,-0.57861071825,1.49620938301,11.1903409958,213.927838406
311,62.1990855217,7.6,21.0,96751.9921875,15.6330003738,13.9200000763,0.759999990463,-21.9001178741,13.2067775726,19.4095554352,34.0301322,108.7562812,34.030166626,108.756195068,20.0,0.0139680527713,-0.0163305105647,0.968095914381,0.249656941448,-3.60210037231,2.06795477867,-0.195260435343,-0.777381122112,3.42217469215,5.74092531204,217.611366397
312,62.3820806026,7.6,21.0,96755.75,15.6020002365,14.0600004196,0.75,-22.5969715118,13.615477562,19.3784942627,34.0301359,108.7562736,34.030166626,108.756195068,20.0,0.00748382573535,-0.0108200211031,0.968666414122,0.248017260454,-3.33201408386,1.85163390636,-0.171974465251,-3.53351831436,1.43831729889,13.7958555222,219.364129872
313,62.6040750027,7.6,21.0,96759.5,15.5959997177,14.1199998856,0.75,-23.2353801727,13.9790859222,19.3643455505,34.0301391,108.7562667,34.030166626,108.756195068,20.0,0.00206047052019,-0.0139787036585,0.968744512233,0.24765795857,-3.09193372726,1.63313579559,-0.130445703864,-2.94799733162,1.78813993931,8.77901077271,220.215514229
314,62.8060694218,5.1,31.0,96756.75,15.5909996033,14.2700004578,0.75,-23.8271751404,14.299164772,19.3422927856,34.0301418,108.7562605,34.030166626,108.756195068,20.0,0.00198437767793,-0.00693452174281,0.969094921131,0.246582876758,-2.85014414787,1.42451620102,-0.130131810904,-1.66112875938,-1.77089285851,6.32326412201,222.483571476
315,62.983063983899996,5.1,31.0,96763.25,15.5860004425,14.4499998093,0.75,-24.3252601624,14.5539302826,19.3151321411,34.0301443,108.7562547,34.030166626,108.756195068,20.0,-0.00724741270216,0.00183801681957,0.969318383722,0.245695095541,-2.6466460228,1.28079378605,-0.112658970058,-1.144769907,-2.85645389557,6.54549407959,225.217703421
316,63.2050576687,5.1,31.0,96765.25,15.579000473,14.6000003815,0.75,-24.8034343719,14.7966270447,19.2914619446,34.0301464,108.7562493,34.030166626,108.756195068,20.0,-0.00742478705558,-0.000364153380946,0.970111418824,0.242546135901,-2.44309425354,1.16168832779,-0.109860695899,-1.49515140057,0.777438998222,15.7021245956,227.453412849
317,63.4020488739,5.1,31.0,96766.4921875,15.5780000687,14.8400001526,0.75,-25.2324829102,14.999458313,19.2552013397,34.0301482,108.7562444,34.030166626,108.756195068,20.0,-0.00610051414221,0.00103363153876,0.971144143053,0.238413089496,-2.26820421219,1.05380702019,-0.138608172536,-1.72739732265,-0.503477215767,10.4411334991,231.177523396
318,63.605041551599996,5.1,31.0,96768.4921875,15.5880002975,15.1999998093,0.75,-25.6424121857,15.1835346222,19.2140865326,34.0301497,108.7562399,34.030166626,108.756195068,20.0,-0.0132578012418,0.0031007762429,0.972090508389,0.234211132993,-2.08126354218,0.942929148674,-0.0929747000337,-3.89406085014,0.59539949894,16.4032554626,236.93760155
319,63.8020368099,2.6,39.0,96767.25,15.5740003586,15.5600004196,0.75,-25.9881801605,15.3267335892,19.1788673401,34.030151,108.7562358,34.030166626,108.756195068,20.0,-0.0155110211541,0.00791054627755,0.972390804685,0.232707965641,-1.92878615856,0.856391251087,-0.070024214685,0.039114959538,-1.07774138451,11.3691568375,242.331452115
320,64.0040307522,2.6,39.0,96762.7421875,15.5830001831,15.9300003052,0.759999990463,-26.3186473846,15.4561796188,19.1460113525,34.0301522,108.756232,34.030166626,108.756195068,20.0,-0.0144730485722,0.0133408500428,0.971932879176,0.234433499766,-1.78317308426,0.774108350277,-0.0456020869315,-1.62701928616,-1.63360083103,14.6759233475,248.237197672
321,64.2060251713,2.6,39.0,96765.75,15.579000473,16.1800003052,0.759999990463,-26.6120643616,15.5645589828,19.1199378967,34.0301531,108.7562284,34.030166626,108.756195068,20.0,-0.0174434925185,0.0130663766767,0.970753863236,0.239085416023,-1.64388501644,0.71980625391,-0.00783194508404,2.14012527466,-0.97485524416,-0.451912581921,252.068232408
322,64.4080191135,2.6,39.0,96773.0,15.5760002136,16.4899997711,0.759999990463,-26.8964805603,15.6569375992,19.1042308807,34.030154,108.7562252,34.030166626,108.756195068,20.0,-0.0171180482191,0.0151084621159,0.968500397686,0.247963354634,-1.49696624279,0.658060312271,0.0687453225255,-2.49457383156,0.291528850794,12.5155010223,256.848239958
323,64.6000137806,2.6,39.0,96772.5,15.5659999847,16.3999996185,0.759999990463,-27.1358337402,15.7326726913,19.0958862305,34.0301547,108.7562222,34.030166626,108.756195068,20.0,-0.0197577135731,0.0228610637372,0.965472357355,0.258747426616,-1.37594532967,0.617246985435,0.084831699729,-3.73964381218,-1.98589479923,21.6021289825,255.282393812
324,64.80300765039999,1.9,64.0,96765.5,15.5500001907,17.0599994659,0.75,-27.3672866821,15.8051166534,19.0855503082,34.0301554,108.7562194,34.0301475525,108.75692749,20.0,-0.0118297583422,0.0258996131218,0.957762792605,0.286146650291,-1.24231016636,0.601105511189,0.172590896487,-4.56637430191,0.0927887037396,17.8004226685,265.282994949
325,65.0050011158,1.9,64.0,96769.4921875,15.5550003052,17.0200004578,0.75,-27.5633869171,15.8698005676,19.086265564,34.0301559,108.7562169,34.0301475525,108.75692749,20.0,0.0244442561009,0.0340085337493,0.933309633641,0.356621976193,-1.04592049122,0.574306845665,0.13345707953,-0.368457049131,-0.34128126502,10.7261314392,264.746112315
326,65.2019916058,1.9,64.0,96767.5,15.5439996719,17.0499992371,0.75,-27.7152004242,15.9228858948,19.0834178925,34.0301565,108.7562147,34.0301475525,108.75692749,20.0,0.0546907096332,0.0514887183921,0.899701820932,0.429993738891,-0.683821737766,0.501236200333,0.143794715405,-3.19231128693,-0.952789902687,15.3614654541,265.025182547
327,65.40398483279999,1.9,64.0,96769.2421875,15.5360002518,17.3500003815,0.75,-27.7921257019,15.959403038,19.083147049,34.0301571,108.7562133,34.0301475525,108.75692749,20.0,0.0813700853859,0.0785555517695,0.857501087675,0.501896283524,-0.226851835847,0.421604901552,0.158096089959,-1.46292257309,1.53921175003,10.2701120377,269.549610295
328,65.600976038,1.9,64.0,96771.25,15.5329999924,17.5300006866,0.75,-27.775932312,15.9890823364,19.0875358582,34.0301575,108.7562127,34.0301475525,108.75692749,20.0,0.086064795018,0.0913463789361,0.811803609522,0.570283770455,0.285816788673,0.340348184109,0.161420837045,-2.73010373116,-0.650255739689,17.0887088776,272.293500532
329,65.8029704571,1.5,69.0,96767.5,15.5270004272,17.7000007629,0.75,-27.6623191833,16.007314682,19.0887527466,34.0301578,108.7562131,34.0301475525,108.75692749,20.0,0.0739465126864,0.104575926149,0.76091412432,0.636086075065,0.820752799511,0.274203121662,0.15125490725,-0.0616887435317,0.17510868609,6.08769035339,274.827919408
330,65.99996261599999,1.5,69.0,96770.4921875,15.5080003738,17.7099990845,0.740000009537,-27.4595737457,16.0145187378,19.0924739838,34.0301581,108.7562148,34.0301475525,108.75692749,20.0,0.0642821441753,0.115763903234,0.705790702707,0.695935422802,1.31539189816,0.228437498212,0.16431362927,-1.9463391304,1.82073414326,9.78205776215,274.646672423
331,66.1819556236,1.5,69.0,96762.2421875,15.4960002899,17.6900005341,0.740000009537,-27.2261962891,16.0188121796,19.1024017334,34.0301582,108.7562175,34.0301475525,108.75692749,20.0,0.0574259767166,0.124749350553,0.650741266594,0.74677691756,1.76674282551,0.178324848413,0.216345891356,2.02613067627,0.963290393353,-1.61879181862,274.124253404
332,66.3999488831,1.5,69.0,96763.7421875,15.5030002594,17.7000007629,0.75,-26.7889175415,16.0115585327,19.1265621185,34.0301582,108.7562214,34.0301475525,108.75692749,20.0,0.0410211219922,0.130998079191,0.581915668441,0.801580343506,2.18812847137,0.132142528892,0.188637942076,-0.770203530788,0.0698886364698,9.9402179718,274.403116419
333,66.6019435406,1.5,69.0,96764.75,15.5270004272,17.4699993134,0.75,-26.3186092377,15.9895954132,19.15259552,34.0301582,108.7562261,34.0301475525,108.75692749,20.0,0.0293116738047,0.138399950874,0.514921556323,0.845483293144,2.58352971077,0.0965655073524,0.171949639916,0.442029803991,2.07021427155,3.15595459938,271.256686802
334,66.8039374828,2.7,108.0,96760.0,15.5150003433,17.25,0.75,-25.7529563904,15.962603569,19.1854515076,34.030158,108.7562317,34.0301475525,108.75692749,20.0,0.0195056299795,0.143855849877,0.444874379181,0.883748711935,2.973487854,0.0734755247831,0.203000321984,-4.86321544647,0.635827243328,19.40807724,267.633755922
335,67.0059311867,2.7,108.0,96764.75,15.5209999084,17.1000003815,0.75,-25.1276035309,15.9258537292,19.2258434296,34.0301578,108.7562383,34.0301475525,108.75692749,20.0,0.0145873140292,0.160708456915,0.367929259152,0.915744639496,3.31954169273,0.0474305637181,0.181713357568,-4.11085891724,0.234928235412,19.0484848022,265.409104355
336,67.1829257488,2.7,108.0,96764.75,15.5129995346,16.8799991608,0.75,-24.4060192108,15.8826122284,19.2700901031,34.0301576,108.7562456,34.0301475525,108.75692749,20.0,0.00505796953281,0.169306292839,0.297351642849,0.939623210474,3.71784687042,0.0283823981881,0.190212249756,-4.57260847092,0.466029286385,22.066160202,261.859419125
337,67.405919838,2.7,108.0,96764.75,15.5220003128,16.5200004578,0.740000009537,-23.6178379059,15.8375492096,19.305770874,34.0301574,108.7562538,34.0301475525,108.75692749,20.0,-0.00244625577113,0.183150236559,0.207982221934,0.960829544817,4.12258386612,0.0219120383263,0.218417569995,-3.59214234352,-1.3944606781,14.7700204849,256.423452273
338,67.60291557309999,2.7,108.0,96765.0,15.5120000839,16.3199996948,0.75,-22.7223834991,15.7964944839,19.3344993591,34.0301571,108.7562629,34.0301475525,108.75692749,20.0,-0.0127939603567,0.193907777099,0.13127247098,0.972113056953,4.5700097084,0.0278602167964,0.176742345095,-2.94224953651,-0.555707991123,14.0972881317,253.155836636
339,67.7999103546,8.1,55.0,96760.0,15.5220003128,16.4200000763,0.75,-21.732755661,15.7576980591,19.3547439575,34.0301569,108.7562727,34.0301475525,108.75692749,20.0,-0.0250098819544,0.201633025745,0.0588077506083,0.977374205906,5.01734828949,0.0364318117499,0.102634474635,-1.0703972578,-0.996589481831,10.2172994614,254.87124632
340,68.0019040585,8.1,55.0,96758.0,15.5190000534,16.4500007629,0.75,-20.6857204437,15.7253103256,19.373506546,34.0301568,108.7562837,34.0301475525,108.75692749,20.0,-0.0415271686656,0.207115698534,-0.0109160337643,0.977373784437,5.45637321472,0.0877521261573,0.0883140787482,-1.5611795187,0.0130738541484,5.75528478622,255.287562719
341,68.2038965702,8.1,55.0,96758.75,15.5369997025,16.6100006104,0.75,-19.5175437927,15.7130489349,19.400220871,34.0301567,108.7562956,34.0301475525,108.75692749,20.0,-0.0593949299651,0.214213391142,-0.0199876371441,0.97477458829,5.916639328,0.211113974452,0.0866435021162,-1.56607675552,0.497476279736,4.21407604218,258.069574541
342,68.3858919621,8.1,55.0,96755.0,15.5380001068,16.4300003052,0.75,-18.2245235443,15.7284135818,19.4247608185,34.0301569,108.7563083,34.0301475525,108.75692749,20.0,-0.0502889716354,0.208659095053,-0.015434934568,0.976572741435,6.34526491165,0.324184805155,-0.00585367763415,0.0484373569489,-1.83382034302,-1.61048090458,255.289346497
343,68.6038864136,8.1,55.0,96759.25,15.5439996719,16.1000003815,0.75,-16.9609394073,15.7678422928,19.4336776733,34.0301574,108.756322,34.0301475525,108.75692749,20.0,-0.0402610615313,0.180939697575,-0.00651632424827,0.982648209647,6.6811208725,0.4104129076,0.001376988017,-0.878249585629,-1.63467514515,6.78585720062,250.258400648
344,68.8008814335,9.2,10.0,96756.0,15.5520000458,15.779999733,0.75,-15.6079158783,15.8271226883,19.4410266876,34.0301581,108.7563364,34.0301475525,108.75692749,20.0,-0.026423908722,0.156228478726,-0.000883229357394,0.9873670551,6.90415811539,0.448150098324,-0.00170372170396,-2.33481526375,0.401872247458,17.4663829803,245.41055657
345,69.0028775215,9.2,10.0,96756.5,15.545999527,15.3500003815,0.75,-14.1782302856,15.9034481049,19.4521389008,34.0301589,108.7563515,34.0301475525,108.75692749,20.0,-0.0142500391424,0.131336281309,0.00118272486291,0.991234787095,7.03876495361,0.462076038122,0.0258503891528,-2.04228258133,-0.121936783195,9.84008026123,238.631098669
346,69.2048717022,9.2,10.0,96753.5,15.5360002518,14.779999733,0.75,-12.6804513931,15.9825181961,19.4737205505,34.0301598,108.7563668,34.0301475525,108.75692749,20.0,-0.00739193029444,0.102082180099,-0.00090316481674,0.99474810624,7.11102104187,0.445402652025,0.0427061654627,-3.92080259323,-2.20290446281,7.92471933365,229.622079573
347,69.4018660069,9.2,10.0,96759.0,15.5469999313,14.1199998856,0.75,-11.2845125198,16.0608730316,19.4991550446,34.0301606,108.7563824,34.0301475525,108.75692749,20.0,0.0030817196112,0.113848948001,-0.00503296591493,0.993480581918,7.12265062332,0.401702612638,-0.00567840365693,-2.99420833588,-1.12586951256,18.5087356567,219.523637251
348,69.6038611412,9.2,10.0,96759.7421875,15.5629997253,13.8100004196,0.75,-9.79961681366,16.1333866119,19.5153026581,34.0301614,108.7563981,34.0301475525,108.75692749,20.0,0.00818341649934,0.120980342283,-0.00976095723403,0.992573202416,7.17570114136,0.341582089663,-0.0575478188694,-1.88218069077,2.13527727127,11.8702163696,214.925032737
349,69.7858558178,9.9,2.0,96751.0,15.5629997253,13.6899995804,0.740000009537,-8.26023674011,16.1940193176,19.5245189667,34.0301621,108.7564138,34.0301475525,108.75692749,20.0,0.0123443377768,0.119530464352,-0.0131470771902,0.992666810566,7.25144195557,0.231756716967,-0.0371305719018,-2.20532202721,-1.03668224812,12.9660253525,213.057459709
350,70.0038464546,9.9,2.0,96758.5,15.5690002441,13.4499998093,0.740000009537,-6.78793859482,16.2402095795,19.5254745483,34.0301627,108.7564296,34.0301475525,108.75692749,20.0,0.0129979089567,0.111764349068,-0.0160002923939,0.993520916452,7.31134653091,0.135752484202,-0.0563942342997,-2.73928928375,1.46771109104,6.85680103302,209.403050314
351,70.2008393288,9.9,2.0,96758.25,15.5629997253,13.2899999619,0.75,-5.34298038483,16.2689609528,19.5236358643,34.030163,108.7564455,34.0301475525,108.75692749,20.0,0.0145799515016,0.100718800673,-0.0171752200898,0.994659850739,7.33023691177,0.0437647476792,-0.0471348576248,-1.21860158443,-4.24546432495,9.64359951019,206.832265756
352,70.4028335094,9.9,2.0,96758.0,15.5810003281,13.1000003815,0.75,-3.82469272614,16.2759571075,19.5236320496,34.0301632,108.7564615,34.0301475525,108.75692749,20.0,0.0137174399544,0.108787643599,-0.0155343589836,0.993849029667,7.346139431,-0.0694657042623,-0.0627045333385,-2.82576298714,-4.39924001694,16.9750499725,204.111110241
353,70.5848274708,9.9,2.0,96756.734375,15.5769996643,13.1400003433,0.75,-2.26384091377,16.2573776245,19.5213699341,34.030163,108.7564776,34.0301475525,108.75692749,20.0,0.012693587637,0.118950734451,-0.0145927140942,0.992711823401,7.35437345505,-0.171221956611,-0.0865425392985,-2.89260149002,1.45235741138,13.3622426987,204.681780937
354,70.8018217564,9.9,359.0,96754.0,15.5719995499,13.25,0.740000009537,-0.813117802143,16.2143115997,19.5157299042,34.0301628,108.7564936,34.0301475525,108.75692749,20.0,0.00385677908189,0.112357328885,-0.0141983881795,0.993558975056,7.39318275452,-0.267867922783,-0.150012508035,-1.11902630329,-1.14003181458,4.10736656189,206.328994036
355,71.0038168907,9.9,359.0,96758.0,15.5699996948,13.1999998093,0.740000009537,0.715499460697,16.1584739685,19.5119686127,34.0301622,108.7565096,34.0301475525,108.75692749,20.0,-0.00394250577176,0.111609949357,-0.0127820433353,0.993662108394,7.4293961525,-0.322141557932,-0.0764757841825,-0.0487024411559,-1.16428613663,-0.0266256313771,205.523993002
356,71.20181207659999,9.9,359.0,96756.25,15.5690002441,13.1800003052,0.740000009537,2.28816485405,16.0884914398,19.5056724548,34.0301616,108.7565258,34.0301475525,108.75692749,20.0,-0.00238366243274,0.107144680418,-0.0155542522961,0.994118938085,7.4731836319,-0.348539024591,-0.120815977454,-2.38858914375,1.81846439838,8.37737464905,205.199427969
357,71.3838053226,9.9,359.0,96754.75,15.5719995499,13.1800003052,0.740000009537,3.78498959541,16.0139217377,19.4915885925,34.0301609,108.756542,34.0301475525,108.75692749,20.0,-0.00708481674605,0.109330542423,-0.0179107247432,0.993818894671,7.50020122528,-0.374730408192,-0.106470517814,-0.815552890301,0.398847132921,9.7206735611,205.238958819
358,71.6057973385,9.9,359.0,96755.0,15.5740003586,13.220000267,0.75,5.24508905411,15.9336366653,19.4848003387,34.0301602,108.7565583,34.0301475525,108.75692749,20.0,-0.0154521989708,0.108992882946,-0.0176425443461,0.993765831788,7.51982879639,-0.387944042683,-0.0790897086263,-0.199880853295,-0.465194195509,3.04312777519,205.888288899
359,71.8027923584,9.7,2.0,96760.7421875,15.6000003815,13.2399997711,0.75,6.78879833221,15.8518829346,19.4820957184,34.0301595,108.7565745,34.0301475525,108.75692749,20.0,-0.0131002678466,0.11366019334,-0.0182577618938,0.993265590843,7.52504730225,-0.358941584826,-0.149617895484,-2.12437701225,-3.36132669449,18.8860836029,206.54400148
360,72.0047865391,9.7,2.0,96759.0,15.6040000916,13.5500001907,0.75,8.36699676514,15.767411232,19.467590332,34.0301588,108.7565909,34.0301475525,108.75692749,20.0,-0.014791852685,0.113137013972,-0.0183201392296,0.99330040414,7.55973958969,-0.36189687252,-0.137268811464,-3.06376600266,1.71397829056,18.3335990906,211.434204217
361,72.2017817974,9.7,2.0,96757.25,15.5989999771,13.6999998093,0.75,9.87303829193,15.6879272461,19.456905365,34.0301581,108.7566072,34.0301475525,108.75692749,20.0,-0.0164533973572,0.114076962451,-0.0165950687201,0.993197060068,7.59563970566,-0.352598428726,-0.162324532866,-3.20901203156,3.66218590736,3.48566055298,213.706296711
362,72.4047723293,9.7,2.0,96764.4921875,15.5959997177,13.9499998093,0.75,11.4219579697,15.608464241,19.4413909912,34.0301574,108.7566237,34.0301475525,108.75692749,20.0,-0.0165838576584,0.118361142187,-0.0142026450112,0.992730578748,7.62332868576,-0.354482829571,-0.162028178573,-3.23296880722,-1.24969351292,18.9292755127,217.564193087
363,72.6017673492,9.7,2.0,96760.25,15.593000412,14.3199996948,0.75,12.8990631104,15.5371637344,19.4124069214,34.0301569,108.7566402,34.0301475525,108.75692749,20.0,-0.0189571993816,0.119694731694,-0.0103836769208,0.992575436199,7.63456106186,-0.342393755913,-0.216200903058,-3.85815930367,-2.07313966751,14.9767684937,223.291761141
364,72.8037610531,9.5,4.0,96759.2421875,15.5839996338,14.7399997711,0.75,14.4549531937,15.4731760025,19.3775100708,34.0301563,108.7566567,34.0301475525,108.75692749,20.0,-0.0189294825603,0.116819658081,-0.00878593204058,0.992933895145,7.65475940704,-0.308643430471,-0.158281117678,-2.69746279716,-2.9162530899,12.712053299,229.708151035
365,73.0007551193,9.5,4.0,96764.9921875,15.5860004425,14.9799995422,0.75,16.0118217468,15.4140510559,19.35272789,34.0301559,108.7566732,34.0301475525,108.75692749,20.0,-0.0187144914861,0.117080726198,-0.00883688758043,0.992906794722,7.66615247726,-0.295275598764,-0.122044987977,0.182079926133,-0.439964532852,-1.92344844341,233.478279494
366,73.1827483654,9.5,4.0,96763.7421875,15.5710000992,15.0799999237,0.75,17.528049469,15.3662023544,19.3287677765,34.0301555,108.7566899,34.0301475525,108.75692749,20.0,-0.0183068656065,0.102667676216,-0.00938032904513,0.994503064462,7.65433073044,-0.270420104265,-0.132177591324,-6.47470998764,-0.340394854546,18.1874980927,234.810680308
367,73.4047427654,9.5,4.0,96762.0,15.5539999008,15.0399999619,0.75,19.1123104095,15.324259758,19.3145332336,34.0301551,108.7567065,34.0301475525,108.75692749,20.0,-0.0185977776429,0.0583164487465,-0.0102810071978,0.998071975301,7.51203966141,-0.241350129247,-0.0366686098278,0.563871979713,-1.0545040369,-0.322485268116,233.932157915
368,73.6017327785,9.5,4.0,96760.4921875,15.5600004196,14.8299999237,0.740000009537,20.5423698425,15.2949724197,19.310792923,34.0301548,108.7567229,34.0301475525,108.75692749,20.0,-0.013496074334,0.0164139530107,-0.0126145939062,0.999694628968,7.25284433365,-0.219863072038,0.0162634849548,-2.23963856697,-0.215973824263,6.17321634293,230.754805036
369,73.8047287941,7.9,0.0,96759.25,15.5450000763,14.3000001907,0.740000009537,21.9586524963,15.2661275864,19.3197956085,34.0301544,108.7567388,34.0301475525,108.75692749,20.0,-0.0102791836881,0.0071592447878,-0.0146063275262,0.999814873927,6.90988874435,-0.214774340391,0.0495601706207,-0.417814135551,-3.05171537399,9.22415065765,222.293504056
370,74.0017264366,7.9,0.0,96763.7421875,15.5509996414,14.029999733,0.740000009537,23.3481445312,15.23487854,19.3340072632,34.0301542,108.7567541,34.0301475525,108.75692749,20.0,-0.0110066359885,0.00763975672713,-0.016230077012,0.999778543344,6.54710102081,-0.215260609984,0.0270290691406,-1.6802136898,3.05502724648,4.35375547409,218.180520817
371,74.2037208557,7.9,0.0,96757.0,15.5520000458,13.970000267,0.740000009537,24.683013916,15.2072057724,19.3354301453,34.0301539,108.7567685,34.0301475525,108.75692749,20.0,-0.0119388683012,0.00137033332725,-0.0171281842069,0.999781114301,6.20733594894,-0.203922241926,-0.0065742903389,-0.829220354557,4.15975761414,-0.822765290737,217.261444792
372,74.4007151604,7.9,0.0,96760.25,15.5600004196,14.1099996567,0.740000009537,25.9487705231,15.1796550751,19.33385849,34.0301536,108.7567822,34.0301475525,108.75692749,20.0,-0.0114785591903,-0.00528399978865,-0.017428059034,0.999768259513,5.86624574661,-0.193790644407,-0.053313460201,1.28922784328,0.545377194881,-0.749727427959,219.551600579
373,74.6027095795,7.9,0.0,96761.25,15.5620002747,14.279999733,0.75,27.1125526428,15.1500606537,19.3306598663,34.0301533,108.7567951,34.0301475525,108.75692749,20.0,-0.00926696332458,-0.0119493031859,-0.0192871986687,0.99969968659,5.5129404068,-0.196998089552,-0.0573772117496,-2.59950399399,-0.577582597733,15.743601799,222.225359767
374,74.7847047329,5.8,356.0,96763.0,15.5640001297,14.3500003815,0.75,28.2552013397,15.1127748489,19.3230953217,34.030153,108.7568072,34.0301475525,108.75692749,20.0,-0.0114715749965,-0.0156112470184,-0.0206124220264,0.999599840706,5.13238239288,-0.188524365425,-0.0898622348905,-0.826303839684,-0.0180213302374,4.00989532471,223.343407798
375,75.0026991844,5.8,356.0,96762.7421875,15.5629997253,14.5900001526,0.75,29.2406864166,15.0792398453,19.310092926,34.0301526,108.7568185,34.0301475525,108.75692749,20.0,-0.0116572181994,-0.0159132033401,-0.0217274590506,0.999569326388,4.76774311066,-0.179186061025,-0.0923727452755,-2.22309732437,0.0222112759948,9.22114753723,227.064168367
376,75.2046931267,5.8,356.0,96764.75,15.5509996414,14.8999996185,0.740000009537,30.1945476532,15.0414638519,19.290473938,34.0301524,108.7568289,34.0301475525,108.75692749,20.0,-0.0133667416256,-0.018443044379,-0.023621749157,0.999461472602,4.38630533218,-0.174112826586,-0.078723475337,0.0478523746133,0.831089138985,7.70510292053,231.709888725
377,75.386687088,5.8,356.0,96768.4921875,15.545999527,15.1700000763,0.740000009537,31.0492610931,15.0085525513,19.274148941,34.0301522,108.7568385,34.0301475525,108.75692749,20.0,-0.0118916929715,-0.0152875610328,-0.0252099688494,0.999494557878,4.04552221298,-0.165078312159,-0.0787273347378,-2.26442456245,-2.29855942726,15.544716835,235.83281401
378,75.6036818504,5.8,356.0,96769.7421875,15.5559997559,15.3199996948,0.75,31.8516807556,14.9793205261,19.2657852173,34.0301519,108.7568472,34.0301475525,108.75692749,20.0,-0.0127992153772,-0.0169190517092,-0.025924821547,0.999438797598,3.7047970295,-0.153910785913,-0.00260049011558,-0.0875272378325,-0.12143664062,6.73729753494,238.317911512
379,75.8056726933,3.8,349.0,96771.25,15.5410003662,15.279999733,0.740000009537,32.5970649719,14.9552974701,19.2482204437,34.0301518,108.7568552,34.0301475525,108.75692749,20.0,-0.0144297079471,-0.0156930082002,-0.0254990540833,0.999447564142,3.39338254929,-0.141952246428,-0.0537085644901,2.32389378548,-1.27912831306,2.46324872971,237.466481446
380,75.9826658249,3.8,349.0,96770.4921875,15.5279998779,15.6099996567,0.740000009537,33.2249794006,14.9382591248,19.2231750488,34.0301516,108.7568625,34.0301475525,108.75692749,20.0,-0.011382878024,-0.00991761896326,-0.0253819279913,0.999563847297,3.0895357132,-0.129151836038,-0.0382475964725,-1.24816656113,-1.14341270924,13.2077827454,242.392072763
381,76.1846609592,3.8,349.0,96768.4921875,15.5349998474,15.9300003052,0.740000009537,33.8189506531,14.9217863083,19.1933917999,34.0301515,108.7568691,34.0301475525,108.75692749,20.0,-0.0116650034303,-0.00994075000983,-0.027328985952,0.999509014247,2.80243229866,-0.113931834698,-0.0390943773091,0.451110184193,-0.24720749259,1.41441810131,247.47255231
382,76.3826618671,3.8,349.0,96765.0,15.5329999924,16.2099990845,0.740000009537,34.3501548767,14.9130764008,19.167552948,34.0301514,108.756875,34.0301475525,108.75692749,20.0,-0.0123343173636,-0.00556519236666,-0.0301578402772,0.999453591142,2.51913881302,-0.0942003056407,-0.0247396714985,0.0672144517303,1.3329461813,2.60797929764,251.789915655
383,76.6046529293,3.8,349.0,96765.25,15.5279998779,16.6299991608,0.740000009537,34.8223381042,14.9026498795,19.1481723785,34.0301514,108.7568803,34.0301475525,108.75692749,20.0,-0.00516683533642,-0.00195044567824,-0.03345587332,0.999424973431,2.25302577019,-0.0971510708332,0.0264757685363,-1.02494347095,1.31757748127,5.17482042313,258.230624938
384,76.8016469955,2.2,337.0,96762.7421875,15.5260000229,16.9200000763,0.740000009537,35.2207679749,14.8996934891,19.1419296265,34.0301513,108.756885,34.0301475525,108.75692749,20.0,-0.00529422344518,0.00283896059618,-0.0380729341338,0.999256933946,2.04380273819,-0.0953793898225,0.0681727230549,0.335229367018,0.860434651375,5.82975769043,262.699921572
385,77.00364165309999,2.2,337.0,96768.2421875,15.5240001678,17.0400009155,0.740000009537,35.6037483215,14.8989725113,19.1434364319,34.0301514,108.7568893,34.0301475525,108.75692749,20.0,-0.00731405829129,0.00686088965499,-0.0445211490749,0.998958197084,1.85350561142,-0.0944895222783,0.0413841716945,-0.436430633068,1.9952890873,5.07107210159,264.528977073
386,77.2056372643,2.2,337.0,96772.5,15.5129995346,16.9699993134,0.75,35.9365539551,14.9030237198,19.1497116089,34.0301514,108.7568931,34.0301475525,108.75692749,20.0,-0.00621686660906,0.00560198557759,-0.0504393252491,0.998692081883,1.67073631287,-0.0893137827516,0.0881675630808,-3.26160240173,-0.142653465271,15.1109399796,263.25559145
387,77.4026329994,2.2,337.0,96766.9921875,15.513999939,16.9099998474,0.740000009537,36.2167510986,14.9085435867,19.1589317322,34.0301516,108.7568965,34.0301475525,108.75692749,20.0,-0.00411767202544,0.0106764776628,-0.057651030351,0.9982712456,1.5213047266,-0.0830516219139,0.0828254148364,-1.04160106182,-0.632330536842,6.40711259842,262.341736601
388,77.5996275425,2.2,337.0,96767.5,15.5190000534,17.1900005341,0.75,36.4855766296,14.9213876724,19.1706218719,34.0301516,108.7568995,34.0300254822,108.756568909,20.0,-0.00351607894042,0.00810779402249,-0.0766543278481,0.997018599116,1.36000216007,-0.0793863981962,0.105807177722,2.50585460663,-0.321459144354,4.89193725586,266.771619206
389,77.78162126539999,1.2,308.0,96770.2421875,15.5249996185,17.3400001526,0.740000009537,36.7054023743,14.9279870987,19.184009552,34.0301517,108.7569023,34.0300254822,108.756568909,20.0,0.0310466317015,-0.0123052557944,-0.138928108837,0.989739290469,1.16106104851,-0.130010873079,0.0985684320331,1.24856698513,-2.51067495346,6.95420742035,269.203495754
390,78.0046129704,1.2,308.0,96764.75,15.517999649,17.4799995422,0.740000009537,36.8776016235,14.9199810028,19.1991672516,34.0301518,108.7569046,34.0300254822,108.756568909,20.0,0.0676366813248,-0.0569268753829,-0.227720265441,0.969705249645,0.800275027752,-0.26007398963,0.111692540348,-3.06697773933,-0.693601369858,12.8499441147,271.254626762
391,78.2016082287,1.2,308.0,96767.0,15.5100002289,17.3999996185,0.740000009537,36.9669265747,14.8831453323,19.214515686,34.0301516,108.7569064,34.0300254822,108.756568909,20.0,0.087612012083,-0.0845056546754,-0.304636261998,0.944658536613,0.338023036718,-0.416358441114,0.0712965801358,-2.58586239815,-0.0706585496664,18.0382232666,269.873998066
392,78.403603363,1.2,308.0,96766.0,15.513999939,17.6900005341,0.740000009537,36.9697113037,14.8181934357,19.2281742096,34.0301512,108.7569073,34.0300254822,108.756568909,20.0,0.100697837884,-0.0820073806382,-0.380775976826,0.915502358337,-0.226565048099,-0.584035515785,0.0640436634421,-3.16231155396,0.251919329166,13.3210268021,274.442667206
393,78.6005962372,1.2,308.0,96767.4921875,15.5039997101,17.7099990845,0.740000009537,36.8856010437,14.7298679352,19.2417011261,34.0301505,108.7569069,34.0300254822,108.756568909,20.0,0.109460504864,-0.0719374659312,-0.451950223917,0.882374408572,-0.727720558643,-0.746059238911,0.0517847575247,-1.88854134083,-0.35687404871,15.813794136,274.575820671
394,78.7825899601,5.4,67.0,96763.7421875,15.4899997711,17.7999992371,0.740000009537,36.6963996887,14.600271225,19.2563304901,34.0301495,108.7569054,34.0300254822,108.756568909,20.0,0.117995252224,-0.0626671717708,-0.514440818832,0.847054116725,-1.23362910748,-0.91977417469,0.0588556043804,-3.16440272331,0.356646388769,16.240442276,275.721984108
395,79.0055840492,5.4,67.0,96765.5,15.4910001755,17.9500007629,0.740000009537,36.4241294861,14.4454727173,19.2702884674,34.0301482,108.7569028,34.0300254822,108.756568909,20.0,0.126394386831,-0.0497743612493,-0.588511924188,0.796994913902,-1.68641114235,-1.10071468353,0.0397413149476,3.25317335129,-1.15901708603,3.17441415787,278.063464968
396,79.20257763859999,5.4,67.0,96765.25,15.4790000916,18.1000003815,0.740000009537,36.0396308899,14.2511987686,19.2812805176,34.0301466,108.7568992,34.0300254822,108.756568909,20.0,0.128180104021,-0.0389136373211,-0.652185507383,0.746129842263,-2.13825821877,-1.27522945404,0.0322904847562,-2.11785697937,2.63469552994,12.2715082169,280.169907562
397,79.39957146639999,5.4,67.0,96766.5,15.486000061,17.9799995422,0.740000009537,35.566028595,14.0185108185,19.2887058258,34.0301447,108.7568945,34.0300254822,108.756568909,20.0,0.133871909472,-0.0295582065267,-0.711643936844,0.689033827955,-2.5685532093,-1.4345600605,0.0213600099087,-1.86945617199,-0.687003612518,17.3845653534,278.438274008
398,79.581566143,5.4,67.0,96757.4921875,15.4670000076,17.9699993134,0.730000019073,35.0101966858,13.7650098801,19.2970371246,34.0301425,108.7568886,34.0300254822,108.756568909,20.0,0.137184630692,-0.0213202888839,-0.762275367429,0.632188434613,-2.96821165085,-1.56567132473,0.0274610873312,-0.537686288357,0.448496520519,9.98271369934,277.941979517
399,79.8035612583,7.4,30.0,96756.7421875,15.4720001221,17.9799995422,0.730000019073,34.3300590515,13.4736366272,19.3149166107,34.03014,108.756882,34.0300254822,108.756568909,20.0,0.144192402999,-0.00948948411442,-0.815019803922,0.561125039003,-3.36182045937,-1.69383227825,0.025771714747,0.748103737831,1.80746722221,2.89778757095,278.186555112
400,79.9855556965,7.4,30.0,96757.9921875,15.4600000381,17.9099998474,0.730000019073,33.5850067139,13.1599712372,19.3424472809,34.0301375,108.7568744,34.0300254822,108.756568909,20.0,0.150509662413,0.00191337209199,-0.852317594291,0.500897171407,-3.73611116409,-1.82281410694,0.0561575479805,-2.95495438576,1.1882750988,16.4296836853,276.888598324
401,80.2035506248,7.4,30.0,96760.5,15.4600000381,17.8400001526,0.730000019073,32.7989845276,12.8437376022,19.3705387115,34.0301346,108.756866,34.0300254822,108.756568909,20.0,0.169309833174,0.0142147200833,-0.889108610954,0.424991771984,-4.09138631821,-1.95379793644,-0.00753435539082,-1.07723355293,0.936254560947,6.98943424225,275.80640304
402,80.4005442142,7.4,30.0,96757.2421875,15.4530000687,17.9200000763,0.730000019073,31.9107646942,12.4900074005,19.3957061768,34.0301315,108.756857,34.0300254822,108.756568909,20.0,0.178916464454,0.0254270303876,-0.918041495226,0.352905488165,-4.48604059219,-2.10323667526,0.0298320632428,0.838322341442,1.04955887794,1.77541482449,276.917762409
403,80.6025386333,7.4,30.0,96760.75,15.4630002975,17.9200000763,0.730000019073,30.9194927216,12.0985107422,19.4150905609,34.0301282,108.756847,34.0300254822,108.756568909,20.0,0.192522425994,0.0378056756991,-0.940754031493,0.276564206034,-4.9020819664,-2.26884555817,0.00329381669871,-4.0430688858,0.833238899708,21.2654094696,277.096966512
404,80.7995326996,7.6,19.0,96759.2421875,15.4619998932,18.0300006866,0.730000019073,29.8472099304,11.6733398437,19.4354000092,34.0301246,108.7568362,34.0300254822,108.756568909,20.0,0.200127477096,0.0516366803368,-0.956799041694,0.204494907395,-5.34403705597,-2.46407341957,-0.0252099987119,-2.25168061256,-0.728258550167,13.1948690414,278.779868691
405,81.0015235424,7.6,19.0,96761.0,15.4560003281,18.3400001526,0.730000019073,28.7185173035,11.2279853821,19.4463577271,34.0301206,108.7568245,34.0300254822,108.756568909,20.0,0.187269348163,0.0760911353165,-0.964198679593,0.171642703386,-5.7482175827,-2.6888821125,-0.0202563162893,-1.33402681351,-0.469180613756,2.45830893517,283.463048375
406,81.2035186768,7.6,19.0,96756.9921875,15.454000473,17.9099998474,0.730000019073,27.4554386139,10.7035264969,19.4490222931,34.0301162,108.7568119,34.0300254822,108.756568909,20.0,0.16305211672,0.082860372266,-0.967398552626,0.175181099906,-6.06769275665,-2.96062612534,-0.0688488781452,-1.49807310104,0.432728230953,3.13144254684,276.781146114
407,81.40051035879999,7.6,19.0,96755.9921875,15.4569997787,17.5100002289,0.730000019073,26.2437534332,10.1707735062,19.4493732452,34.0301112,108.7567987,34.0300254822,108.756568909,20.0,0.140306218588,0.0548992072939,-0.972274310796,0.178837971217,-6.26301622391,-3.16502141953,-0.0965900123119,-2.63976025581,1.66772317886,13.0504398346,270.652069664
408,81.60350375179999,7.6,19.0,96757.75,15.4610004425,17.2000007629,0.730000019073,24.9351005554,9.57407188416,19.4544410706,34.0301059,108.7567847,34.0300254822,108.756568909,20.0,0.111906913418,0.0369025767368,-0.976366221877,0.181174213177,-6.37207937241,-3.25552749634,-0.0967220142484,-1.03464460373,0.844430029392,3.89829230309,265.929219407
409,81.8054984093,6.5,17.0,96750.5,15.470000267,16.7099990845,0.730000019073,23.6326560974,8.97804355621,19.4636745453,34.0301004,108.7567706,34.0300254822,108.756568909,20.0,0.0809698622051,0.029642149878,-0.979280212836,0.183236079153,-6.37628126144,-3.28890991211,-0.091426320374,0.287759721279,-1.97368323803,6.83273553848,258.503690299
410,82.0024931908,6.5,17.0,96751.5,15.4670000076,16.0300006866,0.730000019073,22.294046402,8.35920715332,19.4782104492,34.0300947,108.7567563,34.0300254822,108.756568909,20.0,0.0454227123114,0.0205024925088,-0.981797770538,0.183274474932,-6.28044986725,-3.25805902481,-0.0791148170829,-4.43214035034,1.74465548992,20.142621994,247.936020743
411,82.204487133,6.5,17.0,96757.5,15.4670000076,15.4300003052,0.730000019073,20.9771518707,7.73536539078,19.5038890839,34.0300892,108.7567422,34.0300254822,108.756568909,20.0,0.0112599462859,0.0158574493157,-0.982817387097,0.183553487069,-6.06493234634,-3.19722819328,-0.0843322947621,-2.03587865829,-2.11177301407,13.3939733505,238.655814838
412,82.4014819145,6.5,17.0,96749.75,15.4759998322,15.0500001907,0.730000019073,19.7042980194,7.12995862961,19.5224514008,34.0300838,108.7567286,34.0300254822,108.756568909,20.0,-1.82332864286e-05,0.00439641465324,-0.983043294205,0.183321089346,-5.79628181458,-3.08794474602,-0.128152757883,0.273443728685,-1.99367082119,0.761984586716,232.913800426
413,82.6034775257,6.5,17.0,96748.75,15.4930000305,14.8500003815,0.730000019073,18.5165328979,6.56354856491,19.5364837646,34.0300786,108.7567156,34.0300254822,108.756568909,20.0,0.00238603401615,-0.00455158486148,-0.983376043574,0.181508058364,-5.51853179932,-2.93688392639,-0.131799459457,-0.586377382278,2.6313996315,5.41787910461,230.071056363
414,82.8014717579,4.7,27.0,96755.25,15.5010004044,14.6800003052,0.740000009537,17.3204879761,6.00520801544,19.5430259705,34.0300736,108.7567032,34.0300254822,108.756568909,20.0,0.0024965501323,-0.0102858132556,-0.983644603293,0.179809456075,-5.24864959717,-2.75723075867,-0.138718262315,1.75483822823,2.1268787384,3.59035634995,227.554690667
415,82.9824667454,4.7,27.0,96750.5,15.5100002289,14.7299995422,0.730000019073,16.2662506104,5.52022743225,19.5417251587,34.0300691,108.7566914,34.0300254822,108.756568909,20.0,0.000256821492129,-0.00963250187158,-0.983940895638,0.178234091171,-5.00665712357,-2.58639955521,-0.176099464297,-0.88484197855,0.199633583426,7.96743059158,228.462296272
416,83.2054613113,4.7,27.0,96751.75,15.5129995346,14.7600002289,0.740000009537,15.2094736099,5.04690265656,19.5400829315,34.0300648,108.7566803,34.0300254822,108.756568909,20.0,-0.00307123755827,-0.00992800429247,-0.984378211338,0.175759902576,-4.75117015839,-2.42247962952,-0.223916083574,-3.42411637306,-1.65251910686,16.0571250916,228.971876681
417,83.3824553967,4.7,27.0,96753.25,15.5150003433,14.8100004196,0.730000019073,14.211432457,4.61329746246,19.5357246399,34.030061,108.7566698,34.0300254822,108.756568909,20.0,-0.00531722632253,-0.0099734369488,-0.98456568052,0.174650344642,-4.49600505829,-2.24333834648,-0.189331516623,-1.86285805702,-0.145088598132,18.1422595978,229.777161595
418,83.6044481277,4.7,27.0,96764.75,15.5089998245,15.0100002289,0.730000019073,13.2792024612,4.22049045563,19.5219707489,34.0300574,108.7566599,34.0300254822,108.756568909,20.0,-0.0092956529807,-0.00947560109069,-0.984394648609,0.175473556888,-4.23297262192,-2.08613562584,-0.237591907382,0.247595220804,-0.409595429897,8.13317775726,232.790090916
419,83.8014402866,3.5,35.0,96765.75,15.5039997101,15.1800003052,0.730000019073,12.4473485947,3.87893462181,19.4904270172,34.0300541,108.7566506,34.0300254822,108.756568909,20.0,-0.00794449185971,-0.00990164415522,-0.98402792888,0.177561385322,-3.981954813,-1.91634428501,-0.251105010509,-2.72993373871,-0.989601135254,14.3356657028,235.350720331
420,84.0034361362,3.5,35.0,96761.2421875,15.5129995346,15.6599998474,0.730000019073,11.6097698212,3.54979681969,19.4431343079,34.0300512,108.7566419,34.0300254822,108.756568909,20.0,-0.00924531820137,-0.00782348504723,-0.983544799556,0.180258404305,-3.72976708412,-1.7523651123,-0.208942174911,-2.25116872787,-1.03162014484,17.085521698,242.933570345
421,84.2014310837,3.5,35.0,96759.5,15.5039997101,15.9600000381,0.730000019073,10.8852777481,3.27654242516,19.3996315002,34.0300484,108.7566338,34.0300254822,108.756568909,20.0,-0.0127316729122,-0.00573329605976,-0.982777389738,0.184265052312,-3.47460699081,-1.60776472092,-0.164539277554,1.0564469099,0.314440608025,0.40418022871,247.443835964
422,84.4034252644,3.5,35.0,96762.7421875,15.4989995956,16.2900009155,0.730000019073,10.182849884,3.0100672245,19.3555965424,34.030046,108.7566262,34.0300254822,108.756568909,20.0,-0.0170033580832,-0.00761578043869,-0.981856944714,0.188705433537,-3.21779966354,-1.47300195694,-0.172873407602,-4.03396606445,-0.950433075428,20.7966270447,252.478717603
423,84.6054192066,3.5,35.0,96759.75,15.4879999161,16.6700000763,0.730000019073,9.55127811432,2.78413152695,19.3218193054,34.0300438,108.7566193,34.0300254822,108.756568909,20.0,-0.0148675550104,-0.00519162509197,-0.980893214875,0.193908546279,-2.97991466522,-1.33062291145,-0.0869860872626,0.39743411541,1.20493876934,8.40305709839,258.184959783
424,84.8024132729,3.4,27.0,96764.75,15.4870004654,16.6499996185,0.730000019073,8.94593429565,2.57560753822,19.2976779938,34.0300418,108.7566129,34.0300254822,108.756568909,20.0,-0.0139431712311,0.00777319793006,-0.979568750161,0.200474814543,-2.73377466202,-1.20492303371,-0.0668156296015,1.0578700304,0.0902870893478,1.61096227169,257.858551841
425,85.00440793039999,3.4,27.0,96764.5,15.4940004349,16.8700008392,0.730000019073,8.4057598114,2.38219237328,19.281873703,34.0300399,108.756607,34.0300254822,108.756568909,20.0,-0.00584734246838,0.0136726398301,-0.977950606206,0.20830658408,-2.51978993416,-1.14416718483,-0.0258113928139,-1.62020409107,0.710887372494,10.6954154968,261.383800339
426,85.2014024734,3.4,27.0,96766.5,15.4899997711,16.9200000763,0.740000009537,7.93106889725,2.20068693161,19.2720394135,34.0300381,108.7566017,34.0300254822,108.756568909,20.0,0.0248869359753,0.0239751751771,-0.976255965721,0.213846028674,-2.39654493332,-1.13177812099,-0.0322242118418,-3.50488066673,0.919789731503,17.3120861053,262.090797309
427,85.38339643479999,3.4,27.0,96767.9921875,15.4870004654,16.9300003052,0.730000019073,7.4421672821,2.00050592422,19.2595062256,34.0300364,108.7565967,34.0300254822,108.756568909,20.0,0.0487361052463,0.0163493815692,-0.975075601082,0.215835697098,-2.37213897705,-1.15464901924,-0.0103519242257,1.70757985115,0.570322692394,-0.870905637741,262.194922605
428,85.6013916016,3.4,27.0,96763.5,15.4790000916,16.9799995422,0.730000019073,6.98595476151,1.80912697315,19.2426261902,34.0300346,108.7565919,34.0301742554,108.756187439,20.0,0.047615888111,0.0123282679737,-0.974967367975,0.216839803617,-2.40098929405,-1.15116965771,0.055844321847,-2.50762462616,0.568119227886,12.4512805939,262.833414469
429,85.8033853054,6.5,4.0,96766.75,15.468000412,17.5,0.730000019073,6.52525091171,1.61516058445,19.2386398315,34.0300326,108.756587,34.0301742554,108.756187439,20.0,0.0595805657593,-0.00530665701245,-0.983695643127,0.169602627331,-2.44280910492,-1.11229407787,0.0838356241584,-3.62064433098,-2.73586654663,19.6723861694,270.69000721
430,86.00538043979999,6.5,4.0,96766.9921875,15.4560003281,17.4899997711,0.72000002861,6.07747888565,1.43199944496,19.2443580627,34.0300307,108.7565821,34.0301742554,108.756187439,20.0,0.0900719193172,-0.0502947141435,-0.99068759456,0.0888567255758,-2.54260706902,-0.988316833973,0.0866616666317,-1.40945410728,-0.40890699625,14.0392885208,270.3254422
431,86.1823740482,6.5,4.0,96764.5,15.4580001831,17.7600002289,0.730000019073,5.57567977905,1.27174699306,19.2508811951,34.0300288,108.7565769,34.0301742554,108.756187439,20.0,0.125059253696,-0.0832539052931,-0.988590662406,0.0108440469471,-2.77314114571,-0.697562456131,0.177369058132,2.29004311562,-0.934963345528,-0.195887804031,274.53408679
432,86.4043689251,6.5,4.0,96763.0,15.4449996948,18.1700000763,0.72000002861,5.0130314827,1.17041027546,19.2610206604,34.0300273,108.7565713,34.0301742554,108.756187439,20.0,0.174896903706,-0.107377462731,-0.97466504863,-0.0889341914834,-3.15878272057,-0.280444383621,0.151756256819,-1.49785518646,0.606842339039,10.1267442703,280.635645633
433,86.6013625145,6.5,4.0,96767.75,15.4350004196,18.4899997711,0.72000002861,4.39057636261,1.14624249935,19.2780418396,34.0300263,108.7565648,34.0301742554,108.756187439,20.0,0.209576368527,-0.0988469774708,-0.957909611152,-0.169458990871,-3.63042545319,0.218693688512,0.213659062982,-4.01167154312,0.932969748974,19.2439956665,285.393154226
434,86.80435805319999,9.0,9.0,96764.75,15.4270000458,18.7900009155,0.72000002861,3.65496468544,1.19142997265,19.2963924408,34.0300261,108.7565574,34.0301742554,108.756187439,20.0,0.228137629877,-0.0976837876722,-0.939515736011,-0.236054025018,-4.15296268463,0.690387248993,0.181480318308,-3.42664217949,0.840458035469,10.8226242065,289.873344984
435,87.00135354999999,9.0,9.0,96763.5,15.4130001068,19.0300006866,0.72000002861,2.84283852577,1.30540311337,19.3094482422,34.0300267,108.7565489,34.0301742554,108.756187439,20.0,0.239420599373,-0.0859350744269,-0.935135793367,-0.246605446396,-4.67042064667,1.12272942066,0.154550895095,1.20772957802,-0.950397789478,4.58550262451,293.309402616
436,87.1833482265,9.0,9.0,96760.7421875,15.4119997025,19.1900005341,0.709999978542,1.90766739845,1.49949967861,19.3227233887,34.0300278,108.7565392,34.0301742554,108.756187439,20.0,0.240476003875,-0.0952761384143,-0.933207090359,-0.249435923374,-5.18543481827,1.54563677311,0.126782462001,-2.83098316193,-0.416489422321,12.9034051895,295.756282521
437,87.4003408432,9.0,9.0,96761.7421875,15.4020004272,19.3400001526,0.709999978542,0.891302883625,1.76619446278,19.3338108063,34.0300297,108.7565281,34.0301742554,108.756187439,20.0,0.241412317188,-0.116713627147,-0.929972825497,-0.251492520994,-5.65167140961,2.00182032585,0.0893447399139,-2.59067988396,-1.27863967419,16.0157604218,297.874690613
438,87.6023324013,9.0,9.0,96756.25,15.3870000839,19.1499996185,0.709999978542,-0.256307214499,2.12631249428,19.3492565155,34.0300323,108.756516,34.0301742554,108.756187439,20.0,0.22380871653,-0.114865909308,-0.934514907068,-0.251788644752,-6.07670021057,2.47729182243,0.0734791606665,-0.604572117329,-0.00170722603798,1.85269236565,294.661045737
439,87.799327898,8.8,17.0,96756.25,15.3950004578,18.7099990845,0.709999978542,-1.48387777805,2.56275558472,19.3677501678,34.0300359,108.7565028,34.0301742554,108.756187439,20.0,0.19259558502,-0.107904216678,-0.941414114361,-0.254957476631,-6.37245893478,2.868029356,0.0491927936673,-0.644898176193,-0.328902572393,13.3028650284,288.04044447
440,88.0013206482,8.8,17.0,96753.0,15.3959999084,17.75,0.709999978542,-2.73956370354,3.05558180809,19.4028759003,34.0300402,108.7564887,34.0301742554,108.756187439,20.0,0.162879844111,-0.0943113733443,-0.947839253903,-0.257247546718,-6.56850528717,3.1928024292,0.107558839023,-1.36945843697,1.68970108032,9.1300907135,273.278998375
441,88.1993108273,8.8,17.0,96750.25,15.4139995575,16.3400001526,0.709999978542,-4.04717969894,3.60617423058,19.4477367401,34.0300453,108.7564741,34.0301742554,108.756187439,20.0,0.13179174913,-0.0762650305793,-0.953556579271,-0.259893251913,-6.66489028931,3.37024497986,0.123622663319,-2.21526956558,-1.54309892654,10.7783870697,251.864755121
442,88.401303339,8.8,17.0,96754.5,15.4329996109,15.25,0.72000002861,-5.41727733612,4.21547555923,19.4941654205,34.0300509,108.756459,34.0301742554,108.756187439,20.0,0.0905629340536,-0.0593020290913,-0.958951418027,-0.262095045426,-6.65774106979,3.47052025795,0.145357891917,-3.18595814705,-3.09296178818,13.0196580887,235.353244066
443,88.6032996655,8.8,17.0,96752.0,15.4409999847,14.4300003052,0.709999978542,-6.80744075775,4.86238050461,19.5541706085,34.0300567,108.756444,34.0301742554,108.756187439,20.0,0.0886114783327,-0.0649915941738,-0.958347917303,-0.263615745867,-6.62366056442,3.5107858181,0.113545194268,-2.54539871216,0.495883703232,7.62266159058,222.813634492
444,88.8052938461,7.4,20.0,96751.9921875,15.4589996338,13.8100004196,0.709999978542,-8.16697216034,5.52041101456,19.5968856812,34.0300627,108.7564291,34.0301742554,108.756187439,20.0,0.096725397313,-0.0649908487014,-0.957131179933,-0.265179773269,-6.58817768097,3.59703159332,0.0344070866704,-1.63615596294,5.35114049911,4.96645545959,213.488791429
445,89.0022893429,7.4,20.0,96754.75,15.4630002975,13.4200000763,0.709999978542,-9.5662651062,6.22354793549,19.6162967682,34.0300688,108.7564143,34.0301742554,108.756187439,20.0,0.100510434556,-0.0535543356023,-0.957507656658,-0.264969102246,-6.59904718399,3.69569158554,-0.0355693027377,1.31844806671,4.11427688599,-3.60682249069,207.513465173
446,89.2042849541,7.4,20.0,96755.75,15.468000412,13.25,0.709999978542,-10.9642419815,6.9462723732,19.6262283325,34.0300751,108.7563996,34.0301742554,108.756187439,20.0,0.092182284462,-0.0481305380098,-0.958689686098,-0.264764036755,-6.60114431381,3.74515533447,-0.0969340279698,2.42414522171,6.04510736465,1.95190405846,204.951005459
447,89.4022806168,7.4,20.0,96754.75,15.4689998627,13.0200004578,0.709999978542,-12.3187074661,7.66564750671,19.6306037903,34.0300815,108.7563848,34.0301742554,108.756187439,20.0,0.0576945219474,-0.0407889126133,-0.961380404127,-0.265999213371,-6.55245494843,3.76823663712,-0.0996846333146,-1.62467741966,-1.61598539352,9.82202339172,201.406385293
448,89.6042747974,7.4,20.0,96751.4921875,15.4910001755,12.6099996567,0.72000002861,-13.7173633575,8.42077255249,19.6257858276,34.0300881,108.7563703,34.0301742554,108.756187439,20.0,0.0147575174915,-0.0341372574686,-0.962975451609,-0.267011285644,-6.3928694725,3.72899746895,-0.132436230779,1.403865695,1.96605122089,-1.10266911983,195.341506894
449,89.8012681484,5.3,29.0,96751.0,15.5030002594,12.4499998093,0.709999978542,-14.9689435959,9.11929035187,19.6177921295,34.0300947,108.7563561,34.0301742554,108.756187439,20.0,-0.00587032237899,-0.0252836375893,-0.963246835166,-0.26736106234,-6.11735677719,3.64662671089,-0.137461572886,-3.33643341064,3.24392986298,12.788898468,193.012350273
450,90.0032630444,5.3,29.0,96757.4921875,15.501999855,12.6700000763,0.709999978542,-16.2319545746,9.84502315521,19.5952892303,34.0301012,108.7563423,34.0301742554,108.756187439,20.0,-0.0102905354313,-0.01271049338,-0.96342705509,-0.267471487083,-5.83656024933,3.52508354187,-0.237187966704,-3.15349817276,-2.75433015823,14.1542673111,196.410339346
451,90.2052560329,5.3,29.0,96757.25,15.501999855,12.9200000763,0.709999978542,-17.4694423676,10.5647592545,19.5653381348,34.0301075,108.7563293,34.0301742554,108.756187439,20.0,-0.0143405876951,-0.00401536581904,-0.963581417923,-0.267000517124,-5.53345060349,3.35584592819,-0.303755819798,0.507381916046,3.1159517765,-1.91733515263,200.28583931
452,90.4022481918,5.3,29.0,96758.5,15.501999855,13.3500003815,0.709999978542,-18.5530605316,11.2017850876,19.5302314758,34.0301136,108.756317,34.0301742554,108.756187439,20.0,-0.0240710556355,-0.00140779166814,-0.964332748718,-0.263592586174,-5.19936561584,3.16730594635,-0.223251774907,-0.582687973976,-2.24389600754,3.93987321854,206.951703978
453,90.5792408466,5.3,29.0,96756.796875,15.4989995956,13.779999733,0.709999978542,-19.6167030334,11.8445854187,19.4894294739,34.0301193,108.7563054,34.0301742554,108.756187439,20.0,-0.0258170481041,0.00237739967447,-0.965554122241,-0.258907500347,-4.85676431656,2.98887729645,-0.236435502768,-3.66940975189,-1.51362514496,17.9725627899,213.576210289
454,90.80223517419999,3.1,38.0,96750.75,15.4899997711,14.1999998093,0.709999978542,-20.5852336884,12.4268188477,19.4460258484,34.0301247,108.7562948,34.0301742554,108.756187439,20.0,-0.0271913442229,0.00929179498002,-0.966905434498,-0.253511607919,-4.53197574615,2.76272463799,-0.221677690744,1.452247262,1.02332282066,6.66458892822,219.957993795
455,90.9842300892,3.1,38.0,96754.25,15.4729995728,14.3900003433,0.709999978542,-21.4770126343,12.9672327042,19.4113311768,34.0301297,108.7562848,34.0301742554,108.756187439,20.0,-0.0264499317668,0.0138381722362,-0.967790771198,-0.249979870601,-4.1874666214,2.53656339645,-0.21891862154,-1.76279187202,1.07967019081,11.8242683411,222.656469164
456,91.2012229443,3.1,38.0,96757.9921875,15.470000267,14.6899995804,0.709999978542,-22.3171443939,13.4711961746,19.3830280304,34.0301343,108.7562757,34.0301742554,108.756187439,20.0,-0.0209974275607,0.0131222349158,-0.968621148407,-0.247305400182,-3.86740469933,2.28829646111,-0.152638748288,0.184597730637,2.10798811913,3.45768928528,227.254297431
457,91.4032173634,3.1,38.0,96757.75,15.4770002365,14.720000267,0.709999978542,-23.0921955109,13.9294176102,19.3610229492,34.0301384,108.7562674,34.0301742554,108.756187439,20.0,-0.0192219359201,0.0121647036279,-0.968913984711,-0.246349593952,-3.60346388817,2.05649805069,-0.152029752731,-1.84814560413,1.46726596355,12.1796045303,227.821447614
458,91.6052127361,3.1,38.0,96768.75,15.470000267,14.8500003815,0.709999978542,-23.8190422058,14.3504962921,19.3380699158,34.030142,108.7562596,34.0301742554,108.756187439,20.0,-0.0152976426907,0.0124826122025,-0.968698234993,-0.247454979348,-3.34342288971,1.82773804665,-0.143503412604,-0.616160452366,-0.539331197739,4.3457493782,229.729509867
459,91.8022063255,2.7,42.0,96771.25,15.4809999466,15.0699996948,0.72000002861,-24.4527893066,14.7030830383,19.3116474152,34.0301451,108.7562526,34.0301742554,108.756187439,20.0,-0.0136022794531,0.0157769794573,-0.96895238049,-0.246368686474,-3.08297896385,1.62435293198,-0.0808301344514,-2.67064428329,-0.623482823372,12.0825948715,233.298664471
460,91.9841988564,2.7,42.0,96771.25,15.482000351,15.1199998856,0.72000002861,-25.0466785431,15.0115365982,19.274679184,34.030148,108.7562461,34.0301742554,108.756187439,20.0,-0.00316523128662,0.00897343777198,-0.970104506741,-0.242500785892,-2.86147332191,1.43505764008,-0.0992868766189,0.875649452209,2.33120012283,-0.396412372589,234.087843535
461,92.20219521519999,2.7,42.0,96771.5,15.482000351,15.4799995422,0.72000002861,-25.5630989075,15.2738227844,19.2296237946,34.0301504,108.7562401,34.0301742554,108.756187439,20.0,0.000778761643279,0.00479099443682,-0.971574462376,-0.23668490012,-2.65435147285,1.29377412796,-0.0741516277194,-0.511081755161,-0.358188271523,6.24287605286,239.661358346
462,92.4041901112,2.7,42.0,96764.2421875,15.4709997177,15.7299995422,0.72000002861,-26.0704078674,15.5194816589,19.1727237701,34.0301525,108.7562346,34.0301742554,108.756187439,20.0,0.00344877997224,0.000904253555448,-0.972749095044,-0.2318332078,-2.45135688782,1.18235099316,-0.0756222382188,-2.98336577415,0.200494289398,16.8851108551,243.358818478
463,92.5811872959,2.7,42.0,96767.9921875,15.4709997177,16.25,0.72000002861,-26.5003395081,15.7196702957,19.1255550385,34.0301543,108.7562295,34.0301742554,108.756187439,20.0,0.00072215793182,-0.00187223940202,-0.973602610873,-0.228240989755,-2.27133703232,1.076420784,-0.0341999083757,0.308702737093,0.659494161606,2.88624739647,251.403745413
464,92.8031824112,4.4,55.0,96767.5,15.4560003281,16.5,0.72000002861,-26.9177246094,15.9015855789,19.0894165039,34.0301558,108.7562248,34.0301742554,108.756187439,20.0,0.00233036024156,-0.00239792906893,-0.974415750022,-0.224728260666,-2.0851354599,0.967703223228,0.0323458388448,-1.32436430454,-1.47555088997,12.9191398621,255.024005413
465,93.0051770687,4.4,55.0,96771.75,15.4440002441,16.8299999237,0.709999978542,-27.290014267,16.0532283783,19.0654678345,34.0301573,108.7562205,34.0301742554,108.756187439,20.0,0.00509348088686,-0.0110771084826,-0.974177873209,-0.225452343523,-1.9232506752,0.895179152489,0.0882275104523,0.324260503054,0.338950693607,0.0961929038167,259.922522931
466,93.2021720886,4.4,55.0,96770.7421875,15.4320001602,16.8199996948,0.709999978542,-27.6459140778,16.193479538,19.0521202087,34.0301585,108.7562164,34.0301742554,108.756187439,20.0,-0.00203984227202,-0.00953616767604,-0.972952580029,-0.230799514194,-1.75850057602,0.82231926918,0.114780507982,0.43040022254,1.15316867828,3.37312340736,259.566237985
467,93.39916639329999,4.4,55.0,96775.5,15.4429998398,16.9699993134,0.72000002861,-27.9632110596,16.3126392365,19.0417804718,34.0301596,108.7562127,34.0301742554,108.756187439,20.0,-0.00194743234321,-0.00780581201754,-0.970569428626,-0.240687333442,-1.59761750698,0.753530561924,0.117307409644,-1.35389733315,-0.916776001453,12.7585821152,262.067696677
468,93.6021607399,4.4,55.0,96773.75,15.4390001297,16.9300003052,0.72000002861,-28.2350540161,16.4088592529,19.0375061035,34.0301606,108.7562093,34.0301742554,108.756187439,20.0,-0.000161168231617,-0.015522764649,-0.967011012354,-0.254260936739,-1.43355774879,0.687067687511,0.170275866985,1.08486664295,0.167511478066,8.03811359406,261.382276907
469,93.7991538525,5.2,33.0,96771.5,15.4379997253,17.6499996185,0.709999978542,-28.4937992096,16.4983177185,19.0316429138,34.0301615,108.7562061,34.0301513672,108.75693512,20.0,0.00118106467221,-0.018991051862,-0.962988538205,-0.26886994059,-1.28368628025,0.654673278332,0.199401974678,-0.934987664223,-1.14502131939,6.85264158249,272.480689263
470,94.0011492252,5.2,33.0,96772.5,15.4280004501,17.4899997711,0.709999978542,-28.7199058533,16.5795059204,19.0360870361,34.0301622,108.7562033,34.0301513672,108.75693512,20.0,-0.0292067754025,-0.0260093840948,-0.941039639612,-0.336028162,-1.11916208267,0.613132536411,0.178205862641,0.619925439358,-1.10870194435,9.08439540863,269.835724342
471,94.2031431675,5.2,33.0,96772.25,15.4219999313,17.5,0.709999978542,-28.9071006775,16.6445026398,19.0430717468,34.030163,108.756201,34.0301513672,108.75693512,20.0,-0.0693987123155,-0.0458501485268,-0.907926883786,-0.410792540867,-0.781482815742,0.537327647209,0.225220799446,-0.76688760519,-0.174707353115,10.8071756363,269.884998798
472,94.4001367569,5.2,33.0,96775.7421875,15.4110002518,17.8099994659,0.709999978542,-29.0115680695,16.6998901367,19.049030304,34.0301636,108.7561992,34.0301513672,108.75693512,20.0,-0.104397606784,-0.070238397393,-0.866049016462,-0.483866578228,-0.324831396341,0.457223117352,0.196246355772,-3.09051370621,0.656616210938,20.417509079,274.469906254
473,94.6021321297,5.2,33.0,96769.4921875,15.4029998779,18.0599994659,0.709999978542,-29.0184936523,16.7420482635,19.0613384247,34.0301642,108.7561983,34.0301513672,108.75693512,20.0,-0.104876832257,-0.0881221007379,-0.819766845616,-0.556073528474,0.264388054609,0.362675219774,0.222125351429,1.63800597191,-0.698605060577,3.68065977097,278.178169569
474,94.80013017649999,8.8,2.0,96773.25,15.4090003967,18.0499992371,0.709999978542,-28.9239902496,16.7754993439,19.0749340057,34.0301646,108.7561985,34.0301513672,108.75693512,20.0,-0.0946028257164,-0.100223995025,-0.771466515076,-0.621164067643,0.811656415462,0.282767355442,0.206219032407,-0.03582816571,0.634100973606,9.12159252167,278.132445405
475,95.00212388039999,8.8,2.0,96767.0,15.4090003967,17.9099998474,0.709999978542,-28.7405929565,16.7912216187,19.0840435028,34.0301648,108.7561999,34.0301513672,108.75693512,20.0,-0.0867628714589,-0.111901820234,-0.718613464837,-0.680841367005,1.30803632736,0.218410909176,0.218361407518,1.11367988586,0.705184698105,5.38049602509,275.975194754
476,95.2041152,8.8,2.0,96767.0,15.4040002823,18.1299991608,0.709999978542,-28.4676818848,16.7920970917,19.0905799866,34.0301648,108.7562025,34.0301513672,108.75693512,20.0,-0.0746976735769,-0.120616533321,-0.661712683951,-0.736212132997,1.75944912434,0.154794380069,0.192342504859,-1.23645293713,-0.357526302338,12.6600313187,279.27451219
477,95.4011097431,8.8,2.0,96760.7578125,15.3990001678,18.2999992371,0.709999978542,-28.0903987885,16.777765274,19.1072807312,34.0301648,108.7562061,34.0301513672,108.75693512,20.0,-0.0660429077972,-0.129882006935,-0.60021869605,-0.786451900821,2.21516799927,0.0800483971834,0.222599625587,-0.911655902863,-0.953669726849,8.70968151093,281.801691323
478,95.603103447,8.8,2.0,96760.2421875,15.3990001678,18.25,0.709999978542,-27.619550705,16.746881485,19.1359004974,34.0301647,108.7562109,34.0301513672,108.75693512,20.0,-0.0504282142862,-0.138904554017,-0.534623859302,-0.832069552843,2.63731789589,0.0052198395133,0.242733284831,-1.97506642342,0.302665770054,15.3371725082,281.031753063
479,95.80009822849999,9.9,3.0,96755.9921875,15.4029998779,18.0400009155,0.709999978542,-27.0432720184,16.7001991272,19.1812667847,34.0301643,108.7562166,34.0301513672,108.75693512,20.0,-0.0335534959579,-0.148455857022,-0.468116048058,-0.870461032858,3.03276252747,-0.0303163491189,0.229563102126,-2.38005876541,-0.396114170551,11.1898031235,277.8701319
480,96.0030932903,9.9,3.0,96750.25,15.4079999924,17.5599994659,0.709999978542,-26.4306755066,16.6460781097,19.2363471985,34.0301638,108.7562232,34.0301513672,108.75693512,20.0,-0.0220164494542,-0.154418413828,-0.398307190272,-0.903892439933,3.36600804329,-0.0442019030452,0.24108286202,-3.89929866791,1.8720818758,18.724489212,270.564471637
481,96.2000868797,9.9,3.0,96759.5,15.4110002518,17.0200004578,0.709999978542,-25.7119140625,16.5815925598,19.2981510162,34.0301632,108.7562306,34.0301513672,108.75693512,20.0,-0.0140348742123,-0.168349691086,-0.324488312731,-0.93068192515,3.70284509659,-0.0608319304883,0.218228504062,-0.123739913106,1.25525677204,2.75323629379,262.29523134
482,96.4020805836,9.9,3.0,96757.25,15.404999733,16.8400001526,0.709999978542,-24.935842514,16.5067691803,19.3519668579,34.0301627,108.7562388,34.0301513672,108.75693512,20.0,-0.00841502396862,-0.183814223279,-0.242602233357,-0.952515488892,4.0408577919,-0.0684385225177,0.172720879316,-2.59899067879,-1.30474817753,11.8886985779,259.420197854
483,96.6040754795,9.9,3.0,96764.5,15.4020004272,16.6499996185,0.709999978542,-24.0797309875,16.4334812164,19.3942642212,34.030162,108.7562477,34.0301513672,108.75693512,20.0,0.00318456318992,-0.199439150571,-0.160427932759,-0.966683489194,4.41470813751,-0.0592661611736,0.0942113548517,-2.04531121254,2.73764300346,9.08525466919,256.443301238
484,96.8010700226,10.3,2.0,96759.75,15.4090003967,16.6000003815,0.709999978542,-23.1178321838,16.3585929871,19.4225406647,34.0301614,108.7562573,34.0301513672,108.75693512,20.0,0.0143808840336,-0.211046361041,-0.0821014286965,-0.973915846251,4.85202217102,-0.0290341340005,0.0474739409983,-4.09388589859,0.545057833195,16.8360290527,255.789412464
485,97.0030646801,10.3,2.0,96760.0,15.3979997635,16.7999992371,0.699999988079,-22.071187973,16.2915840149,19.4401836395,34.0301609,108.7562679,34.0301513672,108.75693512,20.0,0.0376489789847,-0.215021167104,-0.00719349766329,-0.975856961506,5.32234811783,0.0109306750819,0.061106082052,-0.548966348171,0.949355244637,2.71955800056,258.686384279
486,97.20005946159999,10.3,2.0,96764.5,15.3959999084,16.9300003052,0.699999988079,-20.9648456573,16.2418251038,19.4541072845,34.0301604,108.7562794,34.0301513672,108.75693512,20.0,0.0595476332656,-0.216502929125,0.0266022478431,-0.974101081651,5.76312255859,0.117842435837,0.0391191467643,-1.93846559525,-1.28578174114,7.01472806931,260.654283148
487,97.3820493698,10.3,2.0,96760.0,15.392999649,16.7199993134,0.699999988079,-19.7497615814,16.2175617218,19.4598007202,34.0301601,108.7562921,34.0301513672,108.75693512,20.0,0.0611149586579,-0.217751181801,0.022767053216,-0.97382291245,6.19600248337,0.273500442505,-0.00477102352306,-2.09376144409,-1.14013791084,12.1752920151,257.370943563
488,97.6000431061,10.3,2.0,96756.4921875,15.3940000534,16.5100002289,0.699999988079,-18.4429035187,16.2207202911,19.4577217102,34.0301601,108.7563057,34.0301513672,108.75693512,20.0,0.0468736965967,-0.196399493515,0.0146103736237,-0.979293994856,6.58437490463,0.403277277946,-0.0585299916565,-1.54011940956,1.36057507992,3.42364120483,254.154944405
489,97.7820377827,10.2,4.0,96758.7421875,15.3920001984,16.1299991608,0.699999988079,-17.0899810791,16.2364864349,19.4622688293,34.0301605,108.7563199,34.0301513672,108.75693512,20.0,0.0377057244478,-0.172469693042,0.00631987778736,-0.984272591336,6.88292121887,0.484420090914,-0.0155882276595,-1.62899267673,-0.434095978737,6.73224115372,248.272950282
490,98.00403170589999,10.2,4.0,96759.0,15.3990001678,15.7100000381,0.699999988079,-15.6290092468,16.2835636139,19.4662837982,34.0301612,108.7563348,34.0301513672,108.75693512,20.0,0.0252430857356,-0.149359896386,0.00200610569542,-0.988458658477,7.07666540146,0.528872907162,-0.0513481907547,-4.63755655289,-1.13391399384,10.0577259064,241.918293224
491,98.2060258865,10.2,4.0,96755.5078125,15.4079999924,15.1899995804,0.709999978542,-14.2121429443,16.3494567871,19.467420578,34.030162,108.7563501,34.0301513672,108.75693512,20.0,0.0122120967712,-0.117335208869,-0.000929928065544,-0.993016840143,7.16205310822,0.531919121742,-0.0839807093143,-0.066708534956,0.568491339684,6.86818981171,234.047513419
492,98.3830199718,10.2,4.0,96756.5,15.4169998169,15.1099996567,0.699999988079,-12.7416563034,16.4238777161,19.4644355774,34.0301628,108.7563658,34.0301513672,108.75693512,20.0,0.0069349004059,-0.110394160292,-0.000190925223754,-0.993863738917,7.16273593903,0.50136911869,-0.0779709666967,-4.1288394928,-0.468360602856,12.1525621414,232.95086194
493,98.6000135422,10.2,4.0,96755.75,15.404999733,14.8699998856,0.699999988079,-11.2611513138,16.4998130798,19.4711818695,34.0301636,108.7563815,34.0301513672,108.75693512,20.0,-0.000127720756056,-0.119212671846,0.00349089702161,-0.992862624825,7.18150424957,0.442350119352,-0.0706508755684,-3.55833077431,0.00665850937367,3.98109221458,229.072344266
494,98.7820079803,10.1,2.0,96756.0,15.406999588,14.8400001526,0.699999988079,-9.80242919922,16.5701370239,19.4661846161,34.0301643,108.7563973,34.0301513672,108.75693512,20.0,-0.00488291786587,-0.125246930978,0.00618601939649,-0.99209437207,7.20629739761,0.392285883427,-0.142288565636,-0.474619418383,-1.2652810812,-0.682767391205,228.639876237
495,99.000003624,10.1,2.0,96759.7421875,15.3990001678,15.0100002289,0.689999997616,-8.29908657074,16.6292381287,19.4534759521,34.0301649,108.756413,34.0301513672,108.75693512,20.0,-0.00970751503012,-0.129144402842,0.00802109318065,-0.991545872983,7.24017620087,0.32189437747,-0.135429143906,-5.53609228134,-0.212028056383,19.0260868073,231.138996044
496,99.201999712,10.1,2.0,96758.203125,15.392999649,14.8800001144,0.699999988079,-6.86850976944,16.6715507507,19.4468784332,34.0301654,108.7564288,34.0301513672,108.75693512,20.0,-0.0129820986201,-0.12864207036,0.0102716927443,-0.991552911507,7.2889585495,0.203332543373,-0.0404148995876,-4.15293645859,2.99005460739,20.9518890381,229.047836539
497,99.3839939117,10.1,2.0,96753.5,15.3990001678,14.779999733,0.689999997616,-5.31509065628,16.6968326569,19.4507808685,34.0301657,108.7564448,34.0301513672,108.75693512,20.0,-0.0105596242082,-0.127503209829,0.0125859340492,-0.991702153498,7.33262729645,0.078253775835,0.00695802178234,-1.56775331497,-2.70226359367,12.2030105591,227.597218369
498,99.60098629,10.1,2.0,96757.0,15.3990001678,14.3100004196,0.689999997616,-3.82856535912,16.701253891,19.455329895,34.0301658,108.7564606,34.0301513672,108.75693512,20.0,-0.00985027694274,-0.12174967505,0.0143225949421,-0.992408661119,7.37414932251,-0.000777701614426,0.0348978638649,0.248410716653,1.16592228413,3.52478647232,220.359698864
499,99.802979994,10.1,2.0,96755.9921875,15.4090003967,14.1099996567,0.689999997616,-2.30445885658,16.6878242493,19.465845108,34.0301657,108.7564767,34.0301513672,108.75693512,20.0,-0.0109765461021,-0.119763810379,0.0179781597008,-0.992578934387,7.4014582634,-0.0502378977835,0.0014885525452,-2.75051593781,-0.747817993164,14.0674333572,217.420990308
500,99.999976206,10.1,2.0,96759.25,15.406999588,13.7100000381,0.689999997616,-0.851857960224,16.658996582,19.4781990051,34.0301654,108.7564929,34.0301513672,108.75693512,20.0,-0.00480728007786,-0.117379605306,0.0197947731653,-0.992878261305,7.43868303299,-0.118111655116,0.0268313102424,-1.57142519951,5.4197602272,19.2020511627,211.229964939
501,100.20297246,10.1,2.0,96752.5,15.4139995575,13.279999733,0.689999997616,0.724595487118,16.6085147858,19.4979743958,34.0301651,108.7565091,34.0301513672,108.75693512,20.0,-0.00251391726806,-0.114938149007,0.0198257932458,-0.993171687665,7.47731542587,-0.190265581012,0.0668957605958,-4.71010971069,-2.14428186417,19.8396511078,204.697910008
502,100.404965925,10.1,2.0,96757.0,15.4230003357,13.0200004578,0.689999997616,2.18791985512,16.5523338318,19.5094814301,34.0301646,108.7565253,34.0301513672,108.75693512,20.0,0.000806205991741,-0.118890590898,0.0175795769544,-0.992751441438,7.48458528519,-0.227938905358,-0.0329822003841,-1.15515983105,-1.81634581089,6.70083284378,200.807471431
503,100.601960707,10.1,2.0,96756.75,15.4329996109,13.0,0.689999997616,3.72496986389,16.4822311401,19.5103855133,34.030164,108.7565415,34.0301513672,108.75693512,20.0,0.00494354610746,-0.123083807198,0.0156459638385,-0.992260683534,7.49572229385,-0.279593199492,-0.0581543967128,-4.88975715637,-2.43476915359,13.7593393326,200.628994942
504,100.79895548799999,8.3,359.0,96760.0,15.4270000458,13.3299999237,0.689999997616,5.30254268646,16.4026260376,19.5005645752,34.0301633,108.7565578,34.0301513672,108.75693512,20.0,0.0127201296148,-0.126510035149,0.0143476301701,-0.991780083021,7.51363134384,-0.314412623644,-0.175246208906,-3.78331303596,3.28890824318,11.9541454315,205.641909433
505,101.005950499,8.3,359.0,96758.5,15.4329996109,13.75,0.699999988079,6.80844974518,16.3242721558,19.4730014801,34.0301627,108.7565742,34.0301513672,108.75693512,20.0,0.0125972083311,-0.127075487805,0.0159556588813,-0.991684704702,7.55519247055,-0.297515064478,-0.211006179452,-2.88009238243,-0.884028434753,20.4824256897,212.20374465
506,101.197943974,8.3,359.0,96760.0,15.4440002441,14.3800001144,0.699999988079,8.36030960083,16.249961853,19.4324054718,34.030162,108.7565906,34.0301513672,108.75693512,20.0,0.0141905752075,-0.125685953625,0.0146600647581,-0.991860288473,7.59380674362,-0.276067614555,-0.211092233658,-0.98032861948,-1.81508541107,6.39965486526,222.084725278
507,101.384938288,8.3,359.0,96763.7421875,15.4379997253,15.0799999237,0.699999988079,9.91922187805,16.1755599976,19.3925533295,34.0301614,108.7566072,34.0301513672,108.75693512,20.0,0.0105463058041,-0.125849862719,0.0172365016076,-0.991843514028,7.63571310043,-0.276207566261,-0.189564555883,-1.85629546642,-1.34739518166,7.28260755539,232.80503468
508,101.602932262,8.3,359.0,96759.75,15.4230003357,15.2700004578,0.689999997616,11.4456644058,16.1057910919,19.357635498,34.0301608,108.7566238,34.0301513672,108.75693512,20.0,0.0123537049139,-0.123353994839,0.0178564396023,-0.992125181416,7.66210222244,-0.264838695526,-0.121193706989,-0.732747912407,-0.60558450222,2.08993291855,235.509222186
509,101.804925966,4.2,356.0,96759.25,15.4130001068,15.4899997711,0.699999988079,12.9362974167,16.0413837433,19.3307952881,34.0301603,108.7566404,34.0301513672,108.75693512,20.0,0.0157340718253,-0.12372509784,0.0174639260021,-0.99203806388,7.67861223221,-0.254628390074,-0.0811045393348,-3.09992146492,-0.311635017395,13.8652896881,238.747368127
510,102.00191836399999,4.2,356.0,96757.9921875,15.4250001907,15.6300001144,0.699999988079,14.50710392,15.9864864349,19.3130664825,34.0301599,108.7566571,34.0301513672,108.75693512,20.0,0.012872532619,-0.123430175268,0.018019295025,-0.992106215334,7.67773199081,-0.205514237285,-0.028319818899,-1.17122876644,-1.33180069923,7.81699705124,241.092754746
511,102.20391326,4.2,356.0,96760.5,15.4149999619,15.529999733,0.699999988079,16.1202526093,15.9419240952,19.3036403656,34.0301595,108.7566738,34.0301513672,108.75693512,20.0,0.0119679295411,-0.12349214694,0.0196067139273,-0.99207966282,7.69218921661,-0.166811868548,0.0128191923723,-2.84359455109,-1.6248884201,16.1592140198,239.394945291
512,102.400907087,4.2,356.0,96765.5,15.4130001068,15.2299995422,0.699999988079,17.6155166626,15.9082069397,19.2993221283,34.0301593,108.7566906,34.0301513672,108.75693512,20.0,0.00565908895969,-0.120275525803,0.0208636172436,-0.992505177402,7.70567321777,-0.158970892429,0.0440604090691,-3.5396437645,0.061957411468,8.39365673065,234.739984571
513,102.602902699,4.2,356.0,96756.0,15.4099998474,14.7600002289,0.689999997616,19.1891975403,15.8834505081,19.3050575256,34.0301591,108.7567074,34.0301513672,108.75693512,20.0,0.00268057644379,-0.0919091215172,0.02193128121,-0.9955223017,7.66277313232,-0.143490687013,0.088486790657,0.712832093239,3.04685950279,0.649291932583,227.451601275
514,102.784899044,2.7,339.0,96759.2421875,15.4010000229,14.25,0.699999988079,20.7076931,15.8620195389,19.3169384003,34.0301589,108.7567241,34.0301513672,108.75693512,20.0,-0.00315138044925,-0.0504327108281,0.0224626686761,-0.998469883697,7.4895863533,-0.130149081349,0.100323736668,-1.35101401806,-2.08801198006,15.0498085022,219.464250326
515,103.002894449,2.7,339.0,96760.5,15.4130001068,13.6700000763,0.689999997616,22.2216911316,15.8404550552,19.3417129517,34.0301587,108.7567407,34.0301513672,108.75693512,20.0,-0.00344720588623,-0.0156032750078,0.0228490288364,-0.999611262502,7.22659492493,-0.146157637239,0.0844735428691,-1.76749849319,0.854987561703,13.3986968994,210.695712636
516,103.199885893,2.7,339.0,96761.5,15.406999588,13.3400001526,0.689999997616,23.6839923859,15.8174982071,19.369594574,34.0301585,108.7567567,34.0301513672,108.75693512,20.0,-0.00208384638068,-0.00674489697982,0.0231447311255,-0.999707188729,6.89680194855,-0.160298272967,0.0739110261202,0.650006234646,2.59161663055,6.02188205719,205.529376855
517,103.401881504,2.7,339.0,96763.2421875,15.4099998474,13.279999733,0.689999997616,25.0580863953,15.7941970825,19.3913002014,34.0301583,108.7567721,34.0301513672,108.75693512,20.0,-0.00527357511141,0.00312751273833,0.0243486137064,-0.999684766606,6.57352495193,-0.171095371246,0.039494972676,-2.29119825363,5.20932340622,7.92514562607,204.644793859
518,103.60387687699999,2.7,339.0,96758.5,15.4160003662,13.1899995804,0.689999997616,26.3736591339,15.764708519,19.4002513885,34.030158,108.7567867,34.0301513672,108.75693512,20.0,-0.00331883975656,0.0121886901238,0.0265574035963,-0.99956755622,6.22545051575,-0.171871945262,-0.00312183192,-1.70137548447,-2.11494970322,9.20917320251,203.337038362
519,103.80087165799999,0.6,337.0,96760.5,15.4139995575,13.2299995422,0.689999997616,27.6451587677,15.7306470871,19.4000015259,34.0301578,108.7568007,34.0301513672,108.75693512,20.0,-0.00365996515315,0.0227640858145,0.0282087592678,-0.999336127875,5.82818698883,-0.194217547774,-0.0258913449943,-2.76605153084,0.915815532207,14.3231105804,203.92720709
520,103.997867632,0.6,337.0,96761.75,15.4200000763,13.3500003815,0.689999997616,28.8432750702,15.694726944,19.3975086212,34.0301574,108.7568137,34.0301513672,108.75693512,20.0,-0.00319219440368,0.0328624430588,0.0293924535082,-0.999022513175,5.43540906906,-0.200151130557,-0.0577273033559,-0.125436335802,3.77284860611,9.65160751343,205.857006901
521,104.200861263,0.6,337.0,96757.5,15.4200000763,13.4200000763,0.689999997616,29.9288635254,15.6433668137,19.3888492584,34.0301571,108.7568258,34.0301513672,108.75693512,20.0,-0.00219168090359,0.0254423165227,0.0305271309638,-0.999207706427,5.03008127213,-0.22725354135,-0.0883322656155,-3.38538527489,0.140379682183,16.7669391632,206.9364022
522,104.402856398,0.6,337.0,96762.2421875,15.420999527,13.8400001526,0.689999997616,30.9831638336,15.5852031708,19.3679027557,34.0301567,108.7568371,34.0301513672,108.75693512,20.0,0.00433204604349,0.0255508677067,0.0306802926113,-0.999193292205,4.62033939362,-0.210744738579,-0.101203046739,-1.75790905952,0.453090727329,14.2843418121,213.426635806
523,104.599851179,0.6,337.0,96767.75,15.4189996719,14.220000267,0.689999997616,31.8838348389,15.5374336243,19.3459281921,34.0301563,108.7568474,34.0301513672,108.75693512,20.0,0.00374507939663,0.0240599894536,0.0305707108052,-0.99923602911,4.2618303299,-0.213286742568,-0.171343654394,-3.60241651535,-2.08864307404,17.1688671112,219.258179452
524,104.80184536,0.0,337.0,96771.25,15.4079999924,14.6899995804,0.689999997616,32.7479553223,15.4851713181,19.3178768158,34.0301559,108.7568569,34.0301513672,108.75693512,20.0,0.00521902844604,0.0193045921463,0.0289321256288,-0.999381351443,3.88367629051,-0.227948442101,-0.138875156641,0.711677670479,-0.216290429235,8.14199924469,226.343513422
525,105.003840256,0.0,337.0,96773.25,15.4099998474,15.0799999237,0.689999997616,33.5545310974,15.4347982407,19.2846126556,34.0301557,108.7568656,34.0301513672,108.75693512,20.0,0.00938624211627,0.021366047849,0.0270291532717,-0.999362258921,3.53464794159,-0.226538255811,-0.134269565344,-3.85606336594,-2.1653149128,16.2647800446,232.382796523
526,105.18083934799999,0.0,337.0,96771.0,15.3920001984,15.5500001907,0.689999997616,34.2324028015,15.3987760544,19.2458133698,34.0301554,108.7568734,34.0301513672,108.75693512,20.0,0.0135476421556,0.021328901329,0.0241990766879,-0.999387799911,3.2235159874,-0.205128863454,-0.145513698459,-3.99012231827,1.01724791527,19.1751403809,239.34560602
527,105.40283422499999,0.0,337.0,96775.0,15.3940000534,16.0699996948,0.689999997616,34.8703460693,15.3643102646,19.1965923309,34.0301552,108.7568805,34.0301513672,108.75693512,20.0,0.0125782099806,0.0164069653595,0.0218632983434,-0.999547199292,2.90351939201,-0.172641143203,-0.13551402092,-3.47187685966,-1.04437959194,17.4213466644,247.38157616
528,105.60082702599999,0.0,337.0,96774.5,15.3940000534,16.5499992371,0.699999988079,35.4267959595,15.3432178497,19.1438827515,34.0301551,108.7568869,34.0301513672,108.75693512,20.0,0.0114189591837,0.0117123876833,0.0211312075848,-0.999642956932,2.60089540482,-0.145195946097,-0.064470693469,-0.518815279007,-1.52309608459,10.0196838379,254.770689139
529,105.80282144499999,5.4,37.0,96771.25,15.390999794,17.2099990845,0.689999997616,35.9358787537,15.3341178894,19.0922527313,34.030155,108.7568926,34.0301513672,108.75693512,20.0,0.00952724538578,0.0106063923928,0.0220235828083,-0.999655811721,2.32691287994,-0.101866081357,0.00559037644416,-0.312425941229,-0.813475966454,7.86942625046,264.879092364
530,105.99981575,5.4,37.0,96775.5,15.3680000305,17.5499992371,0.689999997616,36.3859176636,15.3312320709,19.0622215271,34.030155,108.7568976,34.0301513672,108.75693512,20.0,0.00334840404211,0.0057608127658,0.0254027485345,-0.999655137371,2.08057618141,-0.0856413766742,0.0298502128571,1.10973441601,-0.670037388802,4.6155166626,269.708388811
531,106.201811361,5.4,37.0,96775.25,15.3520002365,17.6499996185,0.680000007153,36.7688179016,15.3333120346,19.0463027954,34.0301552,108.7569022,34.0301513672,108.75693512,20.0,0.00520758475348,0.00259578834447,0.0314757722301,-0.999487645795,1.84342074394,-0.0823573991656,0.121553488076,1.94781422615,0.556486964226,-2.14877486229,270.962798318
532,106.403806496,5.4,37.0,96770.7421875,15.3420000076,17.6399993896,0.680000007153,37.1092338562,15.3447475433,19.0402908325,34.0301553,108.7569061,34.0301513672,108.75693512,20.0,0.00159108022456,-0.0010148554676,0.0390413001252,-0.999235860522,1.63397669792,-0.0681822896004,0.138819724321,-0.508659601212,0.403192162514,5.49502372742,270.632870771
533,106.600801039,5.4,37.0,96768.4921875,15.3380002975,17.6399993896,0.680000007153,37.4115257263,15.3608970642,19.0442409515,34.0301555,108.7569096,34.0301513672,108.75693512,20.0,-0.000223185672839,-0.00853420636585,0.0497130929024,-0.998727105914,1.45260334015,-0.0676941275597,0.170469000936,2.3412759304,1.13955390453,0.339274257421,270.562315887
534,106.797797489,7.8,17.0,96770.7421875,15.3400001526,18.0799999237,0.680000007153,37.6755943298,15.378200531,19.0574607849,34.0301557,108.7569128,34.0300216675,108.756561279,20.0,-0.000755657761669,-0.00835235917814,0.0643489653695,-0.997892218992,1.30528926849,-0.0713163763285,0.167468696833,1.0043848753,-0.339222490788,8.49158573151,277.347201588
535,107.000792074,7.8,17.0,96770.2421875,15.3219995499,18.0400009155,0.680000007153,37.9063987732,15.3965730667,19.0755062103,34.030156,108.7569156,34.0300216675,108.756561279,20.0,-0.0364978998195,0.0147312942492,0.135410027099,-0.990007597307,1.13658452034,-0.115839362144,0.157111898065,0.991258203983,-0.503324985504,1.17877578735,276.408885907
536,107.20278696999999,7.8,17.0,96773.25,15.3159999847,18.2700004578,0.670000016689,38.0928077698,15.4024972916,19.0950393677,34.030156,108.7569179,34.0300216675,108.756561279,20.0,-0.0735585180186,0.0547301878947,0.216994777579,-0.971857562757,0.805438101292,-0.258543342352,0.168167054653,1.89529573917,0.506116509438,-1.26429629326,279.823326732
537,107.399779606,7.8,17.0,96767.75,15.295999527,18.4899997711,0.670000016689,38.189289093,15.3687047958,19.1128101349,34.030156,108.7569198,34.0300216675,108.756561279,20.0,-0.0933523814047,0.0861597708008,0.295071119023,-0.94699254479,0.31901627779,-0.440977990627,0.130145862699,2.58024907112,-1.97029948235,2.03277230263,282.823027753
538,107.60177331,7.8,17.0,96769.5,15.2939996719,18.5599994659,0.670000016689,38.2000350952,15.3113050461,19.1273231506,34.0301556,108.7569207,34.0300216675,108.756561279,20.0,-0.101609232531,0.0819253306023,0.371449637894,-0.919232860193,-0.218042194843,-0.611890614033,0.111793190241,0.0370552912354,0.615305542946,5.99313879013,283.856625743
539,107.798767853,7.2,19.0,96772.5,15.2950000763,18.5499992371,0.680000007153,38.1195220947,15.2200336456,19.1449279785,34.0301548,108.7569205,34.0300216675,108.756561279,20.0,-0.10909017236,0.0710051868617,0.44355221147,-0.886746385462,-0.731434106827,-0.776364445686,0.108550839126,-0.514607846737,-1.05649018288,11.7401666641,283.722239746
540,108.000762987,7.2,19.0,96770.7421875,15.3000001907,18.6100006104,0.670000016689,37.9446525574,15.0896930695,19.1594867706,34.030154,108.7569192,34.0300216675,108.756561279,20.0,-0.116085056951,0.0592289741149,0.514618594239,-0.847457293478,-1.21609282494,-0.942787289619,0.102231062949,2.25625872612,0.230635434389,3.74406385422,284.733012888
541,108.198754835,7.2,19.0,96769.2421875,15.2950000763,18.6900005341,0.670000016689,37.6762542725,14.9361314774,19.1748142242,34.0301527,108.7569168,34.0300216675,108.756561279,20.0,-0.120775687723,0.0492167347359,0.581002988973,-0.80338442882,-1.66607403755,-1.09473252296,0.0936039984226,-2.16224741936,-0.83655756712,16.5177936554,285.863559594
542,108.400748301,7.2,19.0,96765.5,15.2910003662,18.8799991608,0.670000016689,37.3254013062,14.7598361969,19.1917152405,34.0301512,108.7569133,34.0300216675,108.756561279,20.0,-0.127033730815,0.0376458706546,0.644350366098,-0.753165204951,-2.09719204903,-1.21722877026,0.137342616916,0.340642571449,0.0459469407797,8.64869594574,288.694074081
543,108.60274200399999,7.2,19.0,96764.4921875,15.2910003662,18.7700004578,0.670000016689,36.8585014343,14.5481700897,19.2083358765,34.0301495,108.7569087,34.0300216675,108.756561279,20.0,-0.134804450642,0.0266668273517,0.702586199942,-0.698204434117,-2.50953197479,-1.35439348221,0.109070174396,-4.98867797852,-1.09545278549,22.2867774963,287.012083873
544,108.804734755,5.5,22.0,96764.2421875,15.2939996719,18.7099990845,0.680000007153,36.3347892761,14.3242740631,19.2284755707,34.0301475,108.7569032,34.0300216675,108.756561279,20.0,-0.140768345611,0.0143392745574,0.75581233787,-0.639317131497,-2.89304232597,-1.48448300362,0.109649345279,0.279752224684,1.19532561302,3.88274264336,286.15071986
545,109.001727629,5.5,22.0,96762.0,15.2860002518,18.7099990845,0.680000007153,35.7010726929,14.0631017685,19.2551364899,34.0301454,108.7568967,34.0300216675,108.756561279,20.0,-0.146015027658,0.00133285193731,0.802735967946,-0.578180572579,-3.26930403709,-1.62993836403,0.0809705853462,-3.32227802277,0.982005357742,15.2006139755,286.001050716
546,109.203721094,5.5,22.0,96762.2421875,15.2930002213,18.6599998474,0.680000007153,34.9993133545,13.7872810364,19.2895679474,34.030143,108.7568894,34.0300216675,108.756561279,20.0,-0.154463505687,-0.00875915298671,0.844845569179,-0.51215271911,-3.6194601059,-1.76537370682,0.0764536857605,-4.08711004257,1.07625699043,19.1567268372,285.367381795
547,109.40071539899999,5.5,22.0,96757.4921875,15.2869997025,18.7999992371,0.670000016689,34.201171875,13.4810190201,19.3226242065,34.0301403,108.7568812,34.0300216675,108.756561279,20.0,-0.162852135192,-0.0204747914926,0.880020949625,-0.445671502527,-3.96940612793,-1.91568303108,0.0524802282453,-1.08528125286,-1.4186065197,14.0325660706,287.395582743
548,109.59871058499999,5.5,22.0,96759.7421875,15.2889995575,18.7299995422,0.680000007153,33.3176078796,13.1385965347,19.3564453125,34.0301376,108.7568724,34.0300216675,108.756561279,20.0,-0.176070993734,-0.0291086524354,0.909439492032,-0.375594991179,-4.34892416,-2.08123111725,0.0327970609069,-1.58943009377,-0.401577472687,9.48156452179,286.362954713
549,109.80070595699999,3.9,39.0,96760.7578125,15.2869997025,18.4500007629,0.680000007153,32.3767318726,12.7833681107,19.3945999146,34.0301345,108.7568627,34.0300216675,108.756561279,20.0,-0.184215371714,-0.0434235292358,0.933882830781,-0.303384100203,-4.74082612991,-2.25906538963,0.0635549426079,0.553659260273,-0.885499179363,0.724526703358,282.045156173
550,110.002701807,3.9,39.0,96761.7421875,15.2889995575,18.3199996948,0.670000016689,31.3079662323,12.381155014,19.4307804108,34.0301311,108.7568522,34.0300216675,108.756561279,20.0,-0.194931318584,-0.0560273282804,0.952329410556,-0.227885017472,-5.15621089935,-2.44212794304,0.0796077027917,-3.92776083946,0.153336465359,21.3827857971,280.094467227
551,110.199692774,3.9,39.0,96755.0,15.2880001068,18.2399997711,0.670000016689,30.2402858734,11.9648723602,19.4626140594,34.0301274,108.7568408,34.0300216675,108.756561279,20.0,-0.193696273677,-0.0719567033333,0.961893078392,-0.179069230975,-5.51970005035,-2.64594340324,0.0680364966393,0.011466242373,0.45271730423,2.52468657494,278.853118449
552,110.401686239,3.9,39.0,96759.7421875,15.2869997025,17.4599990845,0.670000016689,29.0495834351,11.4835014343,19.4949169159,34.0301234,108.7568288,34.0300216675,108.756561279,20.0,-0.176319844532,-0.092171364477,0.96353056775,-0.178954254372,-5.83554077148,-2.90005707741,0.0251544192433,0.542883098125,1.34633147717,0.428109377623,266.911000809
553,110.603682327,3.9,39.0,96753.75,15.2810001373,16.8700008392,0.670000016689,27.7816944122,10.9459400177,19.5241336823,34.0301189,108.756816,34.0300216675,108.756561279,20.0,-0.154758588944,-0.0747888266735,0.96761367014,-0.184878921161,-6.05839252472,-3.12750911713,-0.0260260775685,-3.12821269035,-0.250506639481,11.89366436,257.790485141
554,110.780676413,2.8,42.0,96759.390625,15.2910003662,16.3500003815,0.670000016689,26.5724201202,10.4058885574,19.5435218811,34.0301139,108.7568027,34.0300216675,108.756561279,20.0,-0.136684302819,-0.0508083762256,0.970957980423,-0.189675106081,-6.19659233093,-3.25200271606,-0.0962357968092,-2.8716199398,1.01566302776,13.3540449142,250.007861821
555,110.99866847999999,2.8,42.0,96756.75,15.3079996109,15.8999996185,0.670000016689,25.2707595825,9.81652736664,19.5613555908,34.0301087,108.7567891,34.0300216675,108.756561279,20.0,-0.106985331087,-0.0446097391163,0.974005914067,-0.19461947932,-6.27100419998,-3.30399417877,-0.150924354792,0.340624809265,-0.618240833282,-0.469588518143,243.397187974
556,111.180662203,2.8,42.0,96750.4921875,15.3030004501,15.6199998856,0.670000016689,23.9893989563,9.22968292236,19.5766868591,34.0301033,108.7567753,34.0300216675,108.756561279,20.0,-0.0981601287199,-0.0395529391585,0.974595674918,-0.197391772575,-6.29465484619,-3.34296751022,-0.129026323557,-1.88395726681,-0.67210996151,8.8662481308,239.03286528
557,111.402657557,2.8,42.0,96745.2421875,15.3149995804,15.029999733,0.670000016689,22.6367683411,8.60099029541,19.5987358093,34.0300978,108.7567614,34.0300216675,108.756561279,20.0,-0.0823896657251,-0.0289886076741,0.976057496212,-0.199207458808,-6.29713630676,-3.33851647377,-0.110558666289,-3.69920420647,0.365209668875,18.0883617401,230.184439604
558,111.604652691,2.8,42.0,96752.75,15.3199996948,14.4200000763,0.670000016689,21.3902301788,8.02204704285,19.6180152893,34.0300924,108.7567475,34.0300216675,108.756561279,20.0,-0.0464159515289,-0.0212199622623,0.978395002577,-0.200346224508,-6.22337961197,-3.28942608833,-0.130721211433,-3.61959314346,0.227639496326,18.6833686829,220.914396768
559,111.801646519,8.7,10.0,96754.75,15.329000473,14.0600004196,0.670000016689,20.099155426,7.4217915535,19.6355438232,34.0300871,108.7567339,34.0300216675,108.756561279,20.0,-0.0118887329786,-0.0150853238254,0.979714662551,-0.199475259884,-6.0263261795,-3.19388866425,-0.135476753116,-0.753221094608,0.0368635728955,3.19836688042,215.525753083
560,112.003644753,8.7,10.0,96747.0,15.3260002136,13.8800001144,0.670000016689,18.8850440979,6.8570933342,19.645740509,34.030082,108.7567205,34.0300216675,108.756561279,20.0,-0.00152393257757,-0.01350357104,0.980424289039,-0.19642665189,-5.76501607895,-3.09657287598,-0.201454743743,-4.72529029846,0.009412586689,9.88434886932,212.724884719
561,112.18064241399999,8.7,10.0,96751.0,15.3360004425,13.8299999237,0.670000016689,17.6885356903,6.30306959152,19.6456279755,34.030077,108.7567075,34.0300216675,108.756561279,20.0,-0.00184510996131,-0.00247807108529,0.980872436479,-0.194626939312,-5.51509571075,-2.9321668148,-0.258465379477,-3.32438135147,0.0667924508452,14.2300624847,212.09688495
562,112.398636389,8.7,10.0,96751.5,15.3389997482,13.9399995804,0.670000016689,16.5329685211,5.77639818192,19.6292476654,34.0300723,108.7566953,34.0300216675,108.756561279,20.0,0.00182252916983,0.000328336791518,0.981325304366,-0.192346836955,-5.27290296555,-2.75928258896,-0.289840757847,-2.11438393593,-0.7549726367,11.69871521,213.825650054
563,112.60063033099999,8.7,10.0,96749.25,15.345000267,14.1400003433,0.670000016689,15.454864502,5.29872560501,19.6082019806,34.0300677,108.7566837,34.0300216675,108.756561279,20.0,0.00378835392029,-0.00145104297811,0.981800257202,-0.189873111975,-5.01708507538,-2.62047719955,-0.326359570026,-3.08598804474,-1.71637380123,14.1829462051,216.978309044
564,112.782624769,9.4,16.0,96765.25,15.3459997177,14.4499998093,0.680000007153,14.4075469971,4.83356285095,19.5811252594,34.0300635,108.7566725,34.0300216675,108.756561279,20.0,0.00502697546481,0.00174794801649,0.982474775366,-0.186319964058,-4.77917909622,-2.45591425896,-0.295618981123,-3.21422696114,-0.512188315392,10.0560045242,221.749692994
565,112.999618101,9.4,16.0,96764.25,15.3470001221,14.720000267,0.670000016689,13.4134988785,4.40174150467,19.54737854,34.0300596,108.756662,34.0300216675,108.756561279,20.0,0.00580670319288,0.00327316623757,0.983257315902,-0.182100938082,-4.53122282028,-2.2965760231,-0.298579961061,-0.490141838789,-1.07122373581,7.33483505249,225.907845895
566,113.20161562,9.4,16.0,96765.75,15.3339996338,15.1700000763,0.670000016689,12.5014896393,4.01586961746,19.4894332886,34.0300559,108.7566521,34.0300216675,108.756561279,20.0,0.00942698264298,0.00237019947809,0.983438673791,-0.180980969876,-4.27701663971,-2.13499641418,-0.275559097528,-0.036377735436,2.49003624916,2.95313668251,232.616775614
567,113.403611946,9.4,16.0,96761.75,15.343000412,15.6199998856,0.670000016689,11.6424894333,3.65622806549,19.4246940613,34.0300525,108.7566427,34.0300216675,108.756561279,20.0,0.0117977998358,0.0030264295314,0.983142634327,-0.182434614681,-4.03709125519,-1.98568832874,-0.269125312567,-0.0528270453215,0.391832262278,10.5904502869,239.657664679
568,113.601606894,9.4,16.0,96763.7421875,15.3229999542,16.1200008392,0.670000016689,10.8241586685,3.31871247292,19.3662109375,34.0300495,108.7566339,34.0300216675,108.756561279,20.0,0.0139659799201,0.000718445716429,0.982446789858,-0.18601836121,-3.74832201004,-1.8223477602,-0.223068550229,0.147768542171,-1.55518019199,9.86571502686,247.006772122
569,113.798607635,8.3,21.0,96765.25,15.3179998398,16.5799999237,0.670000016689,10.0656843185,3.01432776451,19.3122406006,34.0300466,108.7566257,34.0300216675,108.756561279,20.0,0.0157406427824,-0.000360310773742,0.981883665816,-0.188829598153,-3.48209023476,-1.66076874733,-0.167204454541,-3.20597529411,-0.881463885307,17.1860733032,253.972436175
570,114.081598568,8.3,21.0,96767.0,15.3170003891,17.1399993896,0.670000016689,9.05666828156,2.623929739,19.2514419556,34.0300416,108.7566113,34.0300216675,108.756561279,20.0,0.0179286220073,0.00379448406416,0.981071074576,-0.192779432208,-3.09043288231,-1.43329596519,-0.080050714314,-1.66929078102,0.745374202728,6.10999059677,262.53337732
571,114.28359370199999,8.3,21.0,96765.25,15.3129997253,17.2900009155,0.670000016689,8.44707679749,2.38828372955,19.2219543457,34.0300394,108.7566049,34.0300216675,108.756561279,20.0,0.0152450775034,-0.00352805605402,0.980620566912,-0.195291089351,-2.8322968483,-1.29868710041,-0.0681584104896,-2.26362466812,0.452185511589,13.5555496216,264.761779271
572,114.48058753,8.3,21.0,96761.9921875,15.3070001602,17.5200004578,0.670000016689,7.9075717926,2.17929887772,19.2000579834,34.0300374,108.7565992,34.0300216675,108.756561279,20.0,0.010071988793,-0.00803788112652,0.980171576535,-0.19773151832,-2.59067344666,-1.19296860695,-0.000531796074938,-0.1507922858,-0.267020821571,5.1297659874,268.178649814
573,114.682586718,8.3,21.0,96766.0,15.3030004501,17.6299991608,0.670000016689,7.40466880798,1.9792624712,19.1906642914,34.0300355,108.7565939,34.0300216675,108.756561279,20.0,-0.00496935183255,-0.0185340779498,0.979587421215,-0.200100761263,-2.39838051796,-1.1375631094,-0.00967619474977,-3.40105724335,-1.67962670326,20.5516395569,269.791885093
574,114.879580545,6.4,21.0,96766.796875,15.2969999313,17.6200008392,0.670000016689,6.94792842865,1.78726148605,19.1925983429,34.0300337,108.7565891,34.0300216675,108.756561279,20.0,-0.0438182041791,-0.0171179938892,0.978367691419,-0.201454096568,-2.32003450394,-1.11786842346,0.0338171869516,-2.33913874626,0.150679826736,15.5937461853,269.533151628
575,115.081574011,6.4,21.0,96764.75,15.2910003662,17.6000003815,0.670000016689,6.48937749863,1.58425939083,19.1943740845,34.0300318,108.7565844,34.0300216675,108.756561279,20.0,-0.0485320420596,-0.0163520407719,0.978600046995,-0.199296810127,-2.33044838905,-1.11952829361,0.0699988156557,-1.36418187618,0.829849183559,9.00492286682,269.121612278
576,115.27956872,6.4,21.0,96764.2421875,15.2810001373,17.9899997711,0.670000016689,6.04594564438,1.38242661953,19.1969089508,34.0300299,108.7565798,34.0301742554,108.756187439,20.0,-0.0491759128789,-0.0140589901122,0.979825045147,-0.193201996511,-2.35227489471,-1.12378048897,0.0946369916201,1.68368184566,-0.618069112301,6.84319400787,274.905188973
577,115.481561947,6.4,21.0,96763.7421875,15.2889995575,17.9699993134,0.670000016689,5.58923768997,1.17484200001,19.2094364166,34.0300279,108.7565749,34.0301742554,108.756187439,20.0,-0.0721251037007,0.0211675671441,0.989359378776,-0.124571374948,-2.43402004242,-1.06160247326,0.106917515397,-1.85399782658,0.0991258770227,13.9045009613,274.74331155
578,115.683559227,6.4,21.0,96763.0,15.279999733,18.1700000763,0.670000016689,5.10811281204,0.983810305595,19.2226161957,34.030026,108.7565698,34.0301742554,108.756187439,20.0,-0.108445236016,0.0663892165976,0.991127944834,-0.0386989412748,-2.62074995041,-0.860089600086,0.136805385351,-0.545336306095,-0.612733244896,9.68700885773,277.637596314
579,115.88055234,4.1,27.0,96762.4921875,15.2620000839,18.5400009155,0.660000026226,4.59134912491,0.843597531319,19.2385196686,34.0300244,108.7565642,34.0301742554,108.756187439,20.0,-0.151310787075,0.0993643379388,0.982185858719,0.050426849782,-2.94072461128,-0.502641558647,0.139461323619,-1.78789782524,0.696130514145,15.7277698517,282.957495529
580,116.082545805,4.1,27.0,96764.2421875,15.2609996796,19.2299995422,0.660000026226,3.9685189724,0.772528409958,19.2596759796,34.0300233,108.756558,34.0301742554,108.756187439,20.0,-0.194273427352,0.116196232435,0.964201081963,0.138103379306,-3.41199707985,0.00901475921273,0.172278910875,-1.03975605965,0.17204810679,10.8755311966,293.469016852
581,116.284541416,4.1,27.0,96768.25,15.251999855,19.2299995422,0.660000026226,3.30835342407,0.78990894556,19.2855358124,34.0300231,108.7565506,34.0301742554,108.756187439,20.0,-0.213020187519,0.106044331571,0.946924287969,0.216128280521,-3.87878799438,0.51051068306,0.124135315418,-3.67828369141,1.27762293816,20.3541278839,293.295950231
582,116.481537867,4.1,27.0,96760.75,15.2410001755,19.7099990845,0.660000026226,2.51834321022,0.892572700977,19.308303833,34.0300237,108.7565421,34.0301742554,108.756187439,20.0,-0.227292401172,0.0920330701303,0.936076595319,0.252247392125,-4.39363288879,1.01196718216,0.109613738954,-2.09577465057,0.483356505632,12.0247154236,300.400099505
583,116.684533167,4.1,27.0,96760.75,15.251999855,19.8999996185,0.660000026226,1.64625597,1.0693590641,19.3243865967,34.0300251,108.7565325,34.0301742554,108.756187439,20.0,-0.230382223515,0.0927502883197,0.933464439016,0.258777266585,-4.90568399429,1.43181991577,0.0225184541196,1.53871178627,-0.179351493716,1.74790525436,303.514791297
584,117.002523708,2.7,39.0,96761.25,15.236000061,20.3099994659,0.660000026226,0.103660427034,1.50748991966,19.3460121155,34.0300272,108.7565216,34.0301742554,108.756187439,20.0,-0.223063670884,0.113455670489,0.932406848146,0.260745313676,-5.63106060028,2.16944789886,0.0768298730254,-0.711934506893,1.83866262436,7.36228847504,309.443153103
585,117.199517775,2.7,39.0,96759.5,15.232000351,20.2099990845,0.660000026226,-1.02974367142,1.89876234531,19.3629894257,34.0300302,108.7565095,34.0301742554,108.756187439,20.0,-0.215257410727,0.117264133477,0.933769287171,0.260745650851,-6.0204334259,2.63282990456,0.0275615863502,-2.6491522789,-0.800171256065,10.7624444962,307.838713147
586,117.40151171699999,2.7,39.0,96754.75,15.2349996567,19.6299991608,0.660000026226,-2.20887613297,2.35360336304,19.3823375702,34.030034,108.7564966,34.0301742554,108.756187439,20.0,-0.189870980925,0.108733666656,0.939969720789,0.261883657907,-6.32394647598,3.02814340591,0.009829768911,-3.1619811058,-0.857795000076,14.859085083,299.063030475
587,117.598505783,2.7,39.0,96755.4921875,15.2250003815,18.8299999237,0.660000026226,-3.51177811623,2.90427494049,19.4132537842,34.0300387,108.7564828,34.0301742554,108.756187439,20.0,-0.15912035576,0.0959375146637,0.946207833691,0.264891299164,-6.52470636368,3.35954976082,0.0452416986227,-2.01722955704,2.62699127197,4.97778987885,286.686756021
588,117.801500607,2.7,39.0,96753.25,15.2370004654,17.6299991608,0.649999976158,-4.76162672043,3.47217702866,19.4533901215,34.030044,108.7564685,34.0301742554,108.756187439,20.0,-0.127576816666,0.0823136881281,0.951193890163,0.268661503351,-6.59949398041,3.5320212841,0.0648781135678,-1.66179513931,1.35831511021,9.89077854156,268.628305417
589,118.003493357,2.1,48.0,96748.25,15.2390003204,16.4099998474,0.649999976158,-6.09945106506,4.11164426804,19.5006885529,34.0300497,108.7564539,34.0301742554,108.756187439,20.0,-0.0890307578159,0.0613865713889,0.95599694502,0.272718053226,-6.57652139664,3.63410162926,0.0610310509801,-2.4126625061,1.50776970387,3.7682466507,250.071992933
590,118.180486012,2.1,48.0,96740.5,15.2419996262,15.25,0.649999976158,-7.41132164001,4.76365995407,19.5611801147,34.0300558,108.7564392,34.0301742554,108.756187439,20.0,-0.0885854631904,0.0546545738143,0.956568940974,0.272289019382,-6.52048826218,3.66210532188,0.0911665633321,-1.05282044411,-2.56412625313,15.029551506,232.440494299
591,118.40248065,2.1,48.0,96751.4921875,15.2510004044,14.25,0.649999976158,-8.76337337494,5.4622168541,19.6287822723,34.0300622,108.7564246,34.0301742554,108.756187439,20.0,-0.0986233331217,0.0600908982404,0.955602850913,0.271082355109,-6.47283935547,3.7287607193,0.088579505682,-4.26265048981,-0.284921497107,13.0012569427,217.326755762
592,118.60447483099999,2.1,48.0,96742.0,15.2650003433,13.5200004578,0.649999976158,-10.1217803955,6.18916797638,19.6800613403,34.0300685,108.7564101,34.0301742554,108.756187439,20.0,-0.105754055688,0.0552147686513,0.955489560184,0.269827980603,-6.45207118988,3.80102562904,-0.0627260282636,-3.32315158844,-2.00266122818,17.4698905945,206.382811629
593,118.781469631,2.1,48.0,96744.7421875,15.2889995575,13.0200004578,0.649999976158,-11.4441385269,6.90960931778,19.7137870789,34.030075,108.7563957,34.0301742554,108.756187439,20.0,-0.0988304111252,0.0513180949431,0.95639112342,0.270027714518,-6.4504365921,3.82821106911,-0.1175557971,-0.548866152763,2.39249658585,-1.53660225868,199.062781237
594,118.998462009,3.0,76.0,96751.9921875,15.3000001907,12.7299995422,0.649999976158,-12.8213186264,7.67482280731,19.7426452637,34.0300817,108.7563813,34.0301742554,108.756187439,20.0,-0.0545539106764,0.0406061921955,0.959849419855,0.272147469191,-6.40061426163,3.81752109528,-0.1992110461,0.971915602684,4.38924837112,8.46757698059,194.768995424
595,119.201455641,3.0,76.0,96751.25,15.3129997253,12.5200004578,0.660000026226,-14.0676221848,8.38857078552,19.7601127625,34.0300884,108.7563672,34.0301742554,108.756187439,20.0,-0.00802307013127,0.0354931848055,0.960500946912,0.27588722228,-6.20011568069,3.7801194191,-0.205606564879,-2.27690577507,-4.03373479843,13.2064847946,191.718763571
596,119.398448277,3.0,76.0,96750.0,15.3280000687,12.3000001907,0.660000026226,-15.3253145218,9.12682533264,19.7583732605,34.0300952,108.7563534,34.0301742554,108.756187439,20.0,0.00207093545097,0.0265152093326,0.960089909772,0.278424315046,-5.89191532135,3.64252614975,-0.20336560905,-4.05874061584,-0.686052501202,17.23046875,188.534403768
597,119.600444365,3.0,76.0,96753.75,15.343000412,12.3599996567,0.660000026226,-16.4964008331,9.83488273621,19.746805191,34.0301017,108.7563402,34.0301742554,108.756187439,20.0,0.0099611098188,0.0154146673668,0.960656405563,0.277132724873,-5.57731676102,3.52682590485,-0.254676640034,-2.94068408012,-2.87795448303,7.61336803436,189.639479825
598,119.80243783,3.0,76.0,96762.7421875,15.3479995728,12.3199996948,0.660000026226,-17.6702308655,10.5573511124,19.7261638641,34.030108,108.7563278,34.0301742554,108.756187439,20.0,0.0128369076661,0.00453437956303,0.961885491959,0.273113769987,-5.25677537918,3.35795021057,-0.283640682697,0.678098082542,0.678128004074,-0.350609540939,189.087350052
599,119.99943070399999,5.7,62.0,96758.5,15.343000412,12.4600000381,0.649999976158,-18.6945743561,11.2006664276,19.6919441223,34.030114,108.7563161,34.0301742554,108.756187439,20.0,0.0115250221395,0.000110039494561,0.962906520438,0.269589050119,-4.95559263229,3.19502949715,-0.237834259868,-0.450504362583,0.590661942959,9.03025150299,191.173785719
600,120.18142395,5.7,62.0,96755.5,15.3380002975,12.7399997711,0.649999976158,-19.7050113678,11.8381690979,19.6399536133,34.0301198,108.7563051,34.0301742554,108.756187439,20.0,0.0165856703021,-0.00908872520772,0.963454956304,0.26720191584,-4.65868473053,2.99904036522,-0.279246419668,-3.38312864304,3.31598782539,13.0185985565,195.40612028
601,120.398419189,5.7,62.0,96755.0,15.3360004425,12.9899997711,0.649999976158,-20.6329669952,12.4264001846,19.5912704468,34.0301252,108.7562948,34.0301742554,108.756187439,20.0,0.0175060702165,-0.0109557677058,0.964257348006,0.264161526482,-4.36630678177,2.76816058159,-0.27276262641,-5.30142498016,0.0492209643126,12.0083227158,199.214642238
602,120.580414104,5.7,62.0,96759.0,15.3420000076,13.3299999237,0.660000026226,-21.5171756744,12.9809656143,19.5403995514,34.0301302,108.7562854,34.0301742554,108.756187439,20.0,0.0141838629926,-0.0165682583853,0.964569614007,0.262925485856,-4.05243444443,2.5402803421,-0.273932486773,-2.27674293518,-1.0230486393,10.9736604691,204.508858931
603,120.783406305,5.7,62.0,96758.75,15.3350000381,13.7899999619,0.660000026226,-22.3253154755,13.4875583649,19.4919052124,34.0301348,108.7562765,34.0301742554,108.756187439,20.0,0.0103401082747,-0.0162020776751,0.965735248323,0.258816652815,-3.75564908981,2.30168962479,-0.247087076306,-1.46059012413,-0.0666795969009,11.4935588837,211.469649941
604,121.000401783,6.9,27.0,96758.75,15.3420000076,14.1800003052,0.660000026226,-23.0545291901,13.9362449646,19.4462070465,34.030139,108.7562683,34.0301742554,108.756187439,20.0,0.00325228659003,-0.0196228706582,0.967324079144,0.252761773337,-3.50432491302,2.04997229576,-0.240971088409,-2.18692731857,-1.42135739326,11.7556219101,217.54956479
605,121.202397871,6.9,27.0,96756.25,15.3260002136,14.4799995422,0.649999976158,-23.762014389,14.3555793762,19.3963260651,34.0301426,108.7562606,34.0301742554,108.756187439,20.0,-0.00248450271907,-0.0199185703132,0.969180900702,0.245531228594,-3.20794916153,1.78786623478,-0.206142738461,-3.36256814003,1.14150738716,14.6019115448,221.920476078
606,121.40439085999999,6.9,27.0,96755.2578125,15.3070001602,14.6599998474,0.649999976158,-24.3707790375,14.6917886734,19.3606929779,34.0301457,108.7562536,34.0301742554,108.756187439,20.0,-0.00627719192017,-0.0120588564277,0.970338253162,0.241368974423,-3.03567123413,1.6057318449,-0.190327435732,-0.297648280859,-0.449905246496,0.907329320908,224.400620013
607,121.601385641,6.9,27.0,96766.4921875,15.3039999008,14.8299999237,0.649999976158,-24.9627666473,14.9999027252,19.3341884613,34.0301485,108.7562471,34.0301742554,108.756187439,20.0,-0.00569318613057,-0.00691526092115,0.970311658501,0.241691945723,-2.81449127197,1.4211961031,-0.146504759789,-4.65704536438,-1.38294696808,19.8241386414,226.958317362
608,121.783379602,6.9,27.0,96770.2421875,15.3020000458,15.1000003815,0.649999976158,-25.5206241608,15.2732553482,19.3049297333,34.0301509,108.7562411,34.0301742554,108.756187439,20.0,-0.00466031698056,0.000968739715395,0.969750768241,0.244051157715,-2.60365438461,1.26438581944,-0.112561419606,-0.606025516987,1.15443587303,5.78598880768,231.060206528
609,122.001375961,9.4,5.0,96767.9921875,15.2889995575,15.1499996185,0.649999976158,-25.9915046692,15.4957332611,19.2693386078,34.030153,108.7562355,34.0301742554,108.756187439,20.0,-0.00485332098237,0.00709745610848,0.969094963278,0.24653858042,-2.39601755142,1.15328884125,-0.0794174522161,-0.0122439526021,-1.26237392426,12.3180608749,231.628337464
610,122.198368835,9.4,5.0,96770.2421875,15.281999588,15.4899997711,0.649999976158,-26.4463291168,15.7029561996,19.2183704376,34.0301547,108.7562301,34.0301742554,108.756187439,20.0,-0.00463176775905,0.010893898437,0.968256451727,0.249678731369,-2.18749952316,1.03095960617,-0.0313182473183,-2.51591777802,0.285875767469,19.4941654205,236.718170121
611,122.40036397,9.4,5.0,96774.25,15.2770004272,15.6599998474,0.649999976158,-26.8568725586,15.8743724823,19.1739196777,34.0301563,108.7562253,34.0301742554,108.756187439,20.0,-0.0104385734791,0.0117507702502,0.967567392901,0.25212354361,-1.98633098602,0.941555202007,-0.0115958089009,-1.53477966785,-0.942788720131,12.2603359222,239.23782436
612,122.582359123,9.4,5.0,96772.0,15.2650003433,15.9499998093,0.649999976158,-27.2349739075,16.0301475525,19.1270217896,34.0301577,108.7562209,34.0301742554,108.756187439,20.0,-0.0129743770211,0.0148990092364,0.966786622532,0.254820309712,-1.79290938377,0.857651114464,-0.0088962148875,-1.66275465488,-0.388751685619,16.0028514862,243.476752564
613,122.80435543099999,9.4,5.0,96770.0,15.2790002823,16.2999992371,0.649999976158,-27.5772686005,16.1661090851,19.0931377411,34.0301589,108.7562169,34.0301742554,108.756187439,20.0,-0.0155370753151,0.0164495535975,0.9651614822,0.260674886292,-1.61245298386,0.78775447607,0.0775448903441,-3.54651546478,-1.85794782639,17.4824542999,249.047692944
614,123.001349974,10.6,3.0,96769.5,15.2700004578,16.4699993134,0.649999976158,-27.8778858185,16.2840213776,19.0675411224,34.03016,108.7562133,34.0301742554,108.756187439,20.0,-0.0146139959478,0.0216671781913,0.962613073005,0.269616972406,-1.44702029228,0.731553792953,0.103893607855,0.664806544781,1.5069590807,3.97108983994,251.496897054
615,123.198343563,10.6,3.0,96771.25,15.2559995651,16.6000003815,0.649999976158,-28.1520290375,16.3936233521,19.0545654297,34.0301609,108.75621,34.0301742554,108.756187439,20.0,-0.0167301966201,0.0202175694408,0.959317126231,0.281108795342,-1.28593814373,0.690631628036,0.102426849306,1.21332406998,0.830589950085,-0.363426148891,253.249598601
616,123.401338148,10.6,3.0,96775.2421875,15.2589998245,17.3199996948,0.649999976158,-28.3990039825,16.4893817902,19.0459804535,34.0301618,108.756207,34.0301589966,108.756942749,20.0,-0.0128375698326,0.0220282736208,0.951174397246,0.307599143302,-1.13990604877,0.639665007591,0.15511071682,-1.91258347034,-0.526303827763,12.7630434036,264.285872304
617,123.603332329,10.6,3.0,96770.4921875,15.2440004349,17.3400001526,0.639999985695,-28.6069374084,16.5708503723,19.0398807526,34.0301626,108.7562043,34.0301589966,108.756942749,20.0,0.0274751317956,0.0380536450359,0.925309908912,0.376295872197,-0.91715747118,0.601985514164,0.170284152031,-1.31196713448,0.0115805864334,10.5130500793,264.330969867
618,123.800326872,10.6,3.0,96768.2421875,15.2209997177,17.5699996948,0.639999985695,-28.7620620728,16.6413173676,19.0366687775,34.0301634,108.7562021,34.0301589966,108.756942749,20.0,0.0660241274249,0.0588845171416,0.889867380668,0.44755968134,-0.556675493717,0.520892620087,0.192934989929,-0.590921640396,-1.54981279373,11.4098339081,267.432960395
619,124.002321768,10.7,4.0,96772.5,15.2229995728,17.8899993896,0.639999985695,-28.8362369537,16.7027549744,19.0441169739,34.0301642,108.7562005,34.0301589966,108.756942749,20.0,0.0923913940752,0.0809006630068,0.845776066227,0.519212674483,-0.0508339107037,0.444463819265,0.169418632984,-2.55806827545,-0.140048369765,14.2347946167,272.339453065
620,124.19931464199999,10.7,4.0,96768.5,15.2229995728,17.8999996185,0.649999976158,-28.8098697662,16.7535476685,19.0569820404,34.0301647,108.7562,34.0301589966,108.756942749,20.0,0.0870713083525,0.0955655479814,0.799080761435,0.587159094644,0.511354148388,0.362162232399,0.175278946757,-1.09025669098,0.109728202224,13.3327035904,272.491686545
621,124.40130858399999,10.7,4.0,96769.0,15.2290000916,17.9899997711,0.649999976158,-28.6921310425,16.7878055573,19.0665016174,34.0301651,108.7562006,34.0301589966,108.756942749,20.0,0.0790728457246,0.105033165455,0.745190852625,0.65376310607,1.02955591679,0.288177758455,0.205570012331,-2.77497220039,-0.15684017539,15.8822097778,273.969708161
622,124.599309969,10.7,4.0,96769.25,15.2279996872,18.0100002289,0.649999976158,-28.47955513,16.8079929352,19.0831356049,34.0301653,108.7562025,34.0301589966,108.756942749,20.0,0.0691469599698,0.113831454424,0.687401659636,0.713960822864,1.50616037846,0.212716460228,0.224086344242,-0.376993745565,-0.43478757143,11.4427032471,274.256277852
623,124.80130367299999,10.7,4.0,96767.0,15.2239999771,17.8899993896,0.649999976158,-28.1600170135,16.8121261597,19.1040554047,34.0301655,108.7562055,34.0301589966,108.756942749,20.0,0.0552950979104,0.122358757597,0.625433564471,0.76863759753,1.96187603474,0.143905371428,0.227608695626,-1.04491901398,-2.15001225471,12.1214475632,272.357350299
624,125.003297377,10.7,6.0,96762.75,15.2209997177,17.7099990845,0.649999976158,-27.7442817688,16.7997493744,19.1294555664,34.0301654,108.7562096,34.0301589966,108.756942749,20.0,0.0466410776031,0.127252067296,0.560221810966,0.817179935275,2.38746380806,0.0827120393515,0.214168339968,-0.29091489315,-0.15381474793,10.9065465927,269.563891065
625,125.180288363,10.7,6.0,96764.0,15.2250003815,17.3899993896,0.649999976158,-27.2522106171,16.7657680511,19.1612110138,34.0301652,108.7562147,34.0301589966,108.756942749,20.0,0.0369520650395,0.135833597658,0.500770130269,0.854056920972,2.76180148125,0.03010302037,0.183455854654,-4.68572664261,-1.76647043228,19.0500812531,264.762747341
626,125.382283497,10.7,6.0,96763.0,15.2379999161,17.1800003052,0.649999976158,-26.6606884003,16.7193069458,19.1959209442,34.0301649,108.7562205,34.0301589966,108.756942749,20.0,0.0239790859437,0.14515999981,0.42995403656,0.890782367675,3.15013885498,-0.0360718891025,0.202100068331,-1.41517293453,0.80655002594,8.60823917389,261.788843208
627,125.599278498,10.7,6.0,96764.75,15.2399997711,17.0599994659,0.649999976158,-26.0133247375,16.663520813,19.2245960236,34.0301644,108.7562273,34.0301589966,108.756942749,20.0,0.00955112388036,0.153894196594,0.350283595939,0.923865199239,3.49419617653,-0.0542612671852,0.201569885015,-2.41986060143,-0.534294426441,11.6107254028,259.994387956
628,125.80126910199999,10.7,6.0,96757.75,15.2370004654,16.8700008392,0.649999976158,-25.2519893646,16.6010284424,19.253660202,34.0301639,108.7562349,34.0301589966,108.756942749,20.0,0.000678311379934,0.161934471859,0.272934034751,0.948305798442,3.8485159874,-0.0477819144726,0.181527972221,-4.62535333633,0.393121749163,14.0168819427,257.048210639
629,125.99926166499999,10.4,8.0,96761.0,15.2399997711,16.7099990845,0.649999976158,-24.4746131897,16.5414085388,19.2838363647,34.0301634,108.7562432,34.0301589966,108.756942749,20.0,-0.00374243468188,0.17388387786,0.19352699086,0.965555681674,4.20048332214,-0.0322598926723,0.16550694406,-3.14753293991,1.22881007195,13.6102304459,254.660382223
630,126.201257038,10.4,8.0,96760.0,15.2379999161,16.6299991608,0.649999976158,-23.5705814362,16.479631424,19.3178424835,34.0301629,108.7562524,34.0301589966,108.756942749,20.0,-0.0244500611707,0.187576150878,0.114885734132,0.97520187304,4.62581682205,0.00551004242152,0.220465019345,-0.429404377937,0.0352109223604,2.42793393135,253.407925816
631,126.383251715,10.4,8.0,96765.0,15.2239999771,16.3600006104,0.649999976158,-22.5521335602,16.422700882,19.3436889648,34.0301625,108.7562623,34.0301589966,108.756942749,20.0,-0.0369088908615,0.195702811377,0.0470030505432,0.978840621206,5.0486164093,0.0720254257321,0.153493836522,-2.93744778633,0.251336783171,10.9725608826,249.064648918
632,126.600247192,10.4,8.0,96760.5,15.2290000916,16.6299991608,0.639999985695,-21.530134201,16.3930110931,19.3567123413,34.0301621,108.7562732,34.0301589966,108.756942749,20.0,-0.0463856624328,0.206315819838,-0.0172606938986,0.977232971817,5.47462368011,0.16692660749,0.111880294979,-1.72329807281,1.74127173424,10.9860286713,253.258258742
633,126.782242107,10.4,8.0,96761.2421875,15.2259998322,16.6000003815,0.649999976158,-20.3635730743,16.3745555878,19.3724746704,34.0301619,108.7562849,34.0301589966,108.756942749,20.0,-0.0559319183521,0.208585580412,-0.0161147632344,0.976270464237,5.94245386124,0.283869385719,0.0804228261113,-1.23933112621,0.703273236752,5.13417482376,252.751603022
634,127.00423388499999,8.0,9.0,96766.7421875,15.2410001755,16.4699993134,0.649999976158,-19.1499385834,16.3783378601,19.3836040497,34.0301621,108.7562977,34.0301589966,108.756942749,20.0,-0.0479902825176,0.203157013641,-0.00566272412538,0.97795309287,6.35905218124,0.399709314108,0.0200298707932,-3.84398984909,-2.1194434166,17.3099517822,251.019262425
635,127.181227493,8.0,9.0,96755.25,15.2329998016,16.3199996948,0.649999976158,-17.7916030884,16.4089412689,19.3840122223,34.0301625,108.7563115,34.0301589966,108.756942749,20.0,-0.0393369708042,0.181563049464,0.00417148433137,0.982583345648,6.74278259277,0.470254898071,0.0364831909537,-1.07200396061,-1.98434662819,10.2057361603,248.602552114
636,127.399216223,8.0,9.0,96755.75,15.2370004654,15.9200000763,0.649999976158,-16.4701290131,16.4554443359,19.3916721344,34.030163,108.7563259,34.0301589966,108.756942749,20.0,-0.0301157092337,0.153924679302,0.0140556368036,0.987523588496,6.96878242493,0.508673846722,0.0562517046928,-2.36239051819,2.72932720184,9.92381572723,242.573048572
637,127.601212311,8.0,9.0,96761.0,15.2440004349,15.2700004578,0.639999985695,-15.0412130356,16.5161552429,19.4085350037,34.0301637,108.756341,34.0301589966,108.756942749,20.0,-0.0212204640732,0.127138960959,0.0155903721453,0.991535378418,7.10485601425,0.547234475613,0.050312500447,-1.08302593231,1.18726563454,4.16425848007,232.775893619
638,127.80320768399999,8.0,9.0,96758.75,15.2430000305,14.8900003433,0.639999985695,-13.5901727676,16.5876121521,19.4175491333,34.0301644,108.7563566,34.0301589966,108.756942749,20.0,-0.0107528912163,0.0973992622004,0.00992950248123,0.995137796001,7.13349151611,0.544150054455,-0.0165869407356,-2.30960488319,1.1066621542,17.1020927429,226.968275688
639,127.98020200699999,6.2,8.0,96753.75,15.2550001144,14.6899995804,0.649999976158,-12.1598758698,16.6554546356,19.4272251129,34.0301652,108.7563722,34.0301589966,108.756942749,20.0,-0.00734156481047,0.102076701009,0.00403488639534,0.994741320597,7.1221113205,0.518773317337,-0.0304878279567,-2.10389018059,-0.594032466412,14.8760519028,224.09594528
640,128.202196646,6.2,8.0,96750.75,15.2670001984,14.4600000381,0.649999976158,-10.6790895462,16.7228965759,19.4406757355,34.030166,108.7563879,34.0301589966,108.756942749,20.0,-0.00240489390768,0.108590401616,-0.000856592549135,0.994083323998,7.1598534584,0.461704611778,-0.0312375780195,-1.94057643414,-0.691728234291,8.87162017822,220.760823451
641,128.404187965,6.2,8.0,96758.0,15.2720003128,14.1999998093,0.649999976158,-9.18262672424,16.7883644104,19.4610443115,34.0301667,108.7564034,34.0301589966,108.756942749,20.0,0.00634934370283,0.11233295747,-0.00514785822397,0.993637031019,7.22224473953,0.399924457073,0.0311924852431,-0.645472705364,-0.661801040173,4.0609331131,216.862401529
642,128.60118370100002,6.2,8.0,96756.9921875,15.2720003128,13.7600002289,0.649999976158,-7.72083520889,16.845741272,19.4827098846,34.0301673,108.7564191,34.0301589966,108.756942749,20.0,0.00819129796001,0.113216123607,-0.00734290824127,0.993509536802,7.2654042244,0.32659342885,0.0140104554594,-3.42437148094,-2.2277367115,14.6316137314,210.1427278
643,128.80417614,6.2,8.0,96756.25,15.2869997025,13.5200004578,0.649999976158,-6.24691820145,16.8903865814,19.4888191223,34.0301678,108.756435,34.0301589966,108.756942749,20.0,0.0111745888749,0.115925112295,-0.00915164024511,0.993152932317,7.32445287704,0.259225279093,-0.0734715163708,-0.755013942719,-2.67528438568,7.60604524612,206.680242975
644,129.001170206,4.3,2.0,96756.25,15.2829999924,13.5399999619,0.649999976158,-4.72613143921,16.915895462,19.4834632874,34.030168,108.756451,34.0301589966,108.756942749,20.0,0.00914018683903,0.112271565317,-0.00895329717602,0.993595221345,7.36489725113,0.156149983406,-0.114516511559,-2.02715492249,-2.67975378036,13.7159833908,206.931819314
645,129.19816522600001,4.3,2.0,96755.0078125,15.2770004272,13.5200004578,0.649999976158,-3.20553159714,16.9218101501,19.4797992706,34.0301681,108.756467,34.0301589966,108.756942749,20.0,0.00417201643533,0.105841331275,-0.00908066495222,0.994332791194,7.3905916214,0.0818910747766,-0.045214433223,-3.7988421917,-1.52264213562,14.929441452,206.54505277
646,129.40016107600002,4.3,2.0,96756.0,15.2810001373,13.4499998093,0.649999976158,-1.71867084503,16.9148216248,19.4821147919,34.030168,108.7564831,34.0301589966,108.756942749,20.0,0.000381044389031,0.104481399987,-0.0112972520091,0.994462687782,7.42505884171,0.0313273444772,-0.046695176512,-2.79758286476,2.36089372635,12.0952062607,205.529448932
647,129.60215621,4.3,2.0,96759.75,15.2889995575,13.3500003815,0.649999976158,-0.227490842342,16.8980178833,19.4775924683,34.030168,108.7564994,34.0301589966,108.756942749,20.0,0.0019323645156,0.110588151699,-0.0156396418112,0.993741386616,7.43406057358,0.0137799028307,-0.0846850797534,-3.78238892555,-1.79548692703,19.9711894989,204.108149925
648,129.799148846,4.3,2.0,96756.0,15.2910003662,13.7100000381,0.649999976158,1.3024559021,16.8791446686,19.4551506042,34.0301677,108.7565156,34.0301589966,108.756942749,20.0,0.00567592135732,0.111426220708,-0.0194668706839,0.993565844992,7.44325208664,-0.00640240078792,-0.131670072675,-0.0860942602158,0.923795759678,3.78119635582,209.639615604
649,129.981143045,2.9,347.0,96759.25,15.2980003357,13.8999996185,0.649999976158,2.83245754242,16.848897934,19.4341201782,34.0301674,108.7565319,34.0301589966,108.756942749,20.0,0.00763272050834,0.113469852903,-0.0213102052504,0.993283545401,7.44723033905,-0.0645557567477,-0.141497910023,-1.99506008625,0.143080234528,1.14813184738,212.64219883
650,130.20413451200002,2.9,347.0,96760.25,15.2939996719,14.4399995804,0.649999976158,4.32414388657,16.807477951,19.4060592651,34.0301672,108.7565481,34.0301589966,108.756942749,20.0,0.00199632762657,0.118046663477,-0.0208555671955,0.992787097672,7.44901990891,-0.0955843105912,-0.21669831872,-1.76980876923,-0.616300284863,1.90152895451,220.845348845
651,130.401130247,2.9,347.0,96756.75,15.2849998474,15.0399999619,0.649999976158,5.85965919495,16.7598285675,19.3760604858,34.0301668,108.7565644,34.0301589966,108.756942749,20.0,-0.00245339966196,0.120105547563,-0.0204120559086,0.992548251482,7.46757507324,-0.12789362669,-0.154758483171,-1.62605583668,-0.330178260803,7.78027629852,229.886397122
652,130.59812502900002,2.9,347.0,96762.2421875,15.2760000229,15.2899999619,0.639999985695,7.40119934082,16.7062892914,19.3484535217,34.0301664,108.7565807,34.0301589966,108.756942749,20.0,-0.00526968368959,0.118807182285,-0.0209953261452,0.992681393376,7.50138950348,-0.141577154398,-0.134573638439,-1.37797248363,-1.53714728355,8.24943733215,233.570039767
653,130.800123501,2.9,347.0,96765.75,15.2709999084,15.4399995804,0.639999985695,8.90739059448,16.6558799744,19.3245506287,34.0301661,108.756597,34.0301589966,108.756942749,20.0,-0.00462251883071,0.123104769987,-0.0221562610874,0.992135549541,7.51329803467,-0.151057109237,-0.112934887409,-4.23176574707,-0.598313987255,19.1316986084,235.784232178
654,131.002118158,0.0,359.0,96761.5,15.251999855,15.8299999237,0.639999985695,10.4944324493,16.6082267761,19.2916240692,34.0301657,108.7566134,34.0301589966,108.756942749,20.0,-0.00565751898959,0.12096086517,-0.0234328891288,0.992364575516,7.53528261185,-0.131903961301,-0.0681002289057,-0.351785242558,-0.209446638823,4.19030809402,241.439156542
655,131.20411281600002,0.0,359.0,96765.25,15.2379999161,16.1399993896,0.639999985695,11.9683656693,16.5686683655,19.2654323578,34.0301654,108.7566298,34.0301589966,108.756942749,20.0,-0.00293545951015,0.123671239436,-0.022612079254,0.992061244647,7.55859804153,-0.132179737091,-0.0917801111937,-4.36906433105,0.837743997574,19.9496746063,245.941309345
656,131.402107763,0.0,359.0,96764.5,15.2539997101,16.3299999237,0.649999976158,13.5200166702,16.5316467285,19.2443656921,34.0301652,108.7566463,34.0301589966,108.756942749,20.0,-0.0029925790266,0.122887181613,-0.0221704645753,0.99216846623,7.58451318741,-0.128823384643,-0.0170388780534,-0.968734323978,-1.0367950201,13.491560936,249.097814102
657,131.583099174,0.0,359.0,96765.75,15.2489995956,16.5,0.649999976158,15.0395870209,16.5020847321,19.224811554,34.0301649,108.7566629,34.0301589966,108.756942749,20.0,-0.00267670947043,0.124419799076,-0.0214440214944,0.991994399745,7.62203454971,-0.123163312674,0.0167121253908,-1.7555898428,-0.770018994808,-0.281370282173,251.608493328
658,131.80109410300003,0.0,359.0,96765.75,15.2410001755,16.6399993896,0.639999985695,16.6001224518,16.4741611481,19.2094268799,34.0301647,108.7566796,34.0301589966,108.756942749,20.0,-0.00355056115404,0.123399244749,-0.019367530562,0.992161807028,7.64506626129,-0.117644898593,-0.00651371804997,-3.52888035774,-0.28666010499,10.7774200439,253.610233618
659,131.998089123,0.0,359.0,96765.0,15.2250003815,16.7999992371,0.639999985695,18.1704292297,16.4486045837,19.1992530823,34.0301645,108.7566963,34.0301589966,108.756942749,20.0,-0.000528600505668,0.122385086207,-0.0187881378355,0.992304726991,7.66579580307,-0.118149228394,0.0618898719549,-0.995741009712,1.85375285149,5.97770547867,255.779994793
660,132.200078773,0.0,359.0,96763.0,15.2309999466,16.6700000763,0.639999985695,19.6997470856,16.4253902435,19.1919078827,34.0301644,108.7567131,34.0301589966,108.756942749,20.0,0.000274908087768,0.0917122430511,-0.0181405093613,0.995620250976,7.63640117645,-0.136505201459,0.0757600590587,-1.31787967682,-2.38592672348,5.59734106064,253.900770272
661,132.402075577,0.0,359.0,96760.9921875,15.2170000076,16.2399997711,0.629999995232,21.2929935455,16.4029846191,19.2014961243,34.0301641,108.7567299,34.0301589966,108.756942749,20.0,0.00075903971699,0.0438673921855,-0.0182169215976,0.998870995255,7.4703130722,-0.125900119543,0.166870296001,-3.17076277733,0.32935667038,10.5804224014,247.124076641
662,132.59907083500002,0.0,359.0,96757.9921875,15.1990003586,15.529999733,0.629999995232,22.7325248718,16.3831653595,19.2334632874,34.030164,108.7567465,34.0301589966,108.756942749,20.0,0.0037260823632,0.0119452920736,-0.0178437534009,0.999762569688,7.18768310547,-0.133257970214,0.158029481769,-2.56219744682,-2.36611938477,21.3886165619,236.04047151
663,132.80106406200002,0.0,359.0,96760.7890625,15.2100000381,14.9399995804,0.629999995232,24.1916904449,16.3608913422,19.2732334137,34.0301638,108.7567627,34.0301589966,108.756942749,20.0,0.00254431370692,0.00749637874613,-0.0167320459777,0.999828698093,6.84921836853,-0.12902854383,0.0904239416122,-4.87824630737,3.61680650711,13.089881897,227.237394188
664,132.999056149,6.0,26.0,96761.5,15.220000267,14.7399997711,0.639999985695,25.5656642914,16.3407459259,19.3008575439,34.0301637,108.756778,34.0301589966,108.756942749,20.0,0.00443513674104,-0.000499502881219,-0.0154581996283,0.999870592061,6.50617456436,-0.150490805507,0.093161277473,-1.25811457634,0.502855122089,11.5732479095,224.342800452
665,133.201049852,6.0,26.0,96756.25,15.2270002365,14.5500001907,0.629999995232,26.9071273804,16.3207359314,19.3187389374,34.0301635,108.7567927,34.0301589966,108.756942749,20.0,0.00102126917662,-0.0104685702226,-0.0164748659081,0.999808973368,6.15112829208,-0.157777264714,0.0444301441312,-1.47802495956,-2.34513878822,11.6006851196,221.552856346
666,133.403043556,6.0,26.0,96757.5,15.2290000916,14.5100002289,0.639999985695,28.2100067139,16.3005599976,19.3305740356,34.0301633,108.7568065,34.0301589966,108.756942749,20.0,0.00354665071675,-0.0163230661307,-0.0188817038392,0.999682195648,5.7758564949,-0.154413685203,-0.00217908341438,-2.06088209152,0.797947227955,18.1092758179,220.972794814
667,133.600039291,6.0,26.0,96756.4921875,15.2449998856,14.7299995422,0.639999985695,29.3445224762,16.2737026215,19.3359584808,34.030163,108.7568196,34.0301589966,108.756942749,20.0,0.00353818446855,-0.0278534810912,-0.0213753221313,0.999377263199,5.41341400146,-0.153662458062,-0.0386747345328,-0.668894469738,-3.3263425827,8.05822181702,224.558841336
668,133.80203633300002,6.0,26.0,96766.9921875,15.25,14.8400001526,0.639999985695,30.4612922668,16.2393188477,19.3341121674,34.0301627,108.7568318,34.0301589966,108.756942749,20.0,0.000959442713303,-0.0279846815964,-0.0226733607718,0.999350794978,5.02215766907,-0.171058401465,-0.0811852142215,-2.88927698135,-4.1434378624,17.7646980286,226.310002327
669,133.99903063800002,8.3,11.0,96759.5,15.2460002899,15.0500001907,0.639999985695,31.4700832367,16.1991882324,19.327709198,34.0301625,108.7568431,34.0301589966,108.756942749,20.0,0.00104274069103,-0.0312970103234,-0.0221435327391,0.999264267498,4.62566423416,-0.196829408407,-0.0647635906935,-2.23317813873,-1.83015954494,14.773733139,229.452307271
670,134.20102291100002,8.3,11.0,96757.75,15.2419996262,15.279999733,0.639999985695,32.4233093262,16.159620285,19.3185958862,34.0301623,108.7568536,34.0301589966,108.756942749,20.0,-0.00196211228811,-0.0322162080648,-0.0223574279953,0.999228990586,4.24503993988,-0.196615353227,-0.0794724449515,-1.013474226,0.516787409782,5.05489826202,232.897750218
671,134.399018812,8.3,11.0,96769.25,15.248000145,15.5799999237,0.639999985695,33.2928924561,16.1248893738,19.3162593842,34.030162,108.7568631,34.0301589966,108.756942749,20.0,-0.00588311394751,-0.0342625495125,-0.0226433943625,0.999139007064,3.85363149643,-0.180744603276,-0.0407328493893,-3.16765356064,-0.167916014791,17.1027240753,237.563841095
672,134.601015377,8.3,11.0,96774.25,15.2390003204,15.8299999237,0.639999985695,34.0626182556,16.0923633575,19.2980670929,34.0301618,108.7568717,34.0301589966,108.756942749,20.0,-0.00648620637374,-0.0295846918697,-0.0196821146393,0.999347507524,3.49886155128,-0.179761216044,-0.0716978162527,-0.47376447916,0.846018493176,6.73312282562,241.23337391
673,134.798009682,8.3,11.0,96772.5,15.2430000305,16.2999992371,0.639999985695,34.7723579407,16.0648231506,19.2607784271,34.0301616,108.7568796,34.0301589966,108.756942749,20.0,-0.00765888909145,-0.0255177350154,-0.0169563515055,0.99950121708,3.15497922897,-0.163178607821,-0.0999514609575,-1.22664737701,-0.486813277006,12.3213253021,248.460888868
674,135.000003147,5.3,15.0,96770.7421875,15.2220001221,16.8099994659,0.639999985695,35.3961334229,16.0433216095,19.2148208618,34.0301615,108.7568866,34.0301589966,108.756942749,20.0,-0.00759816404383,-0.0203859498872,-0.0157279394588,0.999639627331,2.83390331268,-0.142009034753,-0.0491429716349,0.0169645026326,0.95292943716,2.26440501213,255.881813923
675,135.20200328800001,5.3,15.0,96771.25,15.2150001526,17.3899993896,0.639999985695,35.9636535645,16.0276298523,19.1729354858,34.0301614,108.7568929,34.0301589966,108.756942749,20.0,-0.0108795820087,-0.0201918939429,-0.0155949661518,0.999615308599,2.53657388687,-0.107151784003,-0.0323528759181,-1.38867080212,-1.53950357437,11.1892375946,264.588843367
676,135.398997831,5.3,15.0,96771.0,15.2100000381,17.6700000763,0.629999995232,36.4538955688,16.0234851837,19.1451454163,34.0301614,108.7568985,34.0301589966,108.756942749,20.0,-0.00741874260481,-0.0145584523283,-0.0170196982188,0.999721687245,2.27847075462,-0.0819158777595,-0.00981947220862,-1.65197396278,-0.834697604179,7.92566394806,268.760701834
677,135.600992727,5.3,15.0,96773.25,15.1890001297,17.8199996948,0.629999995232,36.8977050781,16.0289459229,19.1312141418,34.0301615,108.7569036,34.0301589966,108.756942749,20.0,-0.00255835157092,-0.0105601592757,-0.021015135164,0.999720169958,2.04624390602,-0.0586882121861,0.0197067372501,-2.80339455605,0.357238560915,12.2175397873,270.667977676
678,135.798986006,5.3,15.0,96771.75,15.1759996414,17.8700008392,0.629999995232,37.2968788147,16.0373878479,19.1255741119,34.0301617,108.7569081,34.0301589966,108.756942749,20.0,0.00233507468967,-0.00657822446857,-0.0264536802021,0.999625676724,1.83136081696,-0.0603021420538,0.0671057030559,1.21196341515,-0.125652372837,1.45027577877,271.195126328
679,136.000981617,4.1,18.0,96767.0,15.1649999619,17.8199996948,0.629999995232,37.6406974792,16.0518627167,19.1238117218,34.030162,108.756912,34.0301589966,108.756942749,20.0,0.00125670591758,-0.00554559325892,-0.0359441389624,0.999337645161,1.65329110622,-0.0646696463227,0.101442277431,-0.210425391793,-0.393325448036,3.84456372261,270.240294692
680,136.20297436700002,4.1,18.0,96768.7890625,15.1730003357,17.7900009155,0.629999995232,37.9427375793,16.0732898712,19.1287097931,34.0301622,108.7569156,34.0300216675,108.756546021,20.0,0.00270864476317,-0.00560661102958,-0.0486241869243,0.998797744032,1.46935689449,-0.0713798254728,0.1262216717,-1.89473450184,-1.7816041708,14.4212608337,269.927689863
681,136.399970579,4.1,18.0,96768.9921875,15.1689996719,18.3799991608,0.620000004768,38.2180175781,16.0962429047,19.1424160004,34.0301626,108.7569188,34.0300216675,108.756546021,20.0,0.0186627351561,-0.008475604795,-0.0915768831787,0.995586997112,1.28916084766,-0.0849197730422,0.16859510541,0.789120912552,-0.315459132195,6.43918371201,278.80620124
682,136.601966906,4.1,18.0,96770.7421875,15.1630001068,18.4400005341,0.629999995232,38.4468307495,16.1160907745,19.163351059,34.0301628,108.7569215,34.0300216675,108.756546021,20.0,0.0607827993448,-0.050090934131,-0.168309983487,0.98258237627,1.03184735775,-0.179243847728,0.12641762197,-4.72144365311,1.21785235405,19.1046333313,279.605730068
683,136.803961563,4.1,18.0,96767.5,15.1689996719,18.5599994659,0.629999995232,38.5981140137,16.1079387665,19.1804580688,34.0301628,108.7569238,34.0300216675,108.756546021,20.0,0.0863661096292,-0.0853027564128,-0.248347481012,0.961034842116,0.600960850716,-0.346289604902,0.118186712265,-0.0952648445964,-0.343305468559,6.3531627655,281.53662581
684,137.00095634500002,2.6,23.0,96766.0,15.170999527,18.6399993896,0.629999995232,38.6622657776,16.0655593872,19.197971344,34.0301628,108.7569256,34.0300216675,108.756546021,20.0,0.0994444869213,-0.0957877443558,-0.324848310037,0.935632936518,0.0402790829539,-0.52114289999,0.106931053102,-1.16475820541,0.112535655499,10.2904224396,282.787421923
685,137.19895010000002,2.6,23.0,96766.5,15.1700000763,18.6399993896,0.629999995232,38.6371154785,15.9999713898,19.2141914368,34.0301623,108.7569259,34.0300216675,108.756546021,20.0,0.109561509787,-0.082055301605,-0.398714939958,0.906801900106,-0.500036478043,-0.69156897068,0.0788692310452,-2.56455731392,-0.397027432919,15.10151577,282.768792163
686,137.38094620700002,2.6,23.0,96772.5,15.1730003357,18.5900001526,0.629999995232,38.5134239197,15.9042987823,19.2280445099,34.0301617,108.756925,34.0300216675,108.756546021,20.0,0.115654977338,-0.0690576323585,-0.465135444005,0.87493093795,-0.987507462502,-0.855427801609,0.0688727423549,0.477585852146,0.60022777319,6.69247817993,282.066078556
687,137.58294205700003,2.6,23.0,96769.0,15.1669998169,18.5699996948,0.629999995232,38.2964897156,15.7860641479,19.2346725464,34.0301607,108.756923,34.0300216675,108.756546021,20.0,0.119787697105,-0.0543137691289,-0.536571591612,0.833541784409,-1.42051672935,-1.00937795639,0.0324875861406,0.592001140118,0.600845634937,2.43835091591,281.651181971
688,137.799945164,2.6,23.0,96767.7421875,15.1649999619,18.7700004578,0.629999995232,37.9814605713,15.6340970993,19.2392463684,34.0301594,108.75692,34.0300216675,108.756546021,20.0,0.125882110327,-0.0401270240163,-0.609243005398,0.7818993721,-1.84347653389,-1.16467547417,0.0327345654368,-2.49487447739,2.12856411934,14.0499153137,284.647056226
689,138.00193862900002,3.2,8.0,96763.0,15.1529998779,18.8299999237,0.629999995232,37.5746574402,15.4489040375,19.2466888428,34.0301579,108.7569158,34.0300216675,108.756546021,20.0,0.130386101683,-0.0268369109589,-0.671011580017,0.729398889469,-2.24795508385,-1.30876541138,0.0651824474335,-0.761813700199,1.68172717094,6.93619966507,285.330986545
690,138.19893198,3.2,8.0,96760.5,15.1499996185,18.7900009155,0.629999995232,37.0902519226,15.2433233261,19.2575149536,34.0301562,108.7569107,34.0300216675,108.756546021,20.0,0.136217766182,-0.0174175802738,-0.726100527154,0.673735396493,-2.6043176651,-1.44086146355,0.0652321055531,-1.15835297108,1.25170648098,10.8880805969,284.668506702
691,138.40193562500002,3.2,8.0,96763.7421875,15.1379995346,18.7299995422,0.620000004768,36.5097846985,15.0092878342,19.2791633606,34.0301542,108.7569048,34.0300216675,108.756546021,20.0,0.137538263824,-0.00462693371309,-0.777795933856,0.613266196043,-2.95446109772,-1.56898987293,0.0758397802711,0.635011851788,-0.0365538746119,8.84292125702,283.534724354
692,138.598929453,3.2,8.0,96761.75,15.1160001755,18.5699996948,0.620000004768,35.8519477844,14.7517642975,19.3082618713,34.030152,108.7568981,34.0300216675,108.756546021,20.0,0.144031707602,0.00836211913702,-0.822094405325,0.550768293918,-3.26525354385,-1.6900343895,0.0444441027939,0.135257542133,-0.895840525627,6.92741584778,280.704118646
693,138.800925303,3.2,8.0,96759.0,15.1079998016,18.5699996948,0.620000004768,35.1214408875,14.470498085,19.3413009644,34.0301497,108.7568905,34.0300216675,108.756546021,20.0,0.163298259583,0.0163059624127,-0.860373521842,0.482519817831,-3.58578300476,-1.83199727535,0.0343819484115,1.2145357132,0.274328589439,2.22564744949,280.555551706
694,139.002921867,6.6,5.0,96764.75,15.123000145,18.6599998474,0.620000004768,34.3233299255,14.1703491211,19.3725166321,34.0301473,108.7568825,34.0300216675,108.756546021,20.0,0.17689176673,0.027071416024,-0.893814622692,0.411183389667,-3.93792676926,-1.97967946529,0.0551807321608,0.599365830421,-0.859004676342,4.65727329254,282.195180397
695,139.19991593400002,6.6,5.0,96762.0,15.1160001755,18.8899993896,0.620000004768,33.4598617554,13.8501348495,19.3952465057,34.0301445,108.7568735,34.0300216675,108.756546021,20.0,0.190436156993,0.0412831489494,-0.920142157376,0.339658839045,-4.30265378952,-2.14535307884,0.0223893355578,-3.04280757904,1.56280303001,14.2285280228,285.541234089
696,139.401908445,6.6,5.0,96759.75,15.1190004349,19.0100002289,0.620000004768,32.4936752319,13.48209095,19.4183712006,34.0301415,108.7568639,34.0300216675,108.756546021,20.0,0.197693649377,0.0549313785102,-0.942042249918,0.2654357943,-4.70036840439,-2.35187196732,-0.00499172555283,-1.28744089603,-0.381155490875,6.54501152039,287.412201727
697,139.603901672,6.6,5.0,96753.0,15.1129999161,19.3400001526,0.620000004768,31.4739551544,13.0919752121,19.4381046295,34.0301381,108.7568534,34.0300216675,108.756546021,20.0,0.206357097407,0.0673205974124,-0.957044294205,0.192226507702,-5.10648965836,-2.57392835617,0.0125572662801,-2.75372266769,1.54815328121,9.27496147156,292.285420683
698,139.801895905,6.6,5.0,96752.0,15.109000206,19.3799991608,0.610000014305,30.3757953644,12.6618413925,19.4589118958,34.0301342,108.756842,34.0300216675,108.756546021,20.0,0.19631682774,0.0874716010096,-0.959631899969,0.181425661275,-5.50621461868,-2.81163287163,-0.000603447377217,-1.04801905155,-0.466860890388,-1.32537019253,292.812411312
699,140.003887463,9.1,14.0,96759.0,15.1059999466,18.6800003052,0.620000004768,29.1828689575,12.1591119766,19.4867954254,34.0301299,108.7568299,34.0300216675,108.756546021,20.0,0.177293855567,0.0931699102461,-0.961813210114,0.186551940312,-5.81554079056,-3.10645914078,-0.0209569800645,-0.681641817093,-0.119123652577,5.48792123795,282.180083612
700,140.200880337,9.1,14.0,96750.5,15.1140003204,17.9300003052,0.620000004768,27.9414691925,11.6002140045,19.508972168,34.0301251,108.756817,34.0300216675,108.756546021,20.0,0.158918522405,0.0713507422872,-0.966212751043,0.189965413573,-6.05284929276,-3.33973503113,-0.0435953587294,-1.2801361084,0.867096781731,4.59816598892,270.994030358
701,140.402875948,9.1,14.0,96753.75,15.1219997406,17.1499996185,0.610000014305,26.6218852997,10.9910259247,19.5344867706,34.0301198,108.7568037,34.0300216675,108.756546021,20.0,0.126502451351,0.0435893533771,-0.972117355932,0.192574556377,-6.21138477325,-3.44133496284,-0.0801490321755,-1.67342102528,1.74288463593,7.08620834351,259.342289783
702,140.599870253,9.1,14.0,96755.25,15.125,16.4699993134,0.610000014305,25.3785762787,10.4119091034,19.5538597107,34.0301143,108.7567899,34.0300216675,108.756546021,20.0,0.103110173345,0.0421728162379,-0.973684122878,0.19881920204,-6.26996088028,-3.45794057846,-0.0851168856025,-4.33844709396,-1.11685228348,14.1026639938,249.108739614
703,140.801866579,9.1,14.0,96750.25,15.1379995346,15.9899997711,0.620000004768,24.0587978363,9.79593753815,19.5766601563,34.0301087,108.7567761,34.0300216675,108.756546021,20.0,0.101256315237,0.0396969602083,-0.972954055168,0.20379379457,-6.27640914917,-3.45551490784,-0.0842160359025,-0.00604582577944,-0.322010278702,10.9605894089,242.056609094
704,140.99886350600002,9.2,17.0,96752.25,15.1510000229,15.3500003815,0.620000004768,22.7641506195,9.18725776672,19.6028709412,34.030103,108.7567621,34.0300216675,108.756546021,20.0,0.109572194013,0.0337339924708,-0.972211764872,0.204108715822,-6.29417562485,-3.44711303711,-0.097723595798,-0.470660924911,0.452069044113,5.36873626709,232.567856131
705,141.20186405200002,9.2,17.0,96744.9921875,15.1579999924,14.8400001526,0.620000004768,21.398475647,8.53893947601,19.6319332123,34.0300973,108.7567482,34.0300216675,108.756546021,20.0,0.0838085604536,0.0242026222915,-0.975449359334,0.202209873856,-6.29167699814,-3.41522526741,-0.128697440028,-1.98814558983,3.24047350883,6.29332876205,224.9447222
706,141.39886550900002,9.2,17.0,96751.5,15.1829996109,14.3199996948,0.620000004768,20.1470375061,7.93930959702,19.6544933319,34.0300918,108.7567343,34.0300216675,108.756546021,20.0,0.045922843938,0.0179364171986,-0.978422440175,0.20064643651,-6.18271827698,-3.33848524094,-0.134483665228,-0.544172406197,-1.97915136814,11.906961441,217.420549795
707,141.60085778200002,9.2,17.0,96753.25,15.1940002441,14.0,0.629999995232,18.8604946136,7.33212566376,19.6778717041,34.0300864,108.7567205,34.0300216675,108.756546021,20.0,0.0134267459786,0.0143267614708,-0.979711754418,0.199447906579,-5.9627199173,-3.21357822418,-0.0901924744248,-2.25811433792,-0.821041822433,13.8854417801,212.716003418
708,141.802853155,9.2,17.0,96754.5,15.2030000687,13.5699996948,0.629999995232,17.6463680267,6.7700214386,19.7000789642,34.0300812,108.7567071,34.0300216675,108.756546021,20.0,0.00566195203339,0.00548361741919,-0.980118640094,0.198255993703,-5.71889162064,-3.07600617409,-0.188708424568,-0.464996486902,2.23768758774,-0.996155202389,206.304706292
709,141.999849129,7.8,17.0,96747.25,15.2049999237,13.3699998856,0.620000004768,16.4470062256,6.22367429733,19.6998977661,34.0300763,108.7566943,34.0300216675,108.756546021,20.0,0.0104749427931,0.00756200254171,-0.980401487594,0.196586514887,-5.46264505386,-2.91195011139,-0.260472685099,-1.35120594501,1.6736342907,4.83806943893,203.29084724
710,142.18184452100002,7.8,17.0,96754.5,15.1949996948,13.6800003052,0.610000014305,15.2968025208,5.70657968521,19.6831455231,34.0300716,108.7566821,34.0300216675,108.756546021,20.0,0.00268170140244,0.00342471642665,-0.980734026229,0.195299181546,-5.22066402435,-2.74917984009,-0.298651099205,0.781813621521,0.877135574818,2.90148806572,207.867600462
711,142.403839874,7.8,17.0,96747.75,15.1909999847,13.8400001526,0.620000004768,14.2221794128,5.23727703094,19.6636981964,34.0300673,108.7566705,34.0300216675,108.756546021,20.0,-0.00403660552578,0.00138328755627,-0.980899916224,0.194466865582,-4.97668552399,-2.58009338379,-0.307362228632,-0.755356907845,-0.161964654922,3.35076069832,210.243442107
712,142.601840544,7.8,17.0,96755.75,15.2110004425,14.3400001526,0.620000004768,13.1507043839,4.78555774689,19.6230010986,34.0300632,108.7566594,34.0300216675,108.756546021,20.0,-0.00303754238765,0.00525401436389,-0.980838297532,0.19472927186,-4.71528434753,-2.39411878586,-0.354541778564,-2.79989433289,-0.626331210136,18.8261318207,218.125748667
713,142.798833656,7.8,17.0,96760.25,15.2030000687,14.8299999237,0.620000004768,12.2154827118,4.39192914963,19.5752067566,34.0300595,108.7566489,34.0300216675,108.756546021,20.0,-0.000370731911308,0.00652756988356,-0.981101926069,0.193381710673,-4.49281644821,-2.26733541489,-0.392062097788,-2.02777099609,-2.69389104843,15.5398569107,225.460489858
714,143.00082998300002,6.2,16.0,96764.4921875,15.1840000153,15.3000001907,0.610000014305,11.2812871933,4.0111246109,19.5306625366,34.030056,108.756639,34.0300216675,108.756546021,20.0,-0.0093061986655,0.00721606795922,-0.980981891845,0.193741981934,-4.2339720726,-2.09547185898,-0.304049015045,-0.888932228088,1.90492761135,1.53105664253,232.31520313
715,143.18282370600002,6.2,16.0,96768.9921875,15.1730003357,15.6599998474,0.620000004768,10.3917970657,3.65415048599,19.4739341736,34.0300527,108.7566296,34.0300216675,108.756546021,20.0,-0.0142714601135,0.0113454734368,-0.980391709525,0.196213599571,-3.94610142708,-1.94447088242,-0.278541982174,-2.35584068298,0.376413017511,12.4584255219,237.609182942
716,143.39982371300002,6.2,16.0,96768.4921875,15.1770000458,15.970000267,0.620000004768,9.62086772919,3.34710764885,19.4187488556,34.0300497,108.7566208,34.0300216675,108.756546021,20.0,-0.013241760744,0.00559736029024,-0.979817964476,0.199374402475,-3.67453217506,-1.7937514782,-0.198833927512,-1.37039327621,-0.369016051292,6.82066392899,242.376694784
717,143.60181551000002,6.2,16.0,96767.7421875,15.1870002747,16.2099990845,0.620000004768,8.86999607086,3.05308413506,19.3644428253,34.0300469,108.7566127,34.0300216675,108.756546021,20.0,-0.0169517216083,0.00777900859752,-0.979117821029,0.202435949551,-3.4056854248,-1.64939260483,-0.162064105272,0.0689855888486,-0.0869569182396,5.93157863617,246.181260548
718,143.798814821,6.2,16.0,96764.2421875,15.1809997559,16.4799995422,0.620000004768,8.1964225769,2.79332876205,19.3124713898,34.0300443,108.7566053,34.0300216675,108.756546021,20.0,-0.0161050414711,0.00723562508474,-0.97839563478,0.205985936454,-3.12651109695,-1.50876939297,-0.109431907535,-3.39929008484,0.23301717639,15.6096439362,250.182869027
719,144.00180892900002,4.9,18.0,96766.25,15.1730003357,16.7099990845,0.620000004768,7.58474254608,2.55372476578,19.2643222809,34.030042,108.7565985,34.0300216675,108.756546021,20.0,-0.0133488872492,0.0114336546044,-0.978063349026,0.207564925987,-2.85968518257,-1.38299667835,-0.0845206081867,-2.2423915863,-0.43768966198,13.434879303,253.540821718
720,144.182809877,4.9,18.0,96763.0,15.170999527,16.8500003815,0.620000004768,7.01669454575,2.33007860184,19.2323303223,34.0300398,108.7565923,34.0300216675,108.756546021,20.0,-0.0122697395013,0.0152731417069,-0.977559567746,0.2097466576,-2.59765553474,-1.26176440716,-0.0262062437832,-1.7125762701,1.29342257977,14.5653762817,255.631347817
721,144.380803156,4.9,18.0,96764.75,15.1649999619,17.0900001526,0.620000004768,6.50152158737,2.11777186394,19.2044258118,34.0300378,108.7565867,34.0300216675,108.756546021,20.0,-0.00304339363792,0.0182307207392,-0.976741118094,0.213623956929,-2.36736488342,-1.18635821342,0.00655603362247,-0.348812609911,0.0771604627371,8.9560136795,259.169851662
722,144.602803993,4.9,18.0,96762.5,15.1599998474,17.0900001526,0.620000004768,6.04248189926,1.92175900936,19.1922740936,34.0300359,108.7565817,34.0300216675,108.756546021,20.0,0.0367323482498,0.0285686986224,-0.974663826372,0.218780665991,-2.22061491013,-1.16004693508,0.0322081893682,1.09608316422,2.07109093666,-1.47307670116,259.084399706
723,144.799797344,4.9,18.0,96764.4921875,15.1510000229,17.1800003052,0.620000004768,5.59724998474,1.71451699734,19.1876373291,34.030034,108.756577,34.0300216675,108.756546021,20.0,0.0565554519999,0.0222477276512,-0.973582296092,0.220100410259,-2.18873500824,-1.17112839222,0.106977038085,-0.185562714934,0.0103930532932,7.6878490448,260.294185017
724,145.001791286,3.6,17.0,96762.25,15.1560001373,17.6700000763,0.610000014305,5.16173553467,1.50234830379,19.1841335297,34.030032,108.7565724,34.0301742554,108.756195068,20.0,0.0556961870771,0.017250371872,-0.97512310058,0.213858461994,-2.21919798851,-1.17484176159,0.0726938843727,-0.745224058628,-0.243501842022,15.8140001297,267.806523583
725,145.19878487600002,3.6,17.0,96768.25,15.125,17.8099994659,0.610000014305,4.74045944214,1.29718363285,19.1936340332,34.0300299,108.7565679,34.0301742554,108.756195068,20.0,0.0779284376153,-0.0200377392103,-0.985841676359,0.147111888853,-2.25258088112,-1.11372721195,0.146392285824,-2.78974843025,0.474849373102,12.1791973114,269.376241922
726,145.401775885,3.6,17.0,96765.0,15.1319999695,17.8299999237,0.610000014305,4.28423404694,1.09769928455,19.2151203156,34.030028,108.7565633,34.0301742554,108.756195068,20.0,0.119187407445,-0.0658512713454,-0.988792840839,0.0612107531762,-2.42832183838,-0.900196790695,0.173836290836,0.0468802377582,-1.0015693903,5.47123336792,269.803558301
727,145.598768997,3.6,17.0,96760.25,15.1309995651,18.1900005341,0.610000014305,3.82243180275,0.965106129646,19.2352333069,34.0300261,108.7565584,34.0301742554,108.756195068,20.0,0.166062763573,-0.103162833198,-0.980327140553,-0.0271913343447,-2.73609304428,-0.536380708218,0.186899185181,0.500789821148,0.534738481045,5.31908369064,275.23289017
728,145.800763893,3.6,17.0,96763.4921875,15.1289997101,18.7299995422,0.610000014305,3.26735901833,0.895293712616,19.2589702606,34.0300247,108.7565528,34.0301742554,108.756195068,20.0,0.207085642562,-0.11696272029,-0.964458809942,-0.115128921448,-3.18682146072,-0.0244822558016,0.160174176097,-0.815034925938,0.513278245926,8.43362522125,283.366157644
729,146.002757835,3.5,44.0,96756.7421875,15.1149997711,18.9200000763,0.610000014305,2.6369702816,0.906906723976,19.2905807495,34.030024,108.7565464,34.0301742554,108.756195068,20.0,0.228347457962,-0.111467261202,-0.946938365016,-0.196825782546,-3.70084190369,0.520459413528,0.149451345205,-2.71639060974,-0.926241397858,15.394288063,285.975796823
730,146.17975263600002,3.5,44.0,96760.5,15.1029996872,19.1900005341,0.610000014305,1.89480280876,1.01024901867,19.3211593628,34.0300243,108.7565388,34.0301742554,108.756195068,20.0,0.238016345406,-0.103473247371,-0.930597252132,-0.258128563366,-4.22805070877,1.08389306068,0.146568968892,-3.5373032093,1.4382327795,9.93182945251,289.826572063
731,146.40174703600002,3.5,44.0,96763.7421875,15.1040000916,19.2399997711,0.610000014305,1.05134892464,1.200999856,19.3459701538,34.0300255,108.75653,34.0301742554,108.756195068,20.0,0.247769758354,-0.0835936325997,-0.926714831961,-0.269855354981,-4.75555753708,1.55603682995,0.0782834365964,-2.38883209229,-2.47289395332,13.0058956146,290.600958304
732,146.57874755900002,3.5,44.0,96763.0,15.093000412,19.3999996185,0.610000014305,0.123106278479,1.46261715889,19.3608570099,34.0300274,108.75652,34.0301742554,108.756195068,20.0,0.245613725782,-0.089465099529,-0.926202832045,-0.271695149213,-5.26634597778,1.9681417942,0.0242870058864,-3.37528324127,-0.278435766697,14.9329738617,292.804202235
733,146.80173997900002,3.5,44.0,96762.2421875,15.0830001831,19.7000007629,0.600000023842,-0.939390420914,1.81162297726,19.3692855835,34.0300302,108.7565087,34.0301742554,108.756195068,20.0,0.239462798905,-0.102310378942,-0.926510187938,-0.271604596709,-5.75164461136,2.42136788368,-0.0129507230595,0.852242529392,1.17258119583,0.137174293399,297.135115115
734,146.998735237,5.3,22.0,96757.4921875,15.0760002136,19.8099994659,0.600000023842,-2.09881591797,2.25337290764,19.3807582855,34.0300337,108.7564963,34.0301742554,108.756195068,20.0,0.209374969812,-0.109798646396,-0.932298615039,-0.273725952961,-6.11140871048,2.86398077011,0.00376480165869,-0.945572137833,1.01883637905,5.10454463959,298.65555618
735,147.20073728600002,5.3,22.0,96758.75,15.0749998093,19.2399997711,0.600000023842,-3.29861617088,2.75711631775,19.3974456787,34.0300381,108.7564829,34.0301742554,108.756195068,20.0,0.185554935537,-0.0981370822963,-0.939229917158,-0.271635384981,-6.32504320145,3.18279314041,-0.00727248005569,-2.30777955055,-0.0591260790825,10.7603769302,290.04299288
736,147.40273122800002,5.3,22.0,96748.5,15.0780000687,18.3400001526,0.600000023842,-4.62027835846,3.35444140434,19.4173126221,34.030043,108.7564689,34.0301742554,108.756195068,20.0,0.155285664261,-0.087776939122,-0.944115938085,-0.277176494375,-6.47912502289,3.44504356384,0.0284105576575,0.441609531641,2.3162355423,1.78588366508,276.53052356
737,147.59972744,5.3,22.0,96754.5,15.0970001221,17.0400009155,0.610000014305,-5.87916040421,3.95538210869,19.45337677,34.0300486,108.7564543,34.0301742554,108.756195068,20.0,0.116802846757,-0.071712251612,-0.949486605624,-0.282293564327,-6.52491903305,3.59996628761,0.0616971738636,-2.33807086945,0.111426264048,9.19612598419,257.252895902
738,147.801723051,5.3,22.0,96749.2421875,15.1260004044,15.6000003815,0.620000004768,-7.22865247726,4.62043857574,19.5055332184,34.0300546,108.7564398,34.0301742554,108.756195068,20.0,0.0829379402479,-0.0658660075958,-0.952611815514,-0.285155567148,-6.46893310547,3.67873573303,0.095021173358,-6.27530050278,-0.244200393558,15.8058815002,235.965612078
739,147.998722839,8.2,357.0,96751.0,15.1560001373,14.7700004578,0.620000004768,-8.53801822662,5.29702186584,19.5532550812,34.0300609,108.7564253,34.0301742554,108.756195068,20.0,0.09212890021,-0.0627282728473,-0.952332655863,-0.283971809687,-6.38598871231,3.75771141052,0.0447084642947,-2.53892588615,-1.73106217384,11.9432353973,223.854128966
740,148.20171623200002,8.2,357.0,96747.5,15.1689996719,13.9499998093,0.620000004768,-9.87966537476,6.0225815773,19.5953826904,34.0300674,108.7564108,34.0301742554,108.756195068,20.0,0.0988665744383,-0.0612429072703,-0.951881853172,-0.283541490364,-6.33106040955,3.83789873123,0.00202816072851,-0.418724447489,-0.936393380165,5.8013548851,211.60754253
741,148.39871006,8.2,357.0,96749.25,15.1800003052,13.279999733,0.620000004768,-11.2218122482,6.77119016647,19.628408432,34.030074,108.7563966,34.0301742554,108.756195068,20.0,0.0805058635986,-0.0482350042422,-0.953939841637,-0.284940302119,-6.30034542084,3.86682248116,-0.0509199649096,-2.41351485252,-0.50409424305,17.9163475037,201.590399999
742,148.60070281,8.2,357.0,96751.2421875,15.1999998093,12.8100004196,0.620000004768,-12.5154981613,7.51537656784,19.6574211121,34.0300808,108.7563824,34.0301742554,108.756195068,20.0,0.0374238107636,-0.0449147677128,-0.955994036887,-0.2875022826,-6.20021009445,3.88238859177,-0.0847817510366,-2.47085142136,-4.25469255447,1.85971450806,194.712003935
743,148.77769784900002,8.2,357.0,96752.75,15.2080001831,12.8699998856,0.620000004768,-13.7723331451,8.26047134399,19.6667442322,34.0300876,108.7563686,34.0301742554,108.756195068,20.0,0.00346734747001,-0.0376474327222,-0.956117906475,-0.290532851742,-5.97540712357,3.8230702877,-0.18962611258,-4.15220880508,-1.49114716053,12.3191385269,195.726960616
744,148.999697733,9.3,2.0,96753.5,15.1979999542,12.9099998474,0.610000014305,-15.00187397,9.02295303345,19.6649856567,34.0300945,108.7563552,34.0301742554,108.756195068,20.0,-0.00692324811937,-0.027400866085,-0.955742609862,-0.292843700226,-5.65357303619,3.72218847275,-0.219960451126,-2.60758781433,-1.95872652531,13.8808698654,196.20617709
745,149.201694059,9.3,2.0,96755.5,15.1920003891,13.029999733,0.610000014305,-16.1692466736,9.77358341217,19.6531295776,34.0301012,108.7563426,34.0301742554,108.756195068,20.0,-0.0117858093867,-0.00938498989389,-0.955445706388,-0.294782307743,-5.33059930801,3.58547496796,-0.17014656961,-0.530436992645,1.8659478426,10.1612892151,197.951761013
746,149.398692656,9.3,2.0,96749.7421875,15.2069997787,12.7399997711,0.610000014305,-17.247089386,10.4837436676,19.6346874237,34.0301076,108.7563307,34.0301742554,108.756195068,20.0,-0.0103248707072,-0.00802041570299,-0.9557066586,-0.294030597627,-5.03389644623,3.42135286331,-0.152903854847,0.123221993446,2.2416305542,-0.840631365776,193.737173701
747,149.60168676400002,9.3,2.0,96756.4921875,15.2080001831,12.720000267,0.610000014305,-18.2847881317,11.1807317734,19.6052703857,34.0301138,108.7563196,34.0301742554,108.756195068,20.0,-0.0109777351042,0.000932187202479,-0.95564622002,-0.294310958463,-4.741771698,3.25416660309,-0.253905117512,-2.98966741562,0.175633877516,11.212436676,193.44576639
748,149.79868154500002,9.3,2.0,96760.0,15.2030000687,12.970000267,0.610000014305,-19.2577915192,11.8433113098,19.5736255646,34.0301197,108.7563091,34.0301742554,108.756195068,20.0,-0.0167501026096,0.0110772329475,-0.955767813678,-0.293435863447,-4.42476224899,3.04160165787,-0.21644410491,-1.62989246845,-1.06173086166,17.0535373688,197.18291495
749,150.000675726,9.6,5.0,96758.0,15.1999998093,13.1899995804,0.610000014305,-20.1407718658,12.4472570419,19.5338554382,34.0301252,108.7562995,34.0301742554,108.756195068,20.0,-0.0137451116654,0.0112894973182,-0.95659119451,-0.29089002521,-4.15935659409,2.81797790527,-0.272424995899,-3.28119874001,-3.18215274811,13.1282606125,200.487991106
750,150.202670383,9.6,5.0,96757.4921875,15.1940002441,13.7700004578,0.610000014305,-20.9537582397,13.0099630356,19.4859867096,34.0301302,108.7562905,34.0301742554,108.756195068,20.0,-0.0142670379871,0.0163198176953,-0.958410336786,-0.284569430926,-3.85821056366,2.58701515198,-0.244065359235,-2.62141776085,5.90382766724,8.15654087067,209.221390317
751,150.399669456,9.6,5.0,96762.2421875,15.1800003052,14.3500003815,0.600000023842,-21.7233543396,13.5358161926,19.4332828522,34.0301349,108.7562821,34.0301742554,108.756195068,20.0,-0.0126033866311,0.0172470898508,-0.960893987348,-0.276091402687,-3.58215355873,2.37503671646,-0.261045336723,-1.78727984428,-4.34525203705,6.70524024963,217.83301017
752,150.601661968,9.6,5.0,96764.5,15.170999527,14.6800003052,0.600000023842,-22.4337749481,14.0084104538,19.3889198303,34.0301391,108.7562744,34.0301742554,108.756195068,20.0,-0.000745997901554,0.0251334630997,-0.963099595151,-0.267968545941,-3.33490729332,2.13022780418,-0.234908699989,-1.6902859211,0.966378092766,5.78298521042,222.710277686
753,150.803664494,9.6,5.0,96767.2421875,15.1700000763,14.9600000381,0.610000014305,-23.075176239,14.4158372879,19.3510951996,34.0301428,108.7562672,34.0301742554,108.756195068,20.0,0.00484939795042,0.0159964069813,-0.964016289106,-0.265317340582,-3.1222922802,1.88986170292,-0.139116078615,0.0466959625483,0.0172332674265,5.51375579834,226.94320172
754,151.000657845,10.1,8.0,96769.9921875,15.156999588,14.9799995422,0.600000023842,-23.6879558563,14.7824134827,19.3182487488,34.0301461,108.7562605,34.0301742554,108.756195068,20.0,0.00513913448487,0.0111365045874,-0.963591343506,-0.267098150299,-2.94550967216,1.66936421394,-0.131342425942,-2.05842828751,2.38191080093,11.1572589874,227.05184689
755,151.198652554,10.1,8.0,96773.75,15.1529998779,15.1199998856,0.600000023842,-24.2581691742,15.105099678,19.2754592896,34.0301488,108.7562544,34.0301742554,108.756195068,20.0,0.0038591602142,0.00237809394501,-0.963253726176,-0.268555187925,-2.74018406868,1.49654126167,-0.108343236148,-0.0970575511456,2.14481973648,6.40686225891,229.11335642
756,151.40064506500002,10.1,8.0,96771.75,15.1450004578,15.5500001907,0.600000023842,-24.7632369995,15.3780202866,19.2192630768,34.0301513,108.7562484,34.0301742554,108.756195068,20.0,0.00419960434649,-0.0012810088441,-0.963134682402,-0.268984011035,-2.53592467308,1.34204912186,-0.0933099985123,-2.94212937355,0.90433037281,18.8260917664,235.504760007
757,151.602644491,10.1,8.0,96771.0,15.1450004578,15.9099998474,0.610000014305,-25.2334690094,15.6206407547,19.1628303528,34.0301534,108.7562431,34.0301742554,108.756195068,20.0,0.00471592102145,-0.00643840575599,-0.963770889081,-0.266612197135,-2.32372069359,1.21962344646,-0.0402100160718,-4.06008863449,1.23040306568,16.5961513519,240.956954972
758,151.799638557,10.1,8.0,96771.5,15.1470003128,16.3999996185,0.600000023842,-25.6687736511,15.8358163834,19.1102294922,34.0301553,108.7562382,34.0301742554,108.756195068,20.0,0.00482521948881,-0.00751046633024,-0.963898657252,-0.266120195899,-2.12355828285,1.10203444958,-0.0515622831881,-4.3724322319,0.17138633132,18.3607654572,248.410799352
759,152.001632261,10.2,10.0,96769.5,15.1330003738,16.8199996948,0.600000023842,-26.0634632111,16.0225811005,19.0700321198,34.030157,108.7562337,34.0301742554,108.756195068,20.0,0.00996554779139,-0.0112419653455,-0.963113587905,-0.268675517178,-1.91148936749,1.00234949589,0.0416556745768,-3.26292896271,-0.263183444738,19.6712646484,254.53706167
760,152.19863371800002,10.2,10.0,96772.5,15.1289997101,16.9400005341,0.610000014305,-26.4103298187,16.1802711487,19.0416431427,34.0301584,108.7562295,34.0301742554,108.756195068,20.0,0.00827726468935,-0.0119592390585,-0.961582118944,-0.274131869259,-1.72809374332,0.908967852592,0.101823091507,-1.56193816662,-0.650564730167,14.9605913162,256.285263169
761,152.40062360800002,10.2,10.0,96769.25,15.1300001144,16.9699993134,0.610000014305,-26.7309837341,16.3182735443,19.0235881805,34.0301597,108.7562258,34.0301742554,108.756195068,20.0,0.0133062059095,-0.0149384861808,-0.959023657725,-0.282618959071,-1.55127024651,0.831758677959,0.144706472754,-0.95141685009,-0.573668718338,13.8593187332,256.756091553
762,152.59861998600002,10.2,10.0,96764.0,15.125,17.3099994659,0.610000014305,-27.0217666626,16.4396438599,19.0162296295,34.0301607,108.7562224,34.0301742554,108.756195068,20.0,0.0138295604496,-0.0209743113314,-0.955392158817,-0.294269738845,-1.39718234539,0.764130949974,0.168960958719,-2.08481264114,-0.249684512615,15.153544426,261.813741922
763,152.80061297400002,10.2,10.0,96773.5,15.1140003204,17.3099994659,0.610000014305,-27.2763557434,16.5393180847,19.0194244385,34.0301617,108.7562192,34.0301742554,108.756195068,20.0,0.0135047774112,-0.0158175990588,-0.950290388172,-0.310669477996,-1.25307297707,0.697866201401,0.184818610549,-1.18344008923,-1.29066777229,12.2604103088,261.623337475
764,153.00260644000002,9.9,9.0,96771.75,15.1140003204,17.6800003052,0.600000023842,-27.5085124969,16.6280708313,19.0249557495,34.0301625,108.7562164,34.0301513672,108.75693512,20.0,0.00784471191236,-0.023003709746,-0.938397453679,-0.344702236305,-1.09962999821,0.655045032501,0.223714306951,-1.27885746956,1.28757095337,5.58218765259,267.215530278
765,153.19960455900002,9.9,9.0,96770.2421875,15.1129999161,17.6100006104,0.610000014305,-27.7117881775,16.7086315155,19.0375766754,34.0301633,108.7562139,34.0301513672,108.75693512,20.0,-0.0307092794357,-0.0415794989171,-0.909296740656,-0.412925761458,-0.890900552273,0.601535141468,0.203844293952,1.62963569164,-0.986402451992,1.59402132034,266.139937746
766,153.401598978,9.9,9.0,96769.9921875,15.109000206,17.7299995422,0.610000014305,-27.8567657471,16.7740497589,19.0516738892,34.0301641,108.7562118,34.0301513672,108.75693512,20.0,-0.0706209719102,-0.0643582406396,-0.868743928103,-0.485957525529,-0.509641587734,0.520126342773,0.205826327205,-3.05587792397,-0.0186274647713,18.8364582062,267.882566736
767,153.59860258100002,9.9,9.0,96768.75,15.109000206,18.0,0.600000023842,-27.919216156,16.8303337097,19.0628299713,34.0301649,108.7562104,34.0301513672,108.75693512,20.0,-0.0905818774156,-0.0843737895341,-0.822540877428,-0.555069832887,-0.0220790691674,0.441086173058,0.187035232782,-0.0960758775473,0.0176368951797,7.49629068375,271.962003708
768,153.800596762,9.9,9.0,96771.75,15.1079998016,18.3199996948,0.610000014305,-27.8862304688,16.8773822784,19.0737361908,34.0301653,108.75621,34.0301513672,108.75693512,20.0,-0.0826847391043,-0.0980119292053,-0.772636648568,-0.621763174558,0.53558576107,0.349792331457,0.219363093376,-1.68135273457,-1.00758159161,13.5485467911,276.778551755
769,154.00359611500002,8.2,9.0,96772.0,15.1079998016,18.2099990845,0.610000014305,-27.7692680359,16.9073753357,19.0843276978,34.0301657,108.7562107,34.0301513672,108.75693512,20.0,-0.0755141805218,-0.108562812552,-0.717673034304,-0.683708498572,1.00888228416,0.29569169879,0.196255341172,-1.03334820271,0.473637759686,9.68963909149,275.116662556
770,154.1805902,8.2,9.0,96767.9921875,15.109000206,18.2800006866,0.610000014305,-27.5576553345,16.9222354889,19.0975341797,34.030166,108.7562126,34.0301513672,108.75693512,20.0,-0.0666402656179,-0.114051366143,-0.665980581833,-0.734180715485,1.48099076748,0.231344819069,0.199606716633,-0.989418983459,1.23863947392,5.55902051926,276.19253414
771,154.402582932,8.2,9.0,96767.9921875,15.1120004654,18.1800003052,0.610000014305,-27.2533874512,16.9258327484,19.1122055054,34.0301662,108.7562156,34.0301513672,108.75693512,20.0,-0.0530249026964,-0.121532803173,-0.596704892217,-0.791429970466,1.89842748642,0.180041536689,0.175375536084,2.63614296913,-0.839638888836,1.06652224064,274.736173073
772,154.599576998,8.2,9.0,96767.0,15.0939998627,18.0599994659,0.600000023842,-26.8492870331,16.9143753052,19.1319293976,34.0301661,108.7562196,34.0301513672,108.75693512,20.0,-0.0448648144777,-0.129076578026,-0.531430065952,-0.83600749095,2.31649971008,0.121784120798,0.163738176227,-3.4912314415,0.163264974952,14.3908157349,272.597629459
773,154.801578331,8.2,9.0,96765.25,15.095000267,18.1399993896,0.610000014305,-26.3590316772,16.8836269379,19.1517696381,34.0301659,108.7562245,34.0301513672,108.75693512,20.0,-0.0327932352994,-0.134618725286,-0.461258713659,-0.876380515585,2.69322681427,0.0569467358291,0.17057928443,-0.979935228825,-0.778740167618,10.1693906784,273.823295631
774,155.003578234,6.0,10.0,96764.75,15.093000412,18.0699996948,0.600000023842,-25.8008308411,16.8374576569,19.1760311127,34.0301657,108.7562303,34.0301513672,108.75693512,20.0,-0.0200090214014,-0.142202207739,-0.388461201771,-0.910206606822,3.05175709724,0.0152537506074,0.204025119543,-2.33337569237,-0.393706202507,10.9800853729,272.730512839
775,155.20057587600002,6.0,10.0,96765.75,15.0889997482,17.7299995422,0.600000023842,-25.133764267,16.7841320038,19.2053756714,34.0301651,108.7562369,34.0301513672,108.75693512,20.0,-0.0122605287685,-0.149001469049,-0.315142544102,-0.937194582623,3.41265058517,-0.0143246455118,0.210551589727,-2.1516661644,2.93454551697,12.3003835678,267.527958629
776,155.398569393,6.0,10.0,96763.4921875,15.0900001526,17.5799999237,0.600000023842,-24.4451274872,16.7229614258,19.2260494232,34.0301646,108.7562443,34.0301513672,108.75693512,20.0,-0.00417892325013,-0.164181952556,-0.239230148301,-0.956972180947,3.74370646477,-0.0220535453409,0.191352114081,-2.09305262566,-0.888868808746,12.0583772659,265.282201531
777,155.58056860000002,6.0,10.0,96761.5,15.095000267,17.5,0.600000023842,-23.6394119263,16.6572055817,19.2555274963,34.030164,108.7562524,34.0301513672,108.75693512,20.0,0.000409151068632,-0.178687517504,-0.167530351083,-0.969538179537,4.13947153091,-0.0174365751445,0.17278689146,-2.04384660721,-1.64478647709,14.9586362839,264.162504673
778,155.802564192,6.0,10.0,96765.25,15.0740003586,17.3700008392,0.600000023842,-22.7740154266,16.5873527527,19.2847366333,34.0301635,108.7562615,34.0301513672,108.75693512,20.0,0.00833648858477,-0.189154055129,-0.0808167927539,-0.978580575151,4.55436182022,-0.0338967144489,0.165974751115,-2.6493499279,0.371591538191,11.2442998886,261.835398879
779,155.97956161500002,4.1,8.0,96767.25,15.0640001297,17.3500003815,0.589999973774,-21.7984752655,16.5170688629,19.3144550323,34.0301629,108.7562713,34.0301513672,108.75693512,20.0,0.0288950153287,-0.202190338791,-0.0166002106356,-0.978779128954,4.99928236008,-0.0166665017605,0.131537646055,-3.35948967934,0.0452767312527,19.1528911591,261.360407997
780,156.201556253,4.1,8.0,96758.75,15.0559997559,17.7000007629,0.589999973774,-20.7361698151,16.4598045349,19.3268451691,34.0301623,108.7562821,34.0301513672,108.75693512,20.0,0.0521966749763,-0.20442701409,0.0272756280418,-0.97710855432,5.45760774612,0.0648085325956,0.102437101305,-3.34095835686,-2.04041790962,13.84096241,266.491207166
781,156.40355424900002,4.1,8.0,96763.0,15.0559997559,17.8600006104,0.589999973774,-19.6153182983,16.4186973572,19.3367233276,34.030162,108.7562938,34.0301513672,108.75693512,20.0,0.0550156774756,-0.214275394425,0.0239829476487,-0.974927792084,5.90430116653,0.199686855078,0.0660699158907,-2.03968048096,-1.77380311489,6.70569896698,268.900164829
782,156.60054998400003,4.1,8.0,96763.5,15.0629997253,17.7999992371,0.589999973774,-18.3396987915,16.4042053223,19.3434638977,34.0301619,108.7563065,34.0301513672,108.75693512,20.0,0.0451363771593,-0.201610387619,0.0162097200841,-0.978291026302,6.36691808701,0.305667817593,0.0537993125618,-1.1238489151,0.210433021188,11.4169807434,268.121383619
783,156.803544092,4.1,8.0,96759.5,15.0710000992,17.3799991608,0.589999973774,-17.0861358643,16.4120960236,19.3519001007,34.0301621,108.7563201,34.0301513672,108.75693512,20.0,0.0318233994366,-0.179606814027,0.00889260571416,-0.983183432477,6.69624662399,0.375849425793,0.0364606566727,-1.80555391312,-1.13445043564,2.6155898571,261.933969076
784,156.980543661,0.0,2.0,96758.7421875,15.0760002136,16.7900009155,0.589999973774,-15.7081079483,16.4348316193,19.3673496246,34.0301625,108.7563346,34.0301513672,108.75693512,20.0,0.0277165631025,-0.15386379818,0.00272673251126,-0.987699509442,6.94097518921,0.418599188328,0.073810197413,-2.32878279686,-2.61425924301,16.1238269806,253.126057389
785,157.202537823,0.0,2.0,96757.5,15.0749998093,16.1800003052,0.589999973774,-14.3195896149,16.4665527344,19.3884086609,34.0301629,108.7563497,34.0301513672,108.75693512,20.0,0.0167613116957,-0.126504255763,-0.000733144429847,-0.991824210771,7.08616828918,0.41997563839,0.0559968166053,-2.97325515747,0.0196620821953,13.2552337646,243.913501514
786,157.399539518,0.0,2.0,96753.5,15.0810003281,15.529999733,0.589999973774,-12.8626832962,16.5098705292,19.4103755951,34.0301634,108.7563652,34.0301513672,108.75693512,20.0,0.00892855697594,-0.102158460627,-0.000546391744095,-0.994727917899,7.14717340469,0.415757358074,0.0376881211996,-2.54713201523,-2.96015334129,7.63102388382,234.207931068
787,157.60153799100001,0.0,2.0,96756.0,15.095000267,14.9099998474,0.589999973774,-11.3852567673,16.5509109497,19.4428462982,34.030164,108.7563809,34.0301513672,108.75693512,20.0,0.0010215921927,-0.102735867183,0.00322044069472,-0.994702966965,7.15900611877,0.366283744574,0.0806768387556,-0.859545111656,0.545841753483,8.36243152618,225.066451678
788,157.798543501,0.0,2.0,96754.5078125,15.0989999771,14.5600004196,0.600000023842,-9.93492507935,16.5862445831,19.4719314575,34.0301645,108.7563965,34.0301513672,108.75693512,20.0,-0.00450902790438,-0.109756736623,0.00697686286195,-0.993923798176,7.19138431549,0.305683910847,0.0425215736032,-2.88097071648,2.76167583466,8.43443012238,219.841446003
789,158.00054268800002,0.0,2.0,96757.25,15.1129999161,14.1199998856,0.589999973774,-8.44022846222,16.6142635345,19.4944458008,34.0301649,108.7564123,34.0301513672,108.75693512,20.0,-0.00488062086263,-0.10781487853,0.00949817163357,-0.994113711876,7.23888397217,0.216390743852,0.0186328999698,-4.00555276871,0.591075658798,15.9144563675,213.395557085
790,158.19853668200003,0.0,2.0,96756.5,15.1040000916,13.8500003815,0.589999973774,-6.93498563766,16.629234314,19.5172233582,34.0301651,108.7564281,34.0301513672,108.75693512,20.0,-0.00169588908531,-0.116597249162,0.00813501611218,-0.993144545094,7.28306150436,0.119024008512,0.0093256700784,-4.69312095642,-3.19404435158,15.0548429489,209.19040703
791,158.400536108,0.0,2.0,96753.25,15.1129999161,13.6800003052,0.589999973774,-5.45864391327,16.6268367767,19.5218200684,34.0301652,108.7564439,34.0301513672,108.75693512,20.0,-0.00142806166809,-0.117139399879,0.00879031531283,-0.99307559285,7.32899475098,0.0600407980382,-0.0828971788287,-4.90161561966,-1.56316518784,18.0752811432,206.745843464
792,158.602535534,0.0,2.0,96757.25,15.1120004654,13.5900001526,0.589999973774,-3.93849539757,16.6163368225,19.527223587,34.0301651,108.7564599,34.0301513672,108.75693512,20.0,-0.00117842061601,-0.114217174479,0.0122108270974,-0.993380103831,7.3828086853,0.00444057816639,-0.108208820224,-3.82258558273,1.10112416744,11.1466302872,205.372088631
793,158.799528646,0.0,2.0,96757.75,15.1169996262,13.4399995804,0.589999973774,-2.40970110893,16.5911426544,19.5300960541,34.0301649,108.7564761,34.0301513672,108.75693512,20.0,-0.00159792927266,-0.106593199442,0.0159573447553,-0.994173391813,7.41314888,-0.056779962033,-0.0581031180918,-5.40093755722,-1.10482800007,18.9532337189,203.172468632
794,159.00152235000002,6.2,34.0,96758.75,15.1330003738,13.279999733,0.589999973774,-0.911780595779,16.5559234619,19.5298728943,34.0301646,108.7564922,34.0301513672,108.75693512,20.0,-0.00116225203125,-0.105857910791,0.0187728806763,-0.994203358223,7.44799137115,-0.0907723158598,-0.083767555654,-4.29221725464,-0.956149756908,14.8394956589,200.966240924
795,159.203520107,6.2,34.0,96758.5,15.1330003738,13.3699998856,0.589999973774,0.590439915657,16.5129241943,19.5232219696,34.0301642,108.7565085,34.0301513672,108.75693512,20.0,-0.00127965207778,-0.100630784882,0.0203004510538,-0.994715948194,7.48766946793,-0.164922431111,-0.0759145915508,0.76412242651,-0.771453261375,1.26159155369,202.328213266
796,159.400522518,6.2,34.0,96760.2421875,15.1339998245,13.3900003433,0.600000023842,2.13352274895,16.4540214539,19.5127677917,34.0301638,108.7565248,34.0301513672,108.75693512,20.0,0.00383470466998,-0.104408412183,0.0208677897816,-0.994308177435,7.50408315659,-0.189229920506,-0.0842228829861,-0.118766531348,0.913636624813,4.70070934296,202.644262846
797,159.598521519,6.2,34.0,96758.2421875,15.1540002823,13.470000267,0.600000023842,3.67849588394,16.3898162842,19.4943199158,34.0301632,108.7565411,34.0301513672,108.75693512,20.0,0.00387766811368,-0.109261901011,0.0215115407457,-0.993772659578,7.52043962479,-0.229898765683,-0.120355017483,-2.91618323326,2.50888299942,14.6320981979,204.124387849
798,159.80051498400002,6.2,34.0,96755.75,15.1520004272,13.6700000763,0.600000023842,5.19089508057,16.3178405762,19.4673137665,34.0301626,108.7565575,34.0301513672,108.75693512,20.0,0.00580776723617,-0.10697889579,0.0222157302906,-0.993996122169,7.54469871521,-0.233307391405,-0.16608171165,-2.39449310303,-0.114796370268,13.8886594772,207.127846996
799,159.977508593,8.4,10.0,96759.5,15.1599998474,13.970000267,0.600000023842,6.74280023575,16.2461109161,19.442522049,34.0301621,108.7565739,34.0301513672,108.75693512,20.0,0.00873881186395,-0.110258073386,0.0226428464534,-0.993606600995,7.57855558395,-0.242276698351,-0.181446909904,-1.08645951748,1.62530231476,0.662061274052,211.785201917
800,160.199508715,8.4,10.0,96758.5,15.154999733,14.1000003815,0.600000023842,8.26383686066,16.1781291962,19.4257297516,34.0301614,108.7565905,34.0301513672,108.75693512,20.0,0.00747808898951,-0.105387715281,0.0241421784424,-0.994110002953,7.60166692734,-0.231364861131,-0.158710360527,-3.32618093491,1.77164506912,14.7075376511,213.685502016
801,160.401511717,8.4,10.0,96759.0,15.156999588,14.4499998093,0.600000023842,9.86517524719,16.1060600281,19.4051628113,34.0301609,108.7566071,34.0301513672,108.75693512,20.0,0.0110784203033,-0.106271492548,0.0245839195616,-0.993971466262,7.62160491943,-0.229531750083,-0.109794773161,0.860651910305,1.24870288372,3.37731051445,219.018641156
802,160.57851152400002,8.4,10.0,96756.7421875,15.1560001373,14.3199996948,0.600000023842,11.359287262,16.0490550995,19.3922958374,34.0301603,108.7566238,34.0301513672,108.75693512,20.0,0.00900211376331,-0.104122029615,0.0275963655589,-0.994140854446,7.65164613724,-0.190679892898,-0.0482169315219,-1.73327970505,6.33964824677,2.03908610344,217.033917341
803,160.80050616300002,8.4,10.0,96757.25,15.1520004272,14.1899995804,0.600000023842,12.9336242676,15.9963521957,19.3932933807,34.0301599,108.7566405,34.0301513672,108.75693512,20.0,0.00194832236611,-0.101309739002,0.0325470608256,-0.994320526461,7.66990470886,-0.155896216631,0.0347228571773,-1.13516736031,-3.29522299767,15.0851488113,215.006879705
804,160.998499441,9.0,8.0,96758.0,15.154999733,14.0500001907,0.600000023842,14.550154686,15.9438676834,19.401216507,34.0301597,108.7566573,34.0301513672,108.75693512,20.0,-0.00448338154706,-0.114624054887,0.0314768680482,-0.992900093373,7.67639398575,-0.185580715537,-0.0945879071951,-0.954845190048,-0.361621916294,11.9892101288,212.927749139
805,161.179498005,9.0,8.0,96759.75,15.154999733,14.4200000763,0.600000023842,16.0513935089,15.8975000381,19.3911514282,34.0301594,108.7566741,34.0301513672,108.75693512,20.0,-0.00214260880104,-0.105572134085,0.0245650799203,-0.994105872562,7.70145702362,-0.235879302025,-0.0772440284491,-0.743059098721,-1.02151966095,4.90236616135,218.535097306
806,161.402493525,9.0,8.0,96761.0,15.1370000839,14.279999733,0.600000023842,17.5931301117,15.8481960297,19.3910369873,34.0301591,108.756691,34.0301513672,108.75693512,20.0,0.00296609500067,-0.10319206994,0.0186032396111,-0.994483086856,7.71495437622,-0.273308008909,-0.0716185420752,-0.337314486504,0.697248339653,4.28870773315,216.156357156
807,161.599491405,9.0,8.0,96760.25,15.1579999924,14.1400003433,0.600000023842,19.1730155945,15.8039474487,19.3896064758,34.0301587,108.7567079,34.0301513672,108.75693512,20.0,0.000913625137705,-0.0672436715113,0.0185796795228,-0.997563220692,7.67084360123,-0.260346055031,-0.0647891387343,-2.24558782578,-0.168896123767,6.06304788589,214.334125096
808,161.801491547,9.0,8.0,96758.5,15.156999588,14.0,0.600000023842,20.7311496735,15.7618274689,19.3875522614,34.0301583,108.7567248,34.0301513672,108.75693512,20.0,0.00188473330842,-0.0237905209435,0.0245141243805,-0.999414647454,7.46898651123,-0.2293227911,-0.0653947889805,0.760830163956,1.36280894279,6.18831968307,212.197994232
809,162.003492165,6.9,9.0,96761.5,15.156999588,13.9200000763,0.600000023842,22.2065849304,15.7227163315,19.3871440887,34.0301579,108.7567414,34.0301513672,108.75693512,20.0,-0.00188480821786,0.00654924241868,0.0300407141852,-0.999525535812,7.15303516388,-0.207006305456,-0.0514170974493,-0.321695268154,0.166074112058,6.85167074203,210.985435422
810,162.200485039,6.9,9.0,96756.5,15.156999588,13.7700004578,0.600000023842,23.662519455,15.6848154068,19.3960380554,34.0301575,108.7567574,34.0301513672,108.75693512,20.0,-0.00343000667931,0.0125320084736,0.0330208756965,-0.999370224675,6.78781652451,-0.195799574256,-0.00468533020466,-0.434399038553,-2.31129717827,1.48122036457,208.711891265
811,162.398486662,6.9,9.0,96760.25,15.1610002518,13.75,0.600000023842,25.0624446869,15.6482248306,19.3942222595,34.0301573,108.7567727,34.0301513672,108.75693512,20.0,-0.00569052326469,0.0210321776373,0.0373311496,-0.999065418667,6.42275047302,-0.18119341135,-0.0484376512468,-2.88929462433,-0.110599085689,15.5242033005,208.463753462
812,162.60047965,6.9,9.0,96757.5,15.156999588,13.9399995804,0.600000023842,26.3663635254,15.6150760651,19.3873176575,34.0301569,108.7567872,34.0301513672,108.75693512,20.0,-0.0104341556744,0.0282522126686,0.0407771180811,-0.998714293272,6.06782102585,-0.191043689847,-0.0990487933159,-0.346177786589,1.54619395733,8.94276809692,211.288567897
813,162.797478485,6.9,9.0,96758.3984375,15.1370000839,14.2100000381,0.589999973774,27.624584198,15.5768661499,19.370923996,34.0301566,108.7568008,34.0301513672,108.75693512,20.0,-0.00847083232295,0.0290651588634,0.0431161838798,-0.998611286374,5.6677274704,-0.209430888295,-0.123336106539,-2.05588364601,0.161355480552,11.9615106583,215.09677177
814,162.999474335,4.7,7.0,96756.25,15.1359996796,14.5100002289,0.600000023842,28.7964305878,15.5319108963,19.3524284363,34.0301563,108.7568136,34.0301513672,108.75693512,20.0,-0.0118268488926,0.0316498723002,0.0434822292591,-0.998482780633,5.25684690475,-0.215847730637,-0.120411418378,-2.28627490997,-0.869652748108,5.15935707092,219.623358815
815,163.20147352200001,4.7,7.0,96759.5,15.1379995346,14.75,0.600000023842,29.864118576,15.4838876724,19.3344745636,34.0301559,108.7568254,34.0301513672,108.75693512,20.0,-0.00771071720277,0.0317776319104,0.0444309969659,-0.998477175102,4.88079023361,-0.243981838226,-0.116319052875,-0.711018502712,1.92900598049,8.23237514496,223.285493135
816,163.39846591900002,4.7,7.0,96760.75,15.1379995346,14.970000267,0.589999973774,30.8506889343,15.431189537,19.3235702515,34.0301556,108.7568364,34.0301513672,108.75693512,20.0,-0.00609298681385,0.0341873595348,0.0452986319894,-0.998369784932,4.51687097549,-0.247260898352,-0.119599469006,-4.33513307571,-0.934265494347,19.9149703979,226.615857075
817,163.600461531,4.7,7.0,96770.7421875,15.123000145,15.2299995422,0.600000023842,31.7834014893,15.3813991547,19.3149833679,34.0301552,108.7568464,34.0301513672,108.75693512,20.0,-0.00312881344605,0.0353344663594,0.0457381393257,-0.998323507693,4.14383220673,-0.238135263324,-0.115404188633,-2.17351484299,0.333309799433,18.579372406,230.323285285
818,163.80345563900002,4.7,7.0,96766.25,15.1319999695,15.5,0.600000023842,32.6300621033,15.3305530548,19.2910881042,34.0301549,108.7568556,34.0301513672,108.75693512,20.0,-0.00296753194478,0.0327897463306,0.0450052477769,-0.998444089826,3.7791800499,-0.241427659988,-0.116099648178,-1.28028190136,1.08444535732,15.4943208694,234.545999527
819,164.00045042000002,3.5,8.0,96770.4921875,15.1379995346,16.0400009155,0.600000023842,33.3805160522,15.287484169,19.2516498566,34.0301546,108.7568641,34.0301513672,108.75693512,20.0,-0.00208111654906,0.0308977387395,0.0420575814857,-0.998635183637,3.42935037613,-0.231923371553,-0.104747645557,0.91672617197,-0.369676411152,-1.7503194809,242.813526394
820,164.202454853,3.5,8.0,96773.25,15.1300001144,16.5499992371,0.600000023842,34.0586013794,15.2474031448,19.2147445679,34.0301543,108.7568717,34.0301513672,108.75693512,20.0,-0.000244530746704,0.0254468841874,0.0380285956492,-0.9989526337,3.09319639206,-0.222679227591,-0.0889733061194,-4.39242506027,0.429769456387,16.9064331055,250.401490351
821,164.399450827,3.5,8.0,96773.0,15.1120004654,17.0699996948,0.600000023842,34.6793899536,15.2106313705,19.1689453125,34.0301542,108.7568786,34.0301513672,108.75693512,20.0,0.00315861060941,0.0250776468429,0.0347339765011,-0.999076966903,2.7839486599,-0.210356578231,-0.100604772568,-2.36520409584,0.594960927963,13.2876434326,257.961843332
822,164.60144333800002,3.5,8.0,96767.2421875,15.1149997711,17.4300003052,0.600000023842,35.2356376648,15.1871080399,19.128660202,34.0301541,108.7568848,34.0301513672,108.75693512,20.0,0.00464479080597,0.0188124881772,0.0331797271686,-0.999261527953,2.49895620346,-0.182043865323,-0.0660203918815,-2.98559808731,0.518288135529,16.8616867065,263.454450623
823,164.803441811,3.5,8.0,96772.25,15.095000267,17.7800006866,0.600000023842,35.7877578735,15.1764230728,19.0958843231,34.0301541,108.7568902,34.0301513672,108.75693512,20.0,0.0025402623411,0.0165556186113,0.034190914358,-0.999274930651,2.19287729263,-0.156178072095,0.0602192431688,-3.88130998611,-0.847968399525,22.5146713257,268.389115113
824,165.000435877,3.7,3.0,96773.0,15.0850000381,18.0100002289,0.600000023842,36.154548645,15.1752309799,19.0821743011,34.030154,108.756895,34.0301513672,108.75693512,20.0,-0.000973316270453,0.0115353652396,0.037708701069,-0.999221783475,2.00151538849,-0.145422697067,0.0476105473936,0.668296277523,-0.747747719288,4.84277963638,271.68085414
825,165.197429228,3.7,3.0,96774.0,15.079000473,18.1499996185,0.600000023842,36.5367012024,15.1703643799,19.0745506287,34.0301541,108.7568995,34.0301513672,108.75693512,20.0,-0.000508614338395,0.00921884141943,0.0430836465127,-0.999028793055,1.78339338303,-0.13514021039,0.0857968553901,1.40687394142,0.831641554832,5.68328094482,273.683852833
826,165.400431919,3.7,3.0,96771.75,15.0780000687,18.1900005341,0.600000023842,36.8691101074,15.1756410599,19.0718097687,34.0301543,108.7569032,34.0301513672,108.75693512,20.0,-0.00692492218067,0.00577689857975,0.0513245776552,-0.998641337077,1.60219681263,-0.134026229382,0.119907103479,-2.42024850845,-0.422333240509,17.6354846954,274.268829302
827,165.60242657700002,3.7,3.0,96764.75,15.079000473,18.0300006866,0.589999973774,37.1738357544,15.1871738434,19.0731239319,34.0301544,108.7569067,34.0301513672,108.75693512,20.0,-0.00473265332031,0.00270980446005,0.0627234035692,-0.998016088579,1.43954598904,-0.124932713807,0.114103846252,1.66373622417,0.0925822407007,2.84334659576,271.874388883
828,165.79942612600001,3.7,3.0,96767.0,15.0600004196,18.6900005341,0.589999973774,37.4229888916,15.2004108429,19.0830345154,34.0301548,108.7569098,34.0300178528,108.75655365,20.0,-0.0105717177196,0.00382655320606,0.0874126059584,-0.996108775097,1.27284002304,-0.136226952076,0.171261951327,-0.353991508484,0.319683939219,10.4132299423,281.471415886
829,166.001435804,5.8,352.0,96768.2421875,15.0609998703,18.4200000763,0.589999973774,37.6514511108,15.2198848724,19.0984840393,34.030155,108.7569125,34.0300178528,108.75655365,20.0,-0.0516174093489,0.0347188029771,0.15834204308,-0.985422863126,1.05816686153,-0.200290352106,0.186494722962,-0.958533585072,-0.501030564308,12.0287027359,277.42361876
830,166.203442144,5.8,352.0,96771.5,15.0489997864,18.5599994659,0.589999973774,37.8157119751,15.2232065201,19.116230011,34.0301551,108.7569149,34.0300178528,108.75655365,20.0,-0.0826295079642,0.0716331521848,0.237771361581,-0.965145466398,0.711847186089,-0.334534883499,0.152265295386,-3.10848259926,-0.776097357273,20.9089641571,279.309427998
831,166.400439787,5.8,352.0,96769.25,15.0419998169,18.9099998474,0.589999973774,37.9036636353,15.1885528564,19.1409358978,34.0301552,108.7569168,34.0300178528,108.75655365,20.0,-0.102837442076,0.0927781569355,0.314699960045,-0.939031721602,0.191084250808,-0.518634855747,0.161700248718,1.72178173065,0.170273035765,2.01077413559,284.444214242
832,166.603439379,5.8,352.0,96765.0,15.045999527,19.1299991608,0.589999973774,37.9030838013,15.1309671402,19.1673545837,34.0301547,108.7569172,34.0300178528,108.75655365,20.0,-0.112260757284,0.0816291179412,0.391620824563,-0.909597374127,-0.34593975544,-0.683852672577,0.141363859177,1.12882494926,-0.896057724953,8.90940856934,287.829958324
833,166.80043201400002,5.8,352.0,96765.75,15.031999588,19.1000003815,0.579999983311,37.7954406738,15.0384168625,19.1876850128,34.030154,108.7569168,34.0300178528,108.75655365,20.0,-0.12096491917,0.0692954801956,0.463660409674,-0.874976941236,-0.8495631814,-0.857785522938,0.121341049671,-2.64330172539,1.09940218925,18.6357040405,287.111197865
834,167.002437401,9.9,6.0,96769.75,15.0129995346,19.0900001526,0.579999983311,37.6142959595,14.9186534882,19.2043800354,34.030153,108.7569151,34.0300178528,108.75655365,20.0,-0.126204444156,0.0565516456126,0.535430465689,-0.83317986942,-1.29159116745,-1.01542031765,0.0990300104022,-1.35798895359,-0.559714078903,10.0607118607,286.598163406
835,167.19943409,9.9,6.0,96767.0,15.0030002594,18.9799995422,0.579999983311,37.3271560669,14.763250351,19.2175140381,34.0301518,108.7569124,34.0300178528,108.75655365,20.0,-0.129866910461,0.0438636213596,0.601192203957,-0.787260108788,-1.7315568924,-1.16145777702,0.108182266355,-0.474015504122,0.739205956459,11.9224052429,284.756938056
836,167.381429243,9.9,6.0,96762.2578125,14.9969997406,19.0499992371,0.579999983311,36.9312782288,14.5810832977,19.2327766418,34.0301504,108.7569086,34.0300178528,108.75655365,20.0,-0.134230579153,0.0321103246446,0.657972904521,-0.74028554688,-2.13713932037,-1.30804622173,0.0770856589079,0.00990474224091,-0.25834813714,9.50253486633,285.692833617
837,167.598428774,9.9,6.0,96761.7421875,15.0039997101,19.0599994659,0.579999983311,36.4780693054,14.3877630234,19.2536830902,34.0301486,108.7569038,34.0300178528,108.75655365,20.0,-0.141364865763,0.0153386658976,0.719949523886,-0.679303593139,-2.50524616241,-1.43319714069,0.0897569805384,-1.59082448483,0.339106798172,14.2787504196,285.976226461
838,167.8004251,9.9,6.0,96764.4921875,15.0030002594,18.8799991608,0.579999983311,35.9182472229,14.1527175903,19.2831668854,34.0301466,108.7568982,34.0300178528,108.75655365,20.0,-0.143046899071,0.00519022634343,0.772759738439,-0.618347151413,-2.85783743858,-1.57230913639,0.0910016596317,0.831963479519,1.39366936684,4.33814764023,283.256632306
839,167.997419882,7.8,16.0,96760.5,15.0010004044,18.6800003052,0.579999983311,35.2662773132,13.8903131485,19.3170871735,34.0301444,108.7568917,34.0300178528,108.75655365,20.0,-0.14502251679,-0.0065180470007,0.818192945315,-0.556314998306,-3.1879556179,-1.69999504089,0.0975328087807,-0.52523624897,0.586594700813,1.06968593597,280.218692131
840,168.20041494400002,7.8,16.0,96760.0,15.0,18.5499992371,0.579999983311,34.5892028809,13.6291179657,19.3571166992,34.030142,108.7568845,34.0300178528,108.75655365,20.0,-0.164185403329,-0.0174036823505,0.856962893493,-0.488216154068,-3.48212647438,-1.81566679478,0.0775600001216,-2.27630066872,-0.229565814137,12.0188903809,278.249988556
841,168.402418184,7.8,16.0,96760.7578125,15.0010004044,18.3099994659,0.569999992847,33.8036117554,13.3306760788,19.4024829865,34.0301395,108.7568766,34.0300178528,108.75655365,20.0,-0.181578675408,-0.0273989497205,0.89117595602,-0.414829956073,-3.82980084419,-1.94881355762,0.0722791105509,-0.935488283634,2.47662806511,7.38996887207,274.668309392
842,168.59941797300002,7.8,16.0,96761.5,15.0010004044,18.3099994659,0.569999992847,32.9620437622,13.0165538788,19.4414730072,34.0301367,108.7568679,34.0300178528,108.75655365,20.0,-0.197324400837,-0.0432897024551,0.918067563052,-0.341088165118,-4.20902299881,-2.11821937561,0.0636595487595,-2.26676630974,-0.254812002182,7.38352060318,274.668309392
843,168.801423359,7.8,16.0,96762.5,15.001999855,18.0499992371,0.579999983311,32.0165939331,12.6601142883,19.4779701233,34.0301338,108.7568586,34.0300178528,108.75655365,20.0,-0.202096430345,-0.0590980844427,0.940354015754,-0.267205540469,-4.66613435745,-2.3446829319,0.00593593576923,-3.0211558342,0.890018880367,11.5514373779,270.786085938
844,169.003427315,5.9,15.0,96760.25,15.0170001984,18.3299999237,0.579999983311,31.0272865295,12.2812976837,19.495262146,34.0301304,108.7568483,34.0300178528,108.75655365,20.0,-0.210157805376,-0.0693857824527,0.955902198904,-0.193055451919,-4.99556159973,-2.53045415878,-0.0271727051586,-1.79430735111,-0.632282912731,4.75722551346,275.26161249
845,169.200425196,5.9,15.0,96756.25,15.0170001984,18.5400009155,0.579999983311,29.9319381714,11.8460054398,19.5068950653,34.0301267,108.7568371,34.0300178528,108.75655365,20.0,-0.200395910374,-0.0953877011223,0.958137878483,-0.180871514511,-5.38857889175,-2.79567480087,-0.0575432702899,-3.46726894379,-1.53335368633,12.4244613647,278.415197426
846,169.382424879,5.9,15.0,96755.75,15.0120000839,18.2999992371,0.569999992847,28.7271194458,11.3462028503,19.5151348114,34.0301225,108.7568254,34.0300178528,108.75655365,20.0,-0.186553378574,-0.0948171697707,0.959946821221,-0.186305676276,-5.73371315002,-3.08003425598,-0.0646685883403,-3.59403157234,0.291501075029,10.7132501602,274.719590083
847,169.60042362200002,5.9,15.0,96752.5,15.0100002289,17.7900009155,0.579999983311,27.5699424744,10.824637413,19.5229663849,34.0301178,108.7568128,34.0300178528,108.75655365,20.0,-0.169179720584,-0.0833963537385,0.962434159633,-0.195304618489,-5.93976163864,-3.32635521889,-0.0804021134973,-3.35321998596,-1.16905486584,12.2468214035,267.027917814
848,169.797423172,5.9,15.0,96757.0,15.0220003128,17.2199993134,0.579999983311,26.3141441345,10.2354068756,19.5349655151,34.0301126,108.7567997,34.0300178528,108.75655365,20.0,-0.141771825195,-0.0497663401772,0.968726726263,-0.197466035322,-6.09724712372,-3.46610355377,-0.119188435376,-1.48292469978,-1.66705083847,5.41360521317,258.678835072
849,169.979420948,4.5,19.0,96749.25,15.0360002518,16.4899997711,0.579999983311,25.0609226227,9.64298439026,19.5539932251,34.0301071,108.7567862,34.0300178528,108.75655365,20.0,-0.110815059794,-0.043031094661,0.972535284082,-0.200108389842,-6.1745018959,-3.50902223587,-0.0628407001495,-0.94377630949,-0.505556821823,6.56411790848,247.94364071
850,170.201417732,4.5,19.0,96750.7421875,15.0399999619,15.720000267,0.579999983311,23.7652988434,9.01563549042,19.5832214355,34.0301014,108.7567726,34.0300178528,108.75655365,20.0,-0.106401886994,-0.0438998017949,0.972484792157,-0.202546079266,-6.18729734421,-3.53288030624,-0.0937971100211,-3.41892242432,-2.42989039421,17.657869339,236.428803416
851,170.403414536,4.5,19.0,96746.5,15.0430002213,14.9099998474,0.579999983311,22.4611911774,8.37895870209,19.6163654327,34.0300956,108.7567588,34.0300178528,108.75655365,20.0,-0.0925286037991,-0.0281020092031,0.974494227453,-0.202508526424,-6.17546224594,-3.51558732986,-0.106997475028,-2.8577902317,1.06814694405,7.15453767776,224.291131003
852,170.600410748,4.5,19.0,96746.0,15.0600004196,14.3500003815,0.579999983311,21.1874790192,7.75537109375,19.646490097,34.0300899,108.7567451,34.0300178528,108.75655365,20.0,-0.0545527773213,-0.0193411690253,0.977268712344,-0.203950918021,-6.13077068329,-3.44491624832,-0.147475913167,-2.61101746559,2.49899244308,15.4250535965,216.111011766
853,170.802402782,4.5,19.0,96753.25,15.0579996109,13.9200000763,0.579999983311,19.9378604889,7.14739561081,19.6728076935,34.0300843,108.7567316,34.0300178528,108.75655365,20.0,-0.0158569264519,-0.0151797441054,0.9786274003,-0.204466837594,-5.9591255188,-3.3394985199,-0.148724883795,-3.24362564087,1.31878483295,13.7684650421,209.607355733
854,170.97939782100002,3.4,19.0,96752.5,15.0749998093,13.5500001907,0.579999983311,18.6984481812,6.54499006271,19.6951160431,34.030079,108.7567183,34.0300178528,108.75655365,20.0,-0.00146049959492,-0.0052206570266,0.978794091085,-0.204775057497,-5.71427059174,-3.17422604561,-0.123777195811,-0.466635078192,6.4317522049,-4.16264820099,204.266250291
855,171.197393465,3.4,19.0,96760.4921875,15.0749998093,13.7899999619,0.569999992847,17.5064964294,5.9763379097,19.6942653656,34.0300739,108.7567055,34.0300178528,108.75655365,20.0,0.00153619924496,0.000296208586402,0.979485383695,-0.201509182499,-5.45789194107,-3.02906680107,-0.246623426676,-0.0384720303118,3.79283714294,-6.18444156647,207.884246795
856,171.39938621500002,3.4,19.0,96756.6015625,15.0780000687,13.9899997711,0.569999992847,16.3860912323,5.4618024826,19.6789207458,34.030069,108.7566933,34.0300178528,108.75655365,20.0,0.00494337472125,-0.00141436344842,0.980384249533,-0.197028846062,-5.21862649918,-2.83496141434,-0.305456340313,-2.98427462578,-1.82695806026,14.1762647629,210.94121751
857,171.601386595,3.4,19.0,96754.5,15.0729999542,14.1700000763,0.569999992847,15.2823286057,4.96364688873,19.6484737396,34.0300645,108.7566816,34.0300178528,108.75655365,20.0,-0.00238033678297,-0.00307881147865,0.98093220071,-0.194311428004,-4.96940040588,-2.6459839344,-0.266242325306,-1.08054864407,0.0485308170319,8.64227485657,213.584410501
858,171.78338627800002,3.4,19.0,96749.25,15.0690002441,14.25,0.569999992847,14.2292098999,4.4989733696,19.6128578186,34.0300604,108.7566704,34.0300178528,108.75655365,20.0,-0.00149209697201,-0.00266307356553,0.981358937552,-0.192159957828,-4.74887371063,-2.48239564896,-0.293526142836,-1.72493064404,4.67019224167,12.3993988037,214.733253479
859,172.000383902,2.2,17.0,96755.9921875,15.0729999542,14.3800001144,0.569999992847,13.2554454803,4.08060503006,19.5822620392,34.0300564,108.7566598,34.0300178528,108.75655365,20.0,0.00199179239518,-0.0059064743322,0.981767129779,-0.189985812648,-4.49340343475,-2.33947634697,-0.246768891811,0.503275811672,2.05523729324,7.66763496399,216.749741067
860,172.20337610200002,2.2,17.0,96756.75,15.079000473,14.529999733,0.579999983311,12.2888679504,3.66887116432,19.5562534332,34.0300528,108.7566499,34.0300178528,108.75655365,20.0,0.00295869711746,-0.00368672029362,0.981815767243,-0.189777354335,-4.24450111389,-2.20470571518,-0.265138447285,-2.22825145721,1.37731397152,13.7807502747,219.097872846
861,172.400378036,2.2,17.0,96747.25,15.0810003281,14.6300001144,0.579999983311,11.4511127472,3.31131029129,19.5278148651,34.0300493,108.7566404,34.0300178528,108.75655365,20.0,0.00243062406478,-0.00614496095741,0.981996492929,-0.188783953116,-3.96521234512,-2.07911896706,-0.275193333626,-3.1047604084,1.79680764675,15.6068258286,220.635036525
862,172.59737711000002,2.2,17.0,96761.2421875,15.0900001526,14.8000001907,0.579999983311,10.6285924911,2.95880961418,19.5029163361,34.0300461,108.7566318,34.0300178528,108.75655365,20.0,0.00643187217129,0.000638309740158,0.982499051951,-0.186155338468,-3.71238946915,-1.94319176674,-0.259664654732,-0.416893541813,-1.05043685436,3.7963283062,223.332005136
863,172.79938011200002,2.2,17.0,96754.5,15.0869998932,14.8999996185,0.579999983311,9.88763713837,2.64678359032,19.4884490967,34.0300432,108.7566235,34.0300178528,108.75655365,20.0,0.010656785371,0.00653001061414,0.982661780933,-0.184985805568,-3.42978453636,-1.77384519577,-0.180070638657,0.036452293396,-3.08255434036,11.966796875,224.796292653
864,173.001380014,3.5,51.0,96765.75,15.0860004425,15.0699996948,0.579999983311,9.18580818176,2.35956692696,19.4640769958,34.0300404,108.756616,34.0300178528,108.75655365,20.0,0.00616019107509,0.00498644258541,0.982552494155,-0.185816646393,-3.17653131485,-1.59944653511,-0.188335075974,0.518809556961,1.7765237093,3.46132707596,227.346022065
865,173.203375149,3.5,51.0,96765.25,15.0979995728,15.3299999237,0.589999973774,8.53618526459,2.10285568237,19.4175777435,34.0300379,108.756609,34.0300178528,108.75655365,20.0,0.00185735858046,0.00219088803658,0.981732274336,-0.19024590085,-2.94768023491,-1.4434684515,-0.238732844591,-1.76730453968,-0.924873173237,12.8306837082,231.452332298
866,173.400368977,3.5,51.0,96768.4921875,15.0889997482,15.8000001907,0.579999983311,7.95275640488,1.87452411652,19.3567485809,34.0300356,108.7566025,34.0300178528,108.75655365,20.0,0.002663730546,-0.00854969401559,0.980507107596,-0.196280023005,-2.73510193825,-1.30944347382,-0.212091937661,-0.771272540092,1.18262040615,6.18603134155,238.4061989
867,173.602359581,3.5,51.0,96765.9921875,15.0900001526,16.2900009155,0.579999983311,7.41586780548,1.65926015377,19.2990550995,34.0300335,108.7565967,34.0300178528,108.75655365,20.0,0.00541049038356,-0.0139967793882,0.979051397596,-0.203059470028,-2.51721978188,-1.22834181786,-0.159298047423,-2.97638940811,0.329787909985,19.6645050049,245.816116301
868,173.800355959,3.5,51.0,96767.0,15.0830001831,16.8600006104,0.589999973774,6.92110776901,1.44620645046,19.2443218231,34.0300315,108.7565913,34.0300178528,108.75655365,20.0,-0.0220653139917,-0.0231739067463,0.977570525926,-0.208163200502,-2.32024073601,-1.20908689499,-0.123887337744,-0.315092623234,-0.455297350883,9.08905315399,254.299392293
869,174.00234870900002,5.5,23.0,96766.75,15.0740003586,17.1200008392,0.589999973774,6.45426702499,1.23054897785,19.2039241791,34.0300295,108.7565864,34.0300178528,108.75655365,20.0,-0.0515152289245,-0.0120168409588,0.976591412489,-0.208497382863,-2.24704790115,-1.21179580688,-0.0288597028703,-0.835822582245,1.42613327503,8.08861064911,258.06689879
870,174.199349689,5.5,23.0,96770.4921875,15.0699996948,17.3799991608,0.589999973774,6.01239299774,1.01841449738,19.1793003082,34.0300275,108.7565817,34.0301780701,108.756187439,20.0,-0.0519811109683,-0.00837524129489,0.97627965225,-0.210014290088,-2.23983693123,-1.21041512489,0.000980739714578,-1.06181168556,-2.22404837608,16.9551792145,261.916582049
871,174.40134005500002,5.5,23.0,96763.5,15.0659999847,17.7600002289,0.579999983311,5.56178045273,0.791730940342,19.1707038879,34.0300253,108.7565771,34.0301780701,108.756187439,20.0,-0.0668762142125,0.0130842336049,0.98425181294,-0.163110158198,-2.26508021355,-1.17052948475,0.10404548794,-0.735894203186,-1.04089808464,10.083855629,267.572163177
872,174.60333519000002,5.5,23.0,96766.0,15.0570001602,17.7299995422,0.579999983311,5.14061927795,0.589652359486,19.1752681732,34.0300232,108.7565724,34.0301780701,108.756187439,20.0,-0.09889980196,0.0581169229315,0.990194687167,-0.0797236299441,-2.36879992485,-1.04559481144,0.104466162622,0.0172330997884,0.396150827408,5.04500770569,266.960605948
873,174.800331402,5.5,23.0,96767.25,15.0520000458,17.9599990845,0.589999973774,4.66391277313,0.412645965815,19.1890602112,34.0300212,108.7565676,34.0301780701,108.756187439,20.0,-0.144811096344,0.101802252585,0.984141809665,0.0114486856358,-2.59432387352,-0.725188076496,0.182451680303,-4.93303394318,-0.057401239872,19.7527065277,270.333907042
874,174.997323561,8.0,359.0,96768.4921875,15.0480003357,18.3199996948,0.579999983311,4.12309122086,0.302271306515,19.2158641815,34.0300195,108.7565624,34.0301780701,108.756187439,20.0,-0.189289957642,0.125235177275,0.968459473096,0.102818501348,-2.98987555504,-0.223561704159,0.23231048882,0.63493680954,-3.17651319504,1.60748445988,275.679361558
875,175.20032196000003,8.0,359.0,96763.9921875,15.0310001373,18.6299991608,0.579999983311,3.54874825478,0.282945275307,19.246887207,34.0300184,108.7565567,34.0301780701,108.756187439,20.0,-0.221176377154,0.120648430582,0.949769916739,0.185639713923,-3.42977237701,0.325323939323,0.223374739289,-0.924154043198,0.80763232708,11.212770462,280.027519944
876,175.397322464,8.0,359.0,96763.59375,15.0229997635,18.6900005341,0.579999983311,2.86928844452,0.344227194786,19.2748317719,34.0300183,108.7565496,34.0301780701,108.756187439,20.0,-0.232514016381,0.107949363855,0.932556574825,0.254209580804,-3.90734291077,0.896762788296,0.232581555843,-2.72295308113,0.414027273655,17.4179782867,280.779873603
877,175.599322605,8.0,359.0,96763.2421875,15.0150003433,18.7199993134,0.579999983311,2.11422681808,0.48690032959,19.298992157,34.0300191,108.7565415,34.0301780701,108.756187439,20.0,-0.24748535142,0.0906049505103,0.928237407937,0.262520897183,-4.36921691895,1.33432161808,0.163788706064,-1.91450893879,0.122495487332,3.67906522751,281.080796117
878,175.78131585100002,8.0,359.0,96755.5,15.0089998245,18.8299999237,0.579999983311,1.21521425247,0.726856887341,19.3188285828,34.0300206,108.7565322,34.0301780701,108.756187439,20.0,-0.249134784142,0.0958257912708,0.927790482755,0.260680260015,-4.87778425217,1.7745423317,0.123848333955,-3.23514914513,-0.244030535221,14.375202179,282.619465551
879,175.99832015,9.0,357.0,96752.25,15.0089998245,18.5499992371,0.579999983311,0.282087236643,1.02037262917,19.3503780365,34.0300229,108.7565219,34.0301780701,108.756187439,20.0,-0.232263432293,0.102165235733,0.931862226569,0.259323700476,-5.33400297165,2.19537234306,0.158803269267,-4.27920150757,-2.99749588966,10.4633693695,278.416935294
880,176.200318146,9.0,357.0,96757.75,15.0129995346,17.9799995422,0.579999983311,-0.79424071312,1.40853250027,19.4057674408,34.030026,108.7565106,34.0301780701,108.756187439,20.0,-0.225543069883,0.107733809067,0.932398060528,0.261070118364,-5.73741579056,2.58770799637,0.140900954604,-0.899402201176,-0.707661688328,7.67394351959,269.93372476
881,176.40232424700002,9.0,357.0,96757.25,15.029999733,16.8999996185,0.579999983311,-1.97780847549,1.88004338741,19.4727096558,34.0300298,108.7564981,34.0301780701,108.756187439,20.0,-0.208079760278,0.110379825095,0.933731270713,0.269564794608,-6.03758382797,2.90973806381,0.0329833589494,-0.894712626934,3.4728808403,0.162351608276,254.006989754
882,176.599327374,9.0,357.0,96759.7421875,15.0349998474,16.5,0.579999983311,-3.13621234894,2.38016605377,19.5011844635,34.0300344,108.7564849,34.0301780701,108.756187439,20.0,-0.187475775524,0.108370234382,0.936264591337,0.276617858972,-6.22187280655,3.20693230629,-0.0587425902486,-1.41462731361,-0.0937784314156,4.50549840927,248.077497482
883,176.797326612,9.0,357.0,96756.9921875,15.029999733,16.25,0.579999983311,-4.40562009811,2.9719274044,19.513212204,34.0300396,108.756471,34.0301780701,108.756187439,20.0,-0.156974572775,0.0958163872552,0.94213389824,0.280289249872,-6.3433008194,3.43426585197,-0.190686509013,-0.836737751961,-1.62034666538,3.97756743431,244.237495661
884,176.99931864700002,9.4,359.0,96756.75,15.0399999619,15.9600000381,0.579999983311,-5.94367790222,3.72565245628,19.5153617859,34.0300452,108.7564569,34.0301780701,108.756187439,20.0,-0.114858034433,0.0769926498207,0.949165467712,0.282780507941,-6.37146377563,3.63122630119,-0.146556586027,-2.11528420448,3.29991889,2.34996056557,240.038399965
885,177.201315689,9.4,359.0,96748.0,15.0389995575,15.529999733,0.569999992847,-7.03211021423,4.28547668457,19.5279865265,34.0300513,108.7564426,34.0301780701,108.756187439,20.0,-0.100756711763,0.0562511622903,0.952728330477,0.28105659647,-6.33253622055,3.68379306793,-0.0930575057864,-1.09706270695,3.64680862427,2.51544165611,233.555659112
886,177.39832191500003,9.4,359.0,96749.75,15.0439996719,14.8599996567,0.569999992847,-8.29149436951,4.95116662979,19.5500392914,34.0300575,108.7564283,34.0301780701,108.756187439,20.0,-0.109676193996,0.0632208944324,0.951829232831,0.279276671837,-6.29471540451,3.69972467422,-0.0638216510415,-4.0210146904,-6.49030351639,18.4286613464,223.55382996
887,177.600314903,9.4,359.0,96752.25,15.0489997864,14.6800003052,0.579999983311,-9.62168884277,5.67042732239,19.5706653595,34.0300638,108.7564142,34.0301780701,108.756187439,20.0,-0.115423351429,0.0682843720314,0.950531847467,0.280185378964,-6.28525972366,3.74287939072,-0.113695755601,-1.66337800026,3.01125001907,4.70678472519,220.919321457
888,177.802316713,9.4,359.0,96748.0,15.0530004501,14.529999733,0.569999992847,-10.9855585098,6.42445468903,19.5763015747,34.0300703,108.7564001,34.0301780701,108.756187439,20.0,-0.114005865986,0.06783342446,0.950024062236,0.282587243567,-6.30273342133,3.79488110542,-0.185931295156,-3.88607263565,-1.72530531883,6.85378789902,218.720092521
889,177.999308157,9.3,2.0,96748.0,15.0550003052,14.220000267,0.579999983311,-12.2447385788,7.13856172562,19.575252533,34.0300769,108.7563861,34.0301780701,108.756187439,20.0,-0.0930736507953,0.05677519118,0.952393136591,0.28471254055,-6.28974866867,3.82558131218,-0.139519631863,-4.22075510025,0.652515232563,1.37979674339,214.08210836
890,178.19731502500002,9.3,2.0,96754.25,15.0729999542,13.9399995804,0.579999983311,-13.5509214401,7.89783668518,19.5840778351,34.0300835,108.7563722,34.0301780701,108.756187439,20.0,-0.0519291868741,0.0482017890682,0.955163617531,0.287476109407,-6.17114496231,3.82637286186,-0.101288251579,-3.99861741066,0.54020512104,7.3882393837,210.117613037
891,178.399313736,9.3,2.0,96759.7421875,15.0729999542,13.5799999237,0.579999983311,-14.7969017029,8.63648605347,19.5990619659,34.0300902,108.7563583,34.0301780701,108.756187439,20.0,-0.0118529397675,0.0477762318449,0.955551895373,0.290684559323,-5.97052288055,3.78719305992,-0.0640072077513,-5.52691221237,-0.583761155605,12.0697822571,204.691338228
892,178.60130744,9.3,2.0,96753.25,15.1000003815,13.25,0.579999983311,-16.055316925,9.40521717072,19.6068572998,34.0300969,108.7563452,34.0301780701,108.756187439,20.0,0.00219935031293,0.0260577750977,0.956390217263,0.290918959021,-5.68448495865,3.68238520622,-0.116960033774,-3.2428445816,6.09143209457,8.08086204529,200.075005054
893,178.80330519700001,9.3,2.0,96752.25,15.093000412,13.0,0.569999992847,-17.1617584229,10.1041984558,19.6024684906,34.0301034,108.7563325,34.0301780701,108.756187439,20.0,0.00842830648207,0.0177543457765,0.957452739314,0.287919957869,-5.41518878937,3.58034586906,-0.167746201158,-0.474948048592,1.41573596001,1.63195192814,196.209005356
894,179.00030164700001,8.9,8.0,96759.0,15.0810003281,12.8900003433,0.569999992847,-18.2718849182,10.811835289,19.5908641815,34.0301097,108.7563204,34.0301780701,108.756187439,20.0,0.0148025756006,0.00993885200224,0.958325347666,0.285122334358,-5.10240507126,3.42085051537,-0.135282725096,-3.53278756142,1.01170110703,3.21337676048,194.394099406
895,179.197301435,8.9,8.0,96755.25,15.0830001831,13.0200004578,0.569999992847,-19.3486785889,11.5096168518,19.5644645691,34.0301158,108.756309,34.0301780701,108.756187439,20.0,0.0136692888264,0.00297850560119,0.959330170681,0.281939446505,-4.81177186966,3.2472243309,-0.162841558456,-2.05021071434,6.84651327133,9.18246841431,196.380669288
896,179.40030055,8.9,8.0,96762.9921875,15.0710000992,13.1999998093,0.569999992847,-20.2902870178,12.1220016479,19.5283622742,34.0301216,108.7562983,34.0301780701,108.756187439,20.0,0.0154600814193,-0.00920419374321,0.959667851231,0.280560317328,-4.52145195007,3.06187129021,-0.169749706984,1.13347196579,-2.23149776459,17.6927146912,198.937198435
897,179.597293901,8.9,8.0,96760.25,15.0649995804,13.279999733,0.560000002384,-21.2153339386,12.7270593643,19.4971008301,34.0301271,108.7562884,34.0301780701,108.756187439,20.0,0.0171055345564,-0.00938178936758,0.960190998988,0.278662676548,-4.22544717789,2.82620048523,-0.115845255554,-1.34925794601,-1.54980289936,13.6873216629,200.063190405
898,179.79929022800002,8.9,8.0,96761.2421875,15.0670003891,13.5699996948,0.569999992847,-22.0490875244,13.2739810944,19.4601345062,34.030132,108.7562791,34.0301780701,108.756187439,20.0,0.0155946763922,-0.00766416469151,0.961179637614,0.275375685979,-3.95470452309,2.59819102287,-0.177970185876,0.10895653069,-2.77190208435,8.17074394226,204.459190682
899,180.001292992,8.8,7.0,96760.5,15.0760002136,14.1000003815,0.569999992847,-22.858045578,13.796538353,19.4171466827,34.0301367,108.7562704,34.0301780701,108.756187439,20.0,0.00588360818516,-0.0164032475465,0.96209036779,0.272173600237,-3.6629152298,2.37178897858,-0.21964353323,0.229370579123,4.0263915062,7.97063350677,212.571608763
900,180.19829134900002,8.8,7.0,96755.25,15.0749998093,14.470000267,0.560000002384,-23.5509090424,14.2382164001,19.3738212585,34.0301408,108.7562623,34.0301780701,108.756187439,20.0,0.00167876725738,-0.0115160030432,0.963648642146,0.266919468734,-3.43088269234,2.13291859627,-0.210408195853,-0.172739326954,-1.76272261143,11.1764154434,218.135251266
901,180.40028147700002,8.8,7.0,96754.2578125,15.0649995804,14.8100004196,0.560000002384,-24.2307472229,14.6478509903,19.3331813812,34.0301446,108.7562549,34.0301780701,108.756187439,20.0,-0.00135731258524,-0.00852031371091,0.96482534001,0.262750513214,-3.17900443077,1.89800059795,-0.170145869255,-1.32624554634,1.18933475018,4.82087421417,223.112650107
902,180.602273512,8.8,7.0,96756.75,15.0559997559,14.8699998856,0.560000002384,-24.8712310791,15.0228509903,19.3058071136,34.0301478,108.756248,34.0301780701,108.756187439,20.0,-0.00482681942269,-0.0012779915578,0.965159121977,0.261616194007,-2.9373717308,1.70921468735,-0.123311787844,-2.62155818939,-1.04437398911,15.3481311798,223.882714647
903,180.79926734,8.8,7.0,96776.2421875,15.0450000763,15.1700000763,0.560000002384,-25.4143028259,15.3299751282,19.2830123901,34.0301507,108.7562416,34.0301780701,108.756187439,20.0,-0.00418760208472,0.00311102101402,0.964947418357,0.262391569579,-2.74875330925,1.55076408386,-0.165044352412,-2.80492115021,-0.278853774071,15.0287494659,228.232652305
904,180.99727325400002,5.3,13.0,96770.5,15.0500001907,15.5200004578,0.569999992847,-25.944568634,15.6199560165,19.2481632233,34.0301531,108.7562358,34.0301780701,108.756187439,20.0,0.000306067450436,0.00399535001726,0.965197243801,0.261492682667,-2.52858924866,1.41421234608,-0.0918823629618,-1.92806816101,-1.47974050045,12.8233375549,233.57600985
905,181.199276257,5.3,13.0,96773.0,15.0419998169,15.8400001526,0.569999992847,-26.4122371674,15.8661117554,19.2015094757,34.0301554,108.7562302,34.0301780701,108.756187439,20.0,-0.00134352398033,0.00863008451932,0.965831891046,0.259022708757,-2.31687092781,1.28863561153,-0.0857694223523,-3.13753914833,0.365268886089,10.8512010574,238.265279395
906,181.40126900700002,5.3,13.0,96775.0,15.0399999619,16.1900005341,0.569999992847,-26.8635253906,16.0982875824,19.1541652679,34.0301573,108.7562251,34.0301780701,108.756187439,20.0,-0.00363578636226,0.00504377954502,0.966491678886,0.256622846129,-2.09838151932,1.16803920269,-0.0637894645333,0.931925058365,0.691806614399,-0.401752412319,243.497607415
907,181.603265572,5.3,13.0,96772.75,15.0539999008,16.6599998474,0.579999983311,-27.2420425415,16.2810993195,19.1136665344,34.030159,108.7562205,34.0301780701,108.756187439,20.0,-0.00751555671465,0.00986509370026,0.966600249168,0.25598878894,-1.88653659821,1.06769967079,0.0178229305893,-1.31030523777,1.19250369072,9.62928009033,250.799636051
908,181.80025177000002,5.3,13.0,96773.5,15.0480003357,16.8299999237,0.579999983311,-27.6009559631,16.4522609711,19.0761985779,34.0301605,108.7562163,34.0301780701,108.756187439,20.0,-0.00939788789966,0.00813137362019,0.965669225284,0.259477367885,-1.68803727627,0.97278881073,0.075142160058,0.659605979919,-1.42837035656,4.05269193649,253.257844502
909,182.00225143400002,3.6,10.0,96774.75,15.0380001068,17.1700000763,0.569999992847,-27.9304389954,16.600687027,19.0438766479,34.0301618,108.7562126,34.0301780701,108.756187439,20.0,-0.0119719612946,0.0115686130321,0.963403768957,0.267536751478,-1.51073765755,0.874212384224,0.0955595299602,-0.0816182270646,-0.668743789196,8.64752674103,258.202462981
910,182.199253368,3.6,10.0,96771.0,15.0279998779,17.1599998474,0.569999992847,-28.2028465271,16.7216129303,19.0208282471,34.030163,108.7562091,34.0301780701,108.756187439,20.0,-0.0127478517868,0.0140745553879,0.95998976886,0.279390657989,-1.3349108696,0.795397162437,0.162188500166,-1.45193600655,-1.54212021828,11.5164451599,257.880475612
911,182.397255468,3.6,10.0,96773.25,15.0279998779,17.1499996185,0.569999992847,-28.4601974487,16.8315639496,19.0012149811,34.0301641,108.7562059,34.0301780701,108.756187439,20.0,-0.0172558771394,0.0157739679333,0.956078267364,0.292177948607,-1.16369581223,0.71919131279,0.202697366476,0.0631754398346,1.97935318947,8.54718494415,257.730192174
912,182.59925775500002,3.6,10.0,96775.5,15.015999794,17.5499992371,0.569999992847,-28.6833381653,16.9235858917,18.9996814728,34.030165,108.7562031,34.0301589966,108.756958008,20.0,-0.013241113724,0.0215087389681,0.944068417513,0.328780737444,-1.00490856171,0.662122189999,0.23972684145,-2.96054935455,1.10086488724,14.169965744,263.530784929
913,182.80126075700002,3.6,10.0,96769.4921875,15.0290002823,17.6000003815,0.569999992847,-28.8742656708,17.0046443939,18.9998569489,34.0301657,108.7562006,34.0301589966,108.756958008,20.0,0.025280799921,0.0416708597845,0.914689935686,0.401206745936,-0.762000858784,0.581334173679,0.262574106455,-1.99052190781,-1.39169549942,12.397518158,264.510410701
914,182.99825983000002,2.1,0.0,96771.5,15.0200004578,17.6000003815,0.569999992847,-29.0086154938,17.0675811768,19.0026416779,34.0301665,108.7561986,34.0301589966,108.756958008,20.0,0.0639663342998,0.0663662724954,0.875583244725,0.474191748079,-0.353656888008,0.506771981716,0.255915880203,-2.99958086014,-0.507972061634,15.776553154,264.352013786
915,183.20025115,2.1,0.0,96770.390625,15.0100002289,17.6900005341,0.569999992847,-29.0558948517,17.1209411621,19.0127944946,34.0301671,108.7561974,34.0301589966,108.756958008,20.0,0.0755260395913,0.090662503349,0.829961135673,0.545197976758,0.136108279228,0.432760834694,0.227177113295,-0.613239109516,-0.0918219983578,1.56646847725,265.526912065
916,183.4022439,2.1,0.0,96771.75,15.0100002289,18.0,0.569999992847,-29.0077342987,17.1654529572,19.0293254852,34.0301675,108.7561972,34.0301589966,108.756958008,20.0,0.0697867385934,0.100537284733,0.778581888287,0.615493656986,0.658636987209,0.374630063772,0.201513648033,-4.2604174614,0.273730099201,17.5250759125,270.18000412
917,183.599248695,2.1,0.0,96767.9921875,15.0050001144,18.1800003052,0.569999992847,-28.863489151,17.1972675323,19.0426177979,34.0301679,108.7561983,34.0301589966,108.756958008,20.0,0.0601921955566,0.10997280771,0.722987866488,0.679390523649,1.16350030899,0.329163908958,0.210136443377,-1.23851525784,0.603061914444,14.1738595963,272.79090666
918,183.802246618,2.1,0.0,96773.5,15.0030002594,18.2000007629,0.569999992847,-28.6257362366,17.2179012299,19.0551681519,34.0301681,108.7562004,34.0301589966,108.756958008,20.0,0.0536239648302,0.116617450673,0.660773091086,0.739529566761,1.62102413177,0.284755527973,0.206631869078,1.1289460659,-0.677038669586,9.07740879059,273.054616167
919,183.999243546,0.7,54.0,96769.2421875,14.9960002899,18.4300003052,0.579999983311,-28.3022384644,17.2270336151,19.0676364899,34.0301683,108.7562037,34.0301589966,108.756958008,20.0,0.042472777993,0.125583165364,0.597062308029,0.791164687664,2.04575252533,0.26547268033,0.197087109089,1.14436149597,0.534895300865,3.61192536354,276.37628992
920,184.201231766,0.7,54.0,96770.7421875,15.015999794,18.3700008392,0.579999983311,-27.8725452423,17.2273635864,19.0833492279,34.0301684,108.7562079,34.0301589966,108.756958008,20.0,0.0336857580369,0.12677874765,0.53076435648,0.837306161794,2.45411086082,0.240682855248,0.158602774143,-2.46184444427,0.231776610017,13.8329515457,275.843928818
921,184.40322952300002,0.7,54.0,96769.2421875,15.0089998245,18.4799995422,0.579999983311,-27.356212616,17.220243454,19.0963783264,34.0301684,108.756213,34.0301589966,108.756958008,20.0,0.0267770150188,0.131705029355,0.462694656788,0.876270849485,2.84369730949,0.219199463725,0.15945379436,-1.21956026554,0.320265293121,8.74948215485,277.366309887
922,184.580226946,0.7,54.0,96769.5,15.0,18.6800003052,0.569999992847,-26.774723053,17.2017154694,19.1077098846,34.0301684,108.7562191,34.0301589966,108.756958008,20.0,0.0171460860808,0.136268273911,0.4001540441,0.906098089882,3.21324062347,0.186616167426,0.192556113005,0.503110289574,-0.30990666151,7.97000360489,280.200004578
923,184.78222875600002,0.7,54.0,96765.75,14.9960002899,18.6800003052,0.569999992847,-26.0796318054,17.1773834229,19.126531601,34.0301682,108.756226,34.0301589966,108.756958008,20.0,0.00650402263686,0.13981747583,0.325956203171,0.934966068008,3.58316850662,0.175942465663,0.239848613739,-1.55490207672,-1.18177592754,12.3985500336,280.125289992
924,184.999226141,4.6,66.0,96768.4921875,14.9969997406,18.4300003052,0.569999992847,-25.3580169678,17.1485881805,19.1539363861,34.030168,108.7562337,34.0301589966,108.756958008,20.0,0.00640394494507,0.160027311159,0.243265835487,0.956646259368,3.9524435997,0.157654732466,0.282766550779,0.595049500465,1.49137246609,1.48488116264,276.394709796
925,185.202225733,4.6,66.0,96761.4921875,14.9969997406,18.3199996948,0.569999992847,-24.5147018433,17.1119594574,19.1836414337,34.0301677,108.7562423,34.0301589966,108.756958008,20.0,-0.00228483860969,0.170712496097,0.167210372209,0.971026721933,4.36751794815,0.150463864207,0.219546273351,-0.630667865276,-0.51741540432,8.6770067215,274.745030671
926,185.39922504400002,4.6,66.0,96766.0,15.001999855,18.2199993134,0.579999983311,-23.6028385162,17.0679569244,19.2104053497,34.0301675,108.7562517,34.0301589966,108.756958008,20.0,-0.0128533189245,0.18132524114,0.0953091130549,0.978709418067,4.80149269104,0.150929093361,0.18615552783,-4.51933240891,0.692102074623,19.6834774017,273.336427058
927,185.60121398,4.6,66.0,96764.5,15.001999855,18.3700008392,0.569999992847,-22.5816860199,17.0307598114,19.2340621948,34.0301671,108.7562621,34.0301589966,108.756958008,20.0,-0.0186168583115,0.189668020142,0.0206916581016,0.981453683667,5.26412200928,0.163941413164,0.167890891433,-1.69431936741,0.263067811728,8.52816677094,275.586749927
928,185.80321245200003,4.6,66.0,96764.2421875,14.9890003204,18.7999992371,0.569999992847,-21.466709137,16.9936542511,19.2551956177,34.0301669,108.7562734,34.0301589966,108.756958008,20.0,-0.04054933017,0.196473482308,-0.0212452569568,0.979439949392,5.72385787964,0.19661962986,0.147181868553,-1.49966621399,-0.577507376671,10.0356578827,281.793194588
929,186.000208426,6.7,27.0,96761.7421875,14.9870004654,18.6100006104,0.569999992847,-20.2931900024,16.9698848724,19.2763214111,34.0301667,108.7562857,34.0301589966,108.756958008,20.0,-0.0497986141264,0.200617918899,-0.0208476857348,0.97818098088,6.18736457825,0.278634637594,0.169107794762,0.184229239821,-0.301664054394,-2.86918258667,278.908087808
930,186.202206421,6.7,27.0,96758.5,14.9919996262,18.3400001526,0.569999992847,-18.9998321533,16.9697608948,19.2911491394,34.0301668,108.7562989,34.0301589966,108.756958008,20.0,-0.0414936513843,0.183498975389,-0.0147072270816,0.982033708596,6.58529806137,0.357384324074,0.130331903696,-1.13093447685,0.672260820866,4.62076234818,274.953275431
931,186.399208117,6.7,27.0,96760.7421875,14.9919996262,17.8899993896,0.569999992847,-17.6386508942,16.9870090485,19.3111820221,34.030167,108.756313,34.0301589966,108.756958008,20.0,-0.0316894040685,0.161074012337,-0.00680684247505,0.986410026611,6.88513326645,0.410423636436,0.0868405401707,-1.95388996601,-2.80981278419,14.8222513199,268.206864162
932,186.602206039,6.7,27.0,96754.9921875,14.9940004349,17.6800003052,0.569999992847,-16.2569637299,17.0127449036,19.3324890137,34.0301673,108.756328,34.0301589966,108.756958008,20.0,-0.0273422147941,0.136468687444,0.000350830367005,0.990266926865,7.07783031464,0.44306153059,0.0957132130861,-2.00181388855,-2.71532607079,14.1821069717,265.093932264
933,186.79919891400002,6.7,27.0,96761.5,14.9890003204,16.8199996948,0.560000002384,-14.8388662338,17.0467357635,19.3624858856,34.0301677,108.7563433,34.0301589966,108.756958008,20.0,-0.0156105236072,0.109525471597,0.00429999007248,0.993852190681,7.16382694244,0.442197501659,0.0605387911201,-4.68223810196,-1.13560676575,12.7696943283,252.114980815
934,186.981193829,9.2,12.0,96759.25,14.984000206,16.3999996185,0.560000002384,-13.3686552048,17.0854911804,19.3850765228,34.0301682,108.7563591,34.0301589966,108.756958008,20.0,-0.0114966408469,0.0961705393207,0.00568051009545,0.995282275398,7.15667200089,0.420492231846,0.0123062739149,-2.37615394592,-0.0087558478117,15.4323091507,245.737597662
935,187.203199911,9.2,12.0,96755.75,14.9879999161,16.2099990845,0.560000002384,-11.8857440948,17.122838974,19.4025306702,34.0301686,108.7563748,34.0301589966,108.756958008,20.0,-0.00509079665944,0.105487771899,0.00506503966665,0.994394704915,7.16773700714,0.394648462534,0.00107264169492,-2.32650470734,-0.867673456669,7.35699462891,242.955464918
936,187.400199461,9.2,12.0,96760.0,14.998000145,16.1000003815,0.569999992847,-10.4289035797,17.1539859772,19.4149703979,34.030169,108.7563905,34.0301589966,108.756958008,20.0,-0.0018104758297,0.11040079842,0.00293974268363,0.993881187713,7.19903612137,0.329015791416,-0.0169412754476,0.526972174644,-0.275231361389,2.39340996742,241.467808055
937,187.597189474,9.2,12.0,96760.25,15.0089998245,15.9799995422,0.569999992847,-8.92752838135,17.1744384766,19.4231033325,34.0301694,108.7564063,34.0301589966,108.756958008,20.0,8.24919192479e-05,0.111254477568,0.00122664187906,0.993791246338,7.24971437454,0.258060336113,-0.0159686990082,-3.10698866844,-1.03371334076,17.3979873657,239.843810325
938,187.79918246300002,9.2,12.0,96756.0,15.0170001984,15.6999998093,0.569999992847,-7.45107412338,17.1844959259,19.4298248291,34.0301696,108.756422,34.0301589966,108.756958008,20.0,-0.00276151419799,0.111108428202,0.00212529698301,0.993802204519,7.30741643906,0.185876622796,0.0263246260583,-0.162044152617,-2.79294872284,2.69251346588,235.76690025
939,187.981180716,8.7,8.0,96755.0,15.0290002823,15.5200004578,0.569999992847,-5.90450143814,17.1875686646,19.438249588,34.0301696,108.7564379,34.0301589966,108.756958008,20.0,-0.00125238306679,0.113120992902,-0.00022615998911,0.993580427802,7.34852743149,0.133448079228,0.00512955151498,-1.84629273415,0.39455729723,2.24147629738,233.250091261
940,188.19917111400002,8.7,8.0,96754.25,15.031999588,15.1899995804,0.569999992847,-4.4625992775,17.1767292023,19.4544944763,34.0301696,108.7564539,34.0301589966,108.756958008,20.0,0.00087942033596,0.114930646868,-0.00331320590829,0.993367628364,7.3901014328,0.0773589611053,0.054571390152,-2.61773633957,-2.0692346096,11.5451307297,228.336067434
941,188.401165533,8.7,8.0,96756.5,15.0450000763,14.7700004578,0.569999992847,-2.93654727936,17.1550827026,19.4706001282,34.0301695,108.75647,34.0301589966,108.756958008,20.0,-0.00407915639135,0.113210149291,-0.00577635202896,0.993545909533,7.42371225357,0.0234074443579,-0.0416329875588,-3.27386307716,-0.174809873104,19.99949646,222.214658014
942,188.603163052,8.7,8.0,96756.25,15.0399999619,14.8299999237,0.569999992847,-1.44477832317,17.1227588654,19.4771518707,34.0301692,108.7564862,34.0301589966,108.756958008,20.0,-0.00474741574791,0.112569243239,-0.00750563722337,0.993604240771,7.46398830414,-0.0282613541931,-0.0380068644881,-2.49948525429,3.10636878014,7.00355768204,223.043198287
943,188.800158548,8.7,8.0,96760.25,15.0240001678,14.8299999237,0.560000002384,0.0940486565232,17.0832633972,19.4789485931,34.0301689,108.7565024,34.0301589966,108.756958008,20.0,-0.0104720957406,0.11075389418,-0.00747411138068,0.993764651676,7.49278116226,-0.0639278292656,-0.0549894459546,-0.155775785446,1.87176787853,1.13987064362,222.805921343
944,188.982155371,6.9,11.0,96761.7421875,15.0209999084,14.8100004196,0.560000002384,1.63353598118,17.0382499695,19.4730701447,34.0301685,108.7565188,34.0301589966,108.756958008,20.0,-0.0098414682514,0.110464603481,-0.00717478446256,0.993805449826,7.51685667038,-0.0885826796293,-0.0839534774423,-2.15999674797,-1.19093930721,12.7040700912,222.461014947
945,189.199153948,6.9,11.0,96759.5,15.031999588,14.8900003433,0.560000002384,3.14204716682,16.9854660034,19.4598350525,34.0301681,108.7565351,34.0301589966,108.756958008,20.0,-0.0106128029944,0.111835224262,-0.00852095480399,0.993633574978,7.55332326889,-0.112359538674,-0.112495437264,-3.14910578728,-2.66133880615,18.3623847961,223.826479026
946,189.401155996,6.9,11.0,96756.4921875,15.0229997635,14.8400001526,0.560000002384,4.73379039764,16.9294605255,19.4411392212,34.0301676,108.7565517,34.0301589966,108.756958008,20.0,-0.0136707307096,0.105917348385,-0.00965773960203,0.994234083275,7.58359909058,-0.118668839335,-0.0775717049837,-3.68347668648,-0.764550328255,12.8511419296,222.941318783
947,189.599160004,6.9,11.0,96758.2421875,15.0229997635,14.8400001526,0.560000002384,6.21727275848,16.8778762817,19.4286270142,34.0301671,108.7565682,34.0301589966,108.756958008,20.0,-0.0144920884933,0.106586303164,-0.0121265334004,0.994123911413,7.59523487091,-0.100200101733,-0.090780839324,-4.03448486328,0.653229296207,11.3423652649,222.941318783
948,189.801149654,6.9,11.0,96760.7578125,15.0240001678,14.8999996185,0.560000002384,7.7803812027,16.8225383759,19.4136810303,34.0301667,108.7565848,34.0301589966,108.756958008,20.0,-0.0113438242767,0.108676238941,-0.0149859441908,0.993899521592,7.61964035034,-0.100101597607,-0.058943092823,-3.10448670387,-0.806447803974,8.57331752777,223.85759677
949,190.003155756,5.2,13.0,96757.5,15.0100002289,14.9899997711,0.560000002384,9.30624961853,16.7714214325,19.4043502808,34.0301663,108.7566014,34.0301589966,108.756958008,20.0,-0.0137516526587,0.108723854343,-0.0152961871427,0.993859187058,7.62698411942,-0.0939361900091,-0.0330222547054,-3.14126467705,3.83416986465,11.8005342484,224.999899995
950,190.200154352,5.2,13.0,96761.75,14.9989995956,14.8900003433,0.550000011921,10.8758678436,16.7222747803,19.3985366821,34.0301661,108.756618,34.0301589966,108.756958008,20.0,-0.0127740301657,0.110806493447,-0.0157956272975,0.993634375768,7.6538848877,-0.104195721447,-0.0620741099119,-2.17520356178,1.81411671638,2.99635314941,223.335109129
951,190.397156048,5.2,13.0,96760.0,15.001999855,14.9300003052,0.560000002384,12.4088220596,16.6810894012,19.3906497955,34.0301658,108.7566347,34.0301589966,108.756958008,20.0,-0.0113169925393,0.112626109875,-0.0146231441188,0.993465409052,7.67999649048,-0.107242770493,-0.0652072802186,0.0930224582553,0.458048164845,4.20434808731,223.979862414
952,190.599156189,5.2,13.0,96757.25,15.0109996796,14.9399995804,0.560000002384,13.9878673553,16.6487865448,19.3787174225,34.0301656,108.7566516,34.0301589966,108.756958008,20.0,-0.0112921258987,0.110089038182,-0.0155514706041,0.993735907526,7.69680786133,-0.0893986001611,-0.061442092061,-4.24457979202,1.40265905857,13.9017372131,224.264328914
953,190.79614858600002,5.2,13.0,96757.5,15.0069999695,14.9799995422,0.560000002384,15.5689983368,16.6260929108,19.3756656647,34.0301656,108.7566683,34.0301589966,108.756958008,20.0,-0.0069545777158,0.106854978787,-0.0183129321185,0.994081680271,7.73192358017,-0.0783392414451,0.00347883580253,-4.3670964241,2.8116710186,13.6637153625,224.804852673
954,190.9991539,4.6,14.0,96759.5,15.0089998245,14.7299995422,0.560000002384,17.111125946,16.6137466431,19.3748130798,34.0301654,108.7566853,34.0301589966,108.756958008,20.0,-0.00192217024661,0.106639207996,-0.0190046883431,0.994114344079,7.75430059433,-0.0694797486067,0.032034650445,0.268709272146,-1.96043109894,6.5562953949,221.082560545
955,191.201149988,4.6,14.0,96762.4921875,14.9949998856,14.5399999619,0.550000011921,18.7004070282,16.595708847,19.3821411133,34.0301654,108.7567023,34.0301589966,108.756958008,20.0,-0.0011883620039,0.107086375522,-0.0182811533948,0.994081005921,7.76857185364,-0.108131803572,-0.00412879604846,-5.74935054779,1.15005075932,14.6292314529,218.027297764
956,191.39815073,4.6,14.0,96758.2421875,14.9890003204,14.2299995422,0.550000011921,20.2974338531,16.5820407867,19.3876781464,34.0301653,108.7567193,34.0301589966,108.756958008,20.0,-0.00230851460184,0.089803486039,-0.0191718427443,0.995772316805,7.76462554932,-0.0968809351325,-0.00164434756152,-0.162276089191,-2.39040589333,9.45744514465,213.293467698
957,191.600144672,4.6,14.0,96761.5,14.9899997711,13.8100004196,0.550000011921,21.8428020477,16.5728187561,19.4004383087,34.0301651,108.7567365,34.0301589966,108.756958008,20.0,0.00151492500579,0.0407205899377,-0.0238306289382,0.998885240889,7.63615036011,-0.0886835083365,0.0785717591643,-4.43780946732,0.226168453693,14.1449432373,207.011903129
958,191.802144814,4.6,14.0,96758.75,15.0109996796,13.5799999237,0.550000011921,23.3996601105,16.5598087311,19.4169979095,34.0301651,108.7567536,34.0301589966,108.756958008,20.0,0.00641809278601,-0.00210324924216,-0.0278315871205,0.99958989405,7.37787342072,-0.11643383652,0.0726308822632,-1.24034643173,1.14956319332,11.5639839172,203.849374503
959,191.999136972,7.7,5.0,96762.0,15.0150003433,13.3699998856,0.560000002384,24.9027328491,16.5455055237,19.4283885956,34.030165,108.7567702,34.0301589966,108.756958008,20.0,0.0103068432159,-0.0216008578202,-0.0300930184242,0.999260558575,7.0426030159,-0.108052909374,-0.000990384141914,0.0391411632299,7.46092653275,8.37087440491,200.750552872
960,192.201135921,7.7,5.0,96762.7421875,15.029999733,13.5699996948,0.560000002384,26.3469409943,16.5292892456,19.4302043915,34.030165,108.7567861,34.0301589966,108.756958008,20.0,0.00785493910857,-0.0248806998881,-0.0324943772649,0.999131336338,6.65359449387,-0.125856280327,-0.00117393350229,-5.51290082932,-7.20377397537,16.1205749512,203.95709179
961,192.398127127,7.7,5.0,96762.0,15.0380001068,13.75,0.560000002384,27.6602973938,16.5136432648,19.4157085419,34.0301648,108.7568011,34.0301589966,108.756958008,20.0,0.00743882524885,-0.0239551636559,-0.0352503596891,0.999063732793,6.30823278427,-0.179118871689,-0.0681029334664,-1.42797482014,-4.35233783722,18.526758194,206.772501469
962,192.60112505,7.7,5.0,96758.75,15.0410003662,13.9899997711,0.560000002384,28.9697914124,16.4844722748,19.39112854,34.0301645,108.7568155,34.0301589966,108.756958008,20.0,0.00779938626951,-0.0330565279791,-0.0356126539989,0.998788345285,5.94186210632,-0.169771924615,-0.092783562839,-0.685082674026,1.53833127022,2.48851895332,210.423591681
963,192.798129845,7.7,5.0,96761.9921875,15.045999527,14.3199996948,0.560000002384,30.2083759308,16.4448356628,19.368806839,34.0301643,108.7568289,34.0301589966,108.756958008,20.0,0.00980281827423,-0.0401465709344,-0.0354651821759,0.99851611879,5.55450344086,-0.216586649418,-0.131709337234,0.338796794415,-1.33575606346,2.06234645844,215.458708635
964,193.00012807800002,10.0,12.0,96759.4921875,15.0410003662,14.6000003815,0.560000002384,31.3368644714,16.3986186981,19.3450717926,34.030164,108.7568415,34.0301589966,108.756958008,20.0,0.00526203140241,-0.0407922988491,-0.0346503571537,0.998552828695,5.16044712067,-0.226668909192,-0.150345295668,-2.6886177063,-0.24111956358,13.9744682312,219.598611084
965,193.20212655100002,10.0,12.0,96762.0,15.0389995575,15.0100002289,0.569999992847,32.4328842163,16.3505249023,19.3201637268,34.0301637,108.7568532,34.0301589966,108.756958008,20.0,0.00410842606055,-0.0408518299556,-0.0352472408223,0.998534874138,4.70945262909,-0.247837975621,-0.0952620953321,-2.52656149864,-0.666979491711,15.1987915039,225.7353868
966,193.399128485,10.0,12.0,96772.75,15.045999527,15.3000001907,0.569999992847,33.3658752441,16.3000640869,19.3104991913,34.0301633,108.7568639,34.0301589966,108.756958008,20.0,0.000150627568222,-0.0437253533547,-0.0376726655135,0.998333117174,4.34337234497,-0.245362967253,-0.100849688053,-3.09287285805,1.48732256889,14.4101076126,230.203795633
967,193.60112457300002,10.0,12.0,96770.7421875,15.0430002213,15.5600004196,0.569999992847,34.2669219971,16.2486419678,19.2911891937,34.030163,108.7568737,34.0301589966,108.756958008,20.0,-0.00128010779058,-0.0414938989971,-0.0387359462078,0.998386812259,3.94449853897,-0.245377898216,-0.101421423256,-1.85499870777,3.02880167961,7.04331922531,234.069089755
968,193.798120546,10.0,12.0,96768.5,15.0340003967,16.0300006866,0.569999992847,35.0659141541,16.2012119293,19.2522583008,34.0301626,108.7568825,34.0301589966,108.756958008,20.0,-0.00540630269904,-0.0355480428801,-0.0364284483986,0.998689215897,3.59106254578,-0.248986020684,-0.141242325306,-3.58374929428,-0.269674420357,17.3063430786,240.995036683
969,194.001118469,9.8,19.0,96773.0,15.0310001373,16.7000007629,0.569999992847,35.8007545471,16.155708313,19.2128658295,34.0301624,108.7568904,34.0301589966,108.756958008,20.0,-0.00834037268028,-0.0355121877658,-0.0310229464897,0.998852829963,3.23048663139,-0.249823883176,-0.0854809731245,-0.380653649569,-0.51170873642,10.9946117401,251.017713761
970,194.20311694100002,9.8,19.0,96767.7421875,15.0150003433,16.9200000763,0.560000002384,36.4504318237,16.1156406403,19.1850395203,34.0301622,108.7568977,34.0301589966,108.756958008,20.0,-0.0130579550449,-0.0321827987848,-0.0250054723404,0.999083878986,2.87669420242,-0.232707932591,-0.0129438508302,-1.20688831806,-1.30534541607,10.0513820648,254.053806955
971,194.40011696800002,9.8,19.0,96766.9921875,15.0109996796,17.1599998474,0.560000002384,37.0312004089,16.0889377594,19.1560287476,34.0301619,108.756904,34.0301589966,108.756958008,20.0,-0.0103298982006,-0.0281963990459,-0.0208489501403,0.999331618162,2.56487154961,-0.195804655552,-0.0160638019443,2.28609085083,0.61263781786,0.573268473148,257.588752211
972,194.60212187800002,9.8,19.0,96769.2421875,14.9949998856,17.3099994659,0.560000002384,37.5137710571,16.0651988983,19.1417236328,34.0301618,108.7569097,34.0301589966,108.756958008,20.0,-0.0103250364958,-0.0188168645347,-0.0187052349845,0.999594656644,2.29469275475,-0.175989732146,0.0246200766414,2.05671977997,0.551519989967,2.59266638756,259.563440011
973,194.79912262000002,9.8,19.0,96771.5,15.001999855,17.4500007629,0.560000002384,37.965763092,16.0512905121,19.1306915283,34.0301618,108.7569147,34.0301589966,108.756958008,20.0,-0.00944532442462,-0.0174709385133,-0.0188903017963,0.999624285878,2.04141998291,-0.140243321657,0.0649498477578,0.132054537535,-0.0395879000425,8.45130634308,261.784908916
974,194.98111467400003,8.1,18.0,96770.7421875,15.0010004044,17.4599990845,0.569999992847,38.3708229065,16.0464229584,19.1212234497,34.0301619,108.7569191,34.0301589966,108.756958008,20.0,-0.00465812271026,-0.0126988872739,-0.0214203771124,0.999679076781,1.82908856869,-0.129348069429,0.045104753226,1.9323785305,0.122437857091,0.972731053829,261.917453326
975,195.203105259,8.1,18.0,96769.25,14.9910001755,17.5499992371,0.560000002384,38.6987953186,16.0519790649,19.1219444275,34.030162,108.756923,34.0301589966,108.756958008,20.0,-0.00794988072942,-0.00939514637888,-0.0304687575786,0.999459955316,1.63420176506,-0.116425059736,0.082381606102,-1.90708684921,-0.725236833096,8.7154083252,263.092041642
976,195.401101398,8.1,18.0,96770.2421875,14.9829998016,17.5799999237,0.560000002384,39.0031204224,16.0627784729,19.1239395142,34.0301622,108.7569266,34.0301589966,108.756958008,20.0,-0.00474711396989,-0.00659191083444,-0.0424849505296,0.999064154261,1.4534740448,-0.0994368940592,0.0794693529606,-2.39300632477,-0.463781058788,18.8289222717,263.40113537
977,195.603104639,8.1,18.0,96769.9921875,14.984000206,17.6700000763,0.560000002384,39.2665481567,16.0830669403,19.1279506683,34.0301625,108.7569297,34.030040741,108.756568909,20.0,-0.00211921548912,-0.00415475120933,-0.0521881665812,0.998626417093,1.30833899975,-0.0899959281087,0.0721569210291,3.0141017437,0.0314981788397,-0.278482168913,264.767284783
978,195.80010514300002,8.1,18.0,96768.9921875,14.9829998016,17.9599990845,0.560000002384,39.507396698,16.108757019,19.140707016,34.0301628,108.7569324,34.030040741,108.756568909,20.0,0.0231692661684,-0.0226451220746,-0.11798791077,0.992486379908,1.11514306068,-0.119628712535,0.140700221062,-0.495316952467,-0.290939867496,6.89149856567,269.09466272
979,196.00210385300002,6.9,17.0,96763.5,14.9829998016,17.8500003815,0.560000002384,39.6864700317,16.1212520599,19.1534328461,34.030163,108.7569349,34.030040741,108.756568909,20.0,0.0628555036463,-0.0581175314266,-0.198328401989,0.9763899927,0.853846073151,-0.231297284365,0.109292663634,-0.191882416606,2.08160185814,5.03144741058,267.446552175
980,196.199106026,6.9,17.0,96766.75,14.9829998016,18.0400009155,0.569999992847,39.8070755005,16.1075515747,19.1733341217,34.0301631,108.7569368,34.030040741,108.756568909,20.0,0.0851351954015,-0.0959338192412,-0.277318423888,0.952178145517,0.406727969646,-0.408814102411,0.150623321533,1.5211597681,-1.11518549919,7.26604127884,270.293330139
981,196.401098061,6.9,17.0,96762.7421875,14.9940004349,18.1399993896,0.569999992847,39.8365478516,16.0675392151,19.2019119263,34.0301629,108.7569379,34.030040741,108.756568909,20.0,0.0965732829159,-0.0947290076186,-0.357994614755,0.923872195616,-0.103526934981,-0.582297503948,0.159022539854,0.276330113411,-1.54496705532,12.8726968765,271.991158737
982,196.603099871,6.9,17.0,96767.4921875,14.9899997711,18.0100002289,0.569999992847,39.7781257629,15.9959201813,19.2409210205,34.0301625,108.756938,34.030040741,108.756568909,20.0,0.106609972571,-0.0886405082917,-0.434729759185,0.889824306588,-0.587098419666,-0.744327664375,0.118008308113,-1.21126544476,0.963342130184,11.1031093597,269.969899309
983,196.80109410300003,6.9,17.0,96762.75,14.9759998322,17.6900005341,0.560000002384,39.6333503723,15.9030380249,19.2789478302,34.0301619,108.756937,34.030040741,108.756568909,20.0,0.111406810767,-0.0795384538139,-0.504718573478,0.85236223834,-1.05051147938,-0.885058820248,0.0917229354382,0.809535264969,-0.684524953365,9.76068210602,264.925445029
984,196.998091984,5.0,13.0,96761.2421875,14.982000351,17.7999992371,0.560000002384,39.4083633423,15.7944908142,19.3018302917,34.030161,108.7569348,34.030040741,108.756568909,20.0,0.121897212728,-0.0709917802126,-0.568463595582,0.810524726624,-1.47976624966,-1.01478111744,0.061398986727,1.44522988796,1.90565764904,1.27535426617,266.679594817
985,197.20009284000002,5.0,13.0,96766.75,14.970000267,17.6499996185,0.560000002384,39.0893859863,15.6611204147,19.324382782,34.0301599,108.7569316,34.030040741,108.756568909,20.0,0.130335538635,-0.0598789206658,-0.631832451794,0.761718449509,-1.8949971199,-1.14355790615,-0.00152599625289,0.578567624092,-1.30740904808,11.0377244949,264.220499002
986,197.402097034,5.0,13.0,96761.0,14.9589996338,17.8400001526,0.550000011921,38.6670265198,15.4993362427,19.3396873474,34.0301584,108.7569273,34.030040741,108.756568909,20.0,0.134754933364,-0.0468461641679,-0.693321314902,0.706365408902,-2.31598114967,-1.26545488834,-0.0338800288737,3.09334445,0.18802537024,-1.370423913,266.868555749
987,197.599098969,5.0,13.0,96759.1953125,14.9449996948,18.1100006104,0.550000011921,38.1491699219,15.3134374619,19.3517780304,34.0301567,108.7569221,34.030040741,108.756568909,20.0,0.1385744599,-0.0335429118305,-0.748323928171,0.647829709615,-2.72062420845,-1.3749434948,-0.0134673146531,0.374714553356,-0.0270190685987,8.35972499847,270.653953595
988,197.80109577200002,5.0,13.0,96759.75,14.9510002136,17.9899997711,0.560000002384,37.5262489319,15.0976428986,19.3671188354,34.0301549,108.7569158,34.030040741,108.756568909,20.0,0.141677184447,-0.0216814821073,-0.797955061258,0.585427407079,-3.07683730125,-1.48617577553,-0.0288763958961,-3.73196911812,0.654176414013,19.8632850647,268.968490421
989,197.978092957,4.2,8.0,96756.9921875,14.9490003586,18.1499996185,0.560000002384,36.8757781982,14.8829965591,19.3842887878,34.0301528,108.7569087,34.030040741,108.756568909,20.0,0.143464969467,-0.00183649097195,-0.835402873335,0.530581375937,-3.38089132309,-1.54923558235,-0.0299334004521,-2.08742499352,-1.46740841866,15.2772989273,271.324350806
990,198.20108513800002,4.2,8.0,96755.0,14.9469995499,18.1700000763,0.560000002384,36.1157417297,14.6420116425,19.4198665619,34.0301507,108.756901,34.030040741,108.756568909,20.0,0.165407967501,0.0121658722151,-0.873787578244,0.457151566492,-3.69659090042,-1.64044845104,-0.0133594600484,-3.44478201866,2.46608138084,15.8251600266,271.586982961
991,198.38207702600002,4.2,8.0,96760.75,14.9479999542,18.2399997711,0.560000002384,35.3020820618,14.3910160065,19.4532470703,34.0301485,108.7568925,34.030040741,108.756568909,20.0,0.185083375523,0.0215719371796,-0.900543493497,0.392810609023,-4.03788280487,-1.7673946619,-0.03217208758,-0.394727945328,-0.340348720551,5.00645256042,272.651515744
992,198.600075293,4.2,8.0,96752.0,14.9499998093,18.2700004578,0.560000002384,34.3876152039,14.1050291061,19.4815368652,34.0301461,108.7568833,34.030040741,108.756568909,20.0,0.195915742524,0.0383175386375,-0.928408713802,0.313378635271,-4.41434335709,-1.92725419998,-0.0116114960983,-3.16365551949,1.41689741611,11.6594867706,273.136503359
993,198.80207519500001,4.2,8.0,96756.5,14.9409999847,18.1700000763,0.550000011921,33.3942184448,13.791516304,19.5028858185,34.0301435,108.7568734,34.030040741,108.756568909,20.0,0.204994200035,0.0552173870242,-0.947693088632,0.238340807651,-4.81880950928,-2.11616420746,-0.00335607980378,0.344452053308,0.00464701652527,4.14991903305,271.477970863
994,198.99907045400002,3.8,0.0,96755.0,14.9469995499,18.2399997711,0.550000011921,32.3453788757,13.4510717392,19.5218067169,34.0301406,108.7568626,34.030040741,108.756568909,20.0,0.211463088006,0.0692204456343,-0.960009999347,0.169919698072,-5.22453117371,-2.32622098923,-0.0620335415006,-3.9589343071,0.550229847431,20.0784645081,272.633268368
995,199.20106082,3.8,0.0,96753.75,14.9420003891,18.0900001526,0.550000011921,31.1880016327,13.0528144836,19.5344944,34.0301373,108.7568509,34.030040741,108.756568909,20.0,0.197909941735,0.0916572414138,-0.962207493882,0.163056715995,-5.6450138092,-2.61304569244,-0.0517586059868,-1.3851596117,-0.122113347054,13.7520179749,270.300789319
996,199.39806489900002,3.8,0.0,96751.2421875,14.9479999542,17.6499996185,0.550000011921,29.9623775482,12.599404335,19.5443706512,34.0301334,108.7568386,34.030040741,108.756568909,20.0,0.178336297279,0.0899221768328,-0.965401382062,0.167661764957,-5.96561527252,-2.90895223618,-0.0628694444895,-3.24332475662,-1.48156368732,13.2960062027,263.83219349
997,199.60006909400002,3.8,0.0,96758.5,14.9479999542,16.8700008392,0.550000011921,28.727563858,12.1109189987,19.5573005676,34.0301291,108.7568257,34.030040741,108.756568909,20.0,0.151067125608,0.0701775505146,-0.970586329513,0.173827385278,-6.16651725769,-3.12953472137,-0.101023316383,-3.29210543633,-2.83273291588,16.6371974945,252.172771773
998,199.803071308,3.8,0.0,96750.9921875,14.9549999237,16.1700000763,0.550000011921,27.4651737213,11.5904054642,19.5636291504,34.0301243,108.756812,34.030040741,108.756568909,20.0,0.126173605833,0.042740942585,-0.975125418657,0.177154836821,-6.28529167175,-3.23661971092,-0.0958982333541,-2.2126762867,0.771029412746,14.8596067429,241.822349907
999,200.000067043,2.4,28.0,96750.25,14.9799995422,15.4799995422,0.560000002384,26.1471309662,11.0266609192,19.5763282776,34.0301193,108.7567981,34.030040741,108.756568909,20.0,0.100932735442,0.0431687093898,-0.977144294847,0.182038602893,-6.32604503632,-3.27781581879,-0.0759667381644,0.382965564728,1.21412038803,-0.00660805776715,231.890386057
1000,200.19706349400002,2.4,28.0,96748.25,14.982000351,14.75,0.560000002384,24.8156795502,10.4531402588,19.6043281555,34.0301141,108.756784,34.030040741,108.756568909,20.0,0.10498022111,0.0330542375613,-0.976620830989,0.184657692353,-6.31852483749,-3.30678153038,-0.0516352690756,-4.60401105881,0.32808342576,20.1736793518,220.984505177
1001,200.399071026,2.4,28.0,96742.0,14.9919996262,14.1000003815,0.560000002384,23.5139846802,9.88886070251,19.6328544617,34.0301089,108.7567699,34.030040741,108.756568909,20.0,0.0805990120851,0.0250923975813,-0.979158703472,0.184722303472,-6.27741765976,-3.28675103188,-0.123996570706,0.0535322241485,1.17722463608,-2.54084348679,211.387200448
1002,200.601074743,2.4,28.0,96751.7421875,15.0089998245,13.6099996567,0.550000011921,22.1875324249,9.30553627014,19.6512241364,34.0301036,108.756756,34.030040741,108.756568909,20.0,0.0391892388562,0.0182565679526,-0.982139160011,0.18312190334,-6.15986728668,-3.24183988571,-0.195234313607,-2.11751461029,-0.462939202785,12.4321088791,204.272482459
1003,200.803071308,2.4,28.0,96750.75,14.9659996033,13.4899997711,0.540000021458,20.8944225311,8.73044490814,19.6783733368,34.0300984,108.7567423,34.030040741,108.756568909,20.0,0.00988444379586,0.0072967321705,-0.98355196452,0.180207322325,-5.95575046539,-3.13030076027,-0.167205587029,0.145208150148,2.76151013374,3.38905763626,201.891331223
1004,201.00006251300002,4.0,23.0,96752.25,14.9890003204,13.3900003433,0.550000011921,19.6794700623,8.19313526154,19.689781189,34.0300935,108.756729,34.030040741,108.756568909,20.0,0.00823831408661,0.000447845168287,-0.984283423076,0.1764035271,-5.69205522537,-2.99030351639,-0.211822301149,-1.46336555481,-5.23949146271,12.1432495117,200.702719437
1005,201.20305662200002,4.0,23.0,96748.0,15.0,13.5900001526,0.550000011921,18.5093002319,7.68266773224,19.6826686859,34.0300887,108.7567162,34.030040741,108.756568909,20.0,0.00467434488408,-0.00216352228129,-0.984895648197,0.173072493075,-5.45341444016,-2.84511017799,-0.284297674894,-0.255935519934,1.42029953003,2.99440598488,203.850002289
1006,201.400049257,4.0,23.0,96751.0,15.0010004044,13.8000001907,0.550000011921,17.3608283997,7.18523740768,19.6658248901,34.0300842,108.756704,34.030040741,108.756568909,20.0,5.14958756185e-05,-0.00707725435019,-0.985535226624,0.169322814403,-5.20569753647,-2.67010569572,-0.271668016911,-4.07179450989,-4.06577777863,15.1145772934,207.013808441
1007,201.602050829,4.0,23.0,96752.5,15.015999794,13.9899997711,0.550000011921,16.2648677826,6.7226266861,19.6381778717,34.0300801,108.7566924,34.030040741,108.756568909,20.0,-0.0036004804741,-0.008162715482,-0.985762946046,0.167904277923,-4.94644880295,-2.49088573456,-0.307840555906,-0.229024916887,-0.365295290947,7.81142616272,210.073833681
1008,201.79905037900002,4.0,23.0,96756.0,15.0240001678,14.3400001526,0.550000011921,15.2527551651,6.31277370453,19.6122093201,34.0300761,108.7566814,34.030040741,108.756568909,20.0,0.00100131445485,-0.00385778517326,-0.985799571657,0.167879369135,-4.67826843262,-2.3169670105,-0.311703532934,-0.268310248852,-2.8977496624,11.7781391144,215.444164699
1009,202.00105195,8.5,358.0,96753.25,15.0109996796,14.5,0.550000011921,14.2746725082,5.91601705551,19.5799255371,34.0300725,108.756671,34.030040741,108.756568909,20.0,0.00337216194073,-0.00520201708894,-0.98568585946,0.16847844444,-4.42277336121,-2.15188574791,-0.279108256102,1.93003487587,2.4028635025,2.83975291252,217.659495354
1010,202.198047924,8.5,358.0,96753.5,15.0190000534,14.6700000763,0.550000011921,13.354385376,5.55455541611,19.5442848206,34.0300692,108.7566612,34.030040741,108.756568909,20.0,0.00733861790611,-0.00591528574004,-0.985832825521,0.167465950698,-4.17627334595,-1.99811840057,-0.282426416874,-2.33252191544,2.00636982918,15.6722898483,220.328731929
1011,202.40005044900002,8.5,358.0,96758.25,15.0129995346,14.9600000381,0.560000002384,12.5070362091,5.22962474823,19.5164966583,34.0300661,108.7566521,34.030040741,108.756568909,20.0,-0.00248669188565,-0.00530327588031,-0.986327208054,0.164695385465,-3.94726967812,-1.87475693226,-0.2810947299,-1.10916483402,2.39374756813,4.97190761566,224.59447361
1012,202.59804134400002,8.5,358.0,96758.25,15.0120000839,15.1899995804,0.550000011921,11.7203569412,4.93233251572,19.485502243,34.0300632,108.7566433,34.030040741,108.756568909,20.0,-0.0052713129287,-0.00701309729787,-0.98675360772,0.161988588413,-3.68958353996,-1.73260259628,-0.26686412096,-1.19618487358,1.68455278873,7.37018013,228.032274976
1013,202.779036808,8.5,358.0,96759.5,15.0080003738,15.4300003052,0.550000011921,10.9494762421,4.64332532883,19.4467144012,34.0300605,108.7566354,34.030040741,108.756568909,20.0,-0.00179025884258,-0.00937492996798,-0.986791624178,0.161713538079,-3.42600989342,-1.5938065052,-0.28506988287,0.327943116426,2.97947382927,0.637622177601,231.573450348
1014,203.00202660600002,9.2,358.0,96763.25,14.998000145,15.720000267,0.550000011921,10.2609653473,4.38486433029,19.4007949829,34.0300581,108.7566279,34.030040741,108.756568909,20.0,-0.0114442637667,-0.011281385439,-0.986333782962,0.163973747124,-3.15956616402,-1.43236982822,-0.203834116459,-1.7044737339,-0.025335162878,16.1981296539,235.768566284
1015,203.199029016,9.2,358.0,96768.7421875,14.9899997711,16.0699996948,0.550000011921,9.65961074829,4.16967773437,19.3550262451,34.0300558,108.756621,34.030040741,108.756568909,20.0,-0.00862392360714,-0.00860513513039,-0.9854232003,0.169684265776,-2.92306065559,-1.2858082056,-0.178997904062,0.269581913948,0.653538107872,0.721358835697,240.889291747
1016,203.401029873,9.2,358.0,96767.9921875,14.9829998016,16.3700008392,0.550000011921,9.06412410736,3.955545187,19.3003883362,34.0300538,108.7566148,34.030040741,108.756568909,20.0,-0.000716888011713,0.00228340322962,-0.984292273914,0.176530473408,-2.6716170311,-1.17068314552,-0.178597792983,0.042403999716,0.99255669117,2.60027313232,245.271719327
1017,203.603024769,9.2,358.0,96765.75,14.9790000916,16.8099994659,0.550000011921,8.55997180939,3.77013301849,19.2565841675,34.0300519,108.756609,34.030040741,108.756568909,20.0,0.0376667965649,0.0142966008732,-0.982145987801,0.183755791942,-2.51816296577,-1.12049663067,-0.119177602232,0.462953388691,0.43153077364,8.73599529266,251.796983539
1018,203.800025749,9.2,358.0,96770.2421875,14.9750003815,17.0400009155,0.550000011921,8.0519733429,3.57477021217,19.2224617004,34.03005,108.7566036,34.030040741,108.756568909,20.0,0.0616149335509,0.00983099212537,-0.980176971332,0.188043222253,-2.48293876648,-1.12138283253,-0.0698497518897,-3.50116157532,-1.09353899956,16.644443512,255.17402021
1019,203.997028637,9.3,358.0,96769.5,14.9619998932,17.2199993134,0.550000011921,7.56224918365,3.38125419617,19.1944942474,34.0300482,108.7565986,34.030040741,108.756568909,20.0,0.0586246989427,0.00944316209373,-0.980088252216,0.1894755829,-2.50344085693,-1.11397099495,-0.0125317247584,-2.14642357826,-0.33256611228,16.1108226776,257.645627887
1020,204.200027037,9.3,358.0,96767.9921875,14.9619998932,17.8400001526,0.550000011921,7.0747923851,3.17706775665,19.1732196808,34.0300462,108.7565933,34.0301742554,108.756202698,20.0,0.0653162460795,0.00112847660052,-0.983590528886,0.168173511991,-2.52989530563,-1.10174739361,0.0501393340528,-0.813344299793,-1.65826845169,4.981133461,266.922080378
1021,204.397019911,9.3,358.0,96768.25,14.9639997482,17.9300003052,0.560000002384,6.57791280746,2.97596740723,19.1682186127,34.0300442,108.756588,34.0301742554,108.756202698,20.0,0.0920133664786,-0.0452969777256,-0.99012362758,0.0955878723109,-2.62390995026,-1.0188138485,0.0616741776466,1.59335625172,0.0289467871189,4.14479255676,268.304520052
1022,204.599018145,9.3,358.0,96766.25,14.9689998627,18.2399997711,0.560000002384,6.06961679459,2.80502748489,19.1733093262,34.0300423,108.7565826,34.0301742554,108.756202698,20.0,0.131792897631,-0.0850593814529,-0.987594395201,0.00727066854292,-2.83452272415,-0.758405983448,0.151959300041,-2.79139947891,-0.779438376427,12.3599624634,273.034554069
1023,204.8010221,9.3,358.0,96765.25,14.9610004425,18.7199993134,0.550000011921,5.47803688049,2.68757128716,19.1876392365,34.0300406,108.7565768,34.0301742554,108.756202698,20.0,0.179497390272,-0.110151916011,-0.974167968699,-0.0815116256984,-3.2008228302,-0.332863777876,0.189128950238,2.31044268608,-0.0608157962561,0.335875332355,280.069918011
1024,205.003021765,9.6,1.0,96767.25,14.9429998398,19.1200008392,0.550000011921,4.85843324661,2.64040851593,19.2092475891,34.0300394,108.7565704,34.0301742554,108.756202698,20.0,0.214909198732,-0.10240386592,-0.957510227615,-0.162793635366,-3.65126872063,0.123420268297,0.172131717205,-2.54560399055,0.0348536968231,17.11328125,285.710169477
1025,205.20002203,9.6,1.0,96769.2421875,14.9270000458,19.5900001526,0.540000021458,4.12260246277,2.66517066956,19.231098175,34.030039,108.7565629,34.0301742554,108.756202698,20.0,0.229196311296,-0.09333790495,-0.94437672171,-0.216586796086,-4.16292572021,0.580170214176,0.16474878788,-0.434597849846,1.33654093742,10.9001140594,292.419933174
1026,205.39701681100001,9.6,1.0,96764.75,14.9149999619,19.6800003052,0.540000021458,3.3144800663,2.75603914261,19.2503604889,34.0300393,108.7565543,34.0301742554,108.756202698,20.0,0.236834010401,-0.0852948374562,-0.941009062074,-0.226133436595,-4.65917444229,1.00043451786,0.145481660962,-1.47160589695,0.148732811213,17.9973678589,293.527203801
1027,205.60001163500002,9.6,1.0,96761.2578125,14.9020004272,20.1000003815,0.540000021458,2.3812224865,2.92003393173,19.2637615204,34.0300403,108.7565445,34.0301742554,108.756202698,20.0,0.238390519859,-0.0912105849183,-0.939658677047,-0.227798321405,-5.17316150665,1.40345644951,0.124410964549,-0.786667108536,0.276927381754,7.51544094086,299.530214272
1028,205.802012491,9.6,1.0,96759.5,14.8950004578,20.2999992371,0.540000021458,1.15458452702,3.20527100563,19.2796859741,34.030042,108.7565335,34.0301742554,108.756202698,20.0,0.233940660861,-0.105053964924,-0.938840859599,-0.229811592064,-5.69432115555,1.89035463333,0.030038787052,-0.419983625412,-1.52147269249,3.44245004654,302.368497929
1029,205.99901228000002,9.4,3.0,96764.2421875,14.8970003128,20.5900001526,0.540000021458,0.242658361793,3.46914482117,19.29479599,34.0300445,108.7565214,34.0301742554,108.756202698,20.0,0.228026667762,-0.117515808115,-0.938239255483,-0.23216608361,-6.01724147797,2.25379729271,0.0676966160536,-3.40960383415,-1.81836557388,17.3242416382,306.729238714
1030,206.20100026100002,9.4,3.0,96758.75,14.8789997101,20.3099994659,0.540000021458,-0.97899633646,3.87604570389,19.3177604675,34.0300477,108.7565083,34.0301742554,108.756202698,20.0,0.210992802933,-0.113919443873,-0.942140367781,-0.234256230121,-6.34242248535,2.67652893066,0.000610979041084,-6.38444852829,0.0187115818262,18.8778991699,302.192476166
1031,206.403000641,9.4,3.0,96757.25,14.8789997101,19.7999992371,0.540000021458,-2.27272558212,4.36406469345,19.3366794586,34.0300517,108.7564945,34.0301742554,108.756202698,20.0,0.178798466449,-0.0993304413359,-0.949543588163,-0.237763817295,-6.58898067474,3.03198719025,0.00852691195905,-2.86765027046,-0.958399951458,8.28506469727,294.604182908
1032,206.59999208500003,9.4,3.0,96758.25,14.8809995651,18.7700004578,0.52999997139,-3.58356809616,4.89599132538,19.3709430695,34.0300565,108.7564798,34.0301742554,108.756202698,20.0,0.148116042787,-0.0802594164874,-0.95578924535,-0.241012833553,-6.69782733917,3.2642223835,0.0550943017006,-2.21700119972,1.90694320202,11.5760498047,279.316368649
1033,206.796992826,9.4,3.0,96754.5,14.8830003738,17.4599990845,0.52999997139,-4.92965364456,5.4707865715,19.408449173,34.0300617,108.7564648,34.0301742554,108.756202698,20.0,0.107744682954,-0.0576789157596,-0.961615583541,-0.245682072165,-6.7217092514,3.36470270157,0.0661921948194,-0.69520264864,-1.44943261147,5.5968132019,259.857172901
1034,206.99999456400002,8.4,8.0,96751.25,14.8920001984,16.5200004578,0.540000021458,-6.32347726822,6.08757734299,19.4448451996,34.0300673,108.7564496,34.0301742554,108.756202698,20.0,0.104552056545,-0.0537748031327,-0.961798585158,-0.247226248401,-6.66420888901,3.38377356529,0.111793592572,-1.56237006187,0.606318116188,5.06228208542,246.015850094
1035,207.20199351300002,8.4,8.0,96754.0,14.9139995575,15.6800003052,0.540000021458,-7.72070121765,6.72636699677,19.4897670746,34.0300731,108.7564345,34.0301742554,108.756202698,20.0,0.115146891811,-0.0584145257801,-0.960212093486,-0.247632206846,-6.64367103577,3.41722512245,0.0682481080294,-2.9880771637,0.43099039793,2.93495845795,233.851517613
1036,207.39899258600002,8.4,8.0,96750.7421875,14.9250001907,15.1400003433,0.540000021458,-9.09381389618,7.37068796158,19.5276298523,34.0300789,108.7564195,34.0301742554,108.756202698,20.0,0.111644954949,-0.0579836243034,-0.960714441773,-0.247388640208,-6.65166330338,3.48564505577,-0.0109648387879,-4.57526874542,-0.385026663542,12.9033241272,225.964508012
1037,207.60099344300002,8.4,8.0,96754.4921875,14.9399995804,14.3199996948,0.540000021458,-10.4974184036,8.05159950256,19.5577926636,34.0300848,108.7564046,34.0301742554,108.756202698,20.0,0.0799376187136,-0.0449672326366,-0.96497974499,-0.245768220323,-6.61497116089,3.51373624802,-0.0130542274565,-1.1005846262,1.52253425121,6.20083427429,213.940789432
1038,207.797995853,8.4,8.0,96753.5,14.9320001602,13.8400001526,0.52999997139,-11.8724536896,8.73681354523,19.5816268921,34.0300909,108.7563898,34.0301742554,108.756202698,20.0,0.0446937344927,-0.041608265129,-0.968073787286,-0.243113853951,-6.43901634216,3.51379132271,-0.106605961919,0.537824630737,-2.25911045074,-1.25842559338,206.658884496
1039,207.99999623300002,6.0,7.0,96751.25,14.9390001297,13.5900001526,0.52999997139,-13.1697740555,9.4063911438,19.6005153656,34.0300971,108.7563753,34.0301742554,108.756202698,20.0,0.0103358435404,-0.0323454875957,-0.969815927269,-0.241462329692,-6.17846727371,3.48728728294,-0.0658244118094,-3.31486773491,-5.51070642471,12.9634523392,203.021014042
1040,208.19699387600002,6.0,7.0,96755.5,14.9449996948,13.3900003433,0.52999997139,-14.4168453217,10.0703878403,19.6038131714,34.0301032,108.7563614,34.0301742554,108.756202698,20.0,0.00863968379334,-0.0224437934734,-0.970812868823,-0.238629892885,-5.86684513092,3.41489696503,-0.150633171201,-3.2038526535,-2.40081334114,14.7635269165,200.113551045
1041,208.399983692,6.0,7.0,96755.0,14.9499998093,13.4799995422,0.52999997139,-15.6703748703,10.7552671432,19.5958213806,34.0301092,108.7563482,34.0301742554,108.756202698,20.0,-0.000902063730323,-0.0078116714173,-0.971143595144,-0.238365842879,-5.57924795151,3.29421329498,-0.17100687325,-1.48824381828,-0.90054744482,3.65041518211,201.525990585
1042,208.60198717100002,6.0,7.0,96750.2421875,14.9499998093,13.6000003815,0.52999997139,-16.7739124298,11.3689870834,19.5765171051,34.030115,108.7563356,34.0301742554,108.756202698,20.0,-0.00951074061405,0.00347619303984,-0.970488506677,-0.240934651149,-5.33077001572,3.13299322128,-0.199726194143,-2.86988782883,1.18448138237,14.4774150848,203.320003109
1043,208.798987436,6.0,7.0,96758.5,14.9530000687,13.9600000381,0.52999997139,-17.8807640076,11.9878196716,19.5554466248,34.0301204,108.7563238,34.0301742554,108.756202698,20.0,-0.0200453394724,0.00658453036151,-0.970247806025,-0.241192884889,-5.03630399704,2.9587328434,-0.232616171241,-3.61523294449,-1.44025266171,9.38834667206,208.743881529
1044,209.00098567,3.5,354.0,96758.25,14.9580001831,14.0900001526,0.52999997139,-18.9211788177,12.5639657974,19.5308094025,34.0301257,108.7563126,34.0301742554,108.756202698,20.0,-0.0158844705493,0.00816736875749,-0.969982027999,-0.242519667681,-4.73732233047,2.73675584793,-0.279783517122,-3.33551168442,-1.91152524948,16.6801662445,210.758224862
1045,209.202987957,3.5,354.0,96751.2421875,14.954000473,14.3299999237,0.52999997139,-19.8859043121,13.1023511887,19.5008716583,34.0301305,108.7563022,34.0301742554,108.756202698,20.0,-0.0194107128071,0.0158205991406,-0.96979156639,-0.242646403254,-4.41126537323,2.50251531601,-0.228543937206,-3.34344339371,-1.51248049736,5.79267024994,214.290825638
1046,209.39998011600002,3.5,354.0,96755.75,14.954000473,14.529999733,0.52999997139,-20.7619476318,13.580242157,19.473115921,34.0301349,108.7562925,34.0301742554,108.756202698,20.0,-0.0274313632812,0.0138152469848,-0.969463326734,-0.243305495671,-4.09015893936,2.24149847031,-0.179905220866,-1.68045854568,-5.20460319519,17.2891921997,217.28162288
1047,209.596980381,3.5,354.0,96750.75,14.9650001526,14.5200004578,0.52999997139,-21.565694809,14.0036277771,19.4584579468,34.0301388,108.7562835,34.0301742554,108.756202698,20.0,-0.0268338013117,0.0105555978671,-0.969139133175,-0.244822360749,-3.68727636337,1.94260203838,-0.141768872738,-1.9642124176,-1.5530154705,8.89353275299,217.291809066
1048,209.799973297,3.5,354.0,96752.25,14.9600000381,14.5399999619,0.52999997139,-22.3203258514,14.3834753036,19.441116333,34.0301422,108.7562752,34.0301742554,108.756202698,20.0,-0.0130470972923,0.00430632494137,-0.969132600414,-0.246156940707,-3.44993185997,1.73321437836,-0.121730946004,0.999056220055,1.47168982029,1.44259393215,217.518399984
1049,209.996968794,2.0,323.0,96757.4921875,14.954000473,14.6599998474,0.52999997139,-23.0090351105,14.7163009644,19.4272537231,34.0301451,108.7562676,34.0301742554,108.756202698,20.0,-0.0144229465884,0.000474973909294,-0.968546590632,-0.248413651564,-3.17440962791,1.5279302597,-0.152837410569,-2.45926237106,-1.03619980812,5.11647176743,219.225644653
1050,210.19895820600001,2.0,323.0,96764.0,14.9499998093,14.779999733,0.52999997139,-23.6238193512,14.9962053299,19.4142417908,34.0301476,108.7562607,34.0301742554,108.756202698,20.0,-0.00928435466185,-0.00732636634409,-0.967922480099,-0.250970447982,-2.9182870388,1.35666275024,-0.142630264163,0.913259863853,-2.67572975159,10.3776388168,220.960993189
1051,210.400958347,2.0,323.0,96770.4921875,14.9440002441,15.0100002289,0.52999997139,-24.1944713593,15.2400360107,19.3891429901,34.0301497,108.7562544,34.0301742554,108.756202698,20.0,-0.00274700053558,-0.0176479016057,-0.966954746311,-0.254321670347,-2.66392922401,1.21429526806,-0.141641914845,-1.51248383522,0.785428166389,11.3797702789,224.309447085
1052,210.597955036,2.0,323.0,96767.0,14.9490003586,15.2600002289,0.540000021458,-24.7131290436,15.4551029205,19.3483428955,34.0301515,108.7562485,34.0301742554,108.756202698,20.0,-0.00318529746705,-0.0191380890456,-0.966160446804,-0.257211089694,-2.43779921532,1.11610686779,-0.13411834836,0.685168147087,-2.08707118034,6.4167175293,228.121748894
1053,210.79995112400002,2.0,323.0,96777.5,14.9499998093,15.5500001907,0.52999997139,-25.1707859039,15.6370916367,19.3014984131,34.0301532,108.7562432,34.0301742554,108.756202698,20.0,-0.00331785918378,-0.0211893820895,-0.964918737426,-0.261671385305,-2.1963956356,1.02104747295,-0.106246426702,-2.2478723526,-3.41549921036,18.1738929749,232.472499886
1054,211.00194101300002,1.4,241.0,96767.75,14.9320001602,15.9300003052,0.52999997139,-25.5804386139,15.7995491028,19.2432556152,34.0301546,108.7562386,34.0301742554,108.756202698,20.0,0.00635311255304,-0.0272529721351,-0.964264829072,-0.263458369535,-1.96568632126,0.958203196526,-0.0526553243399,-0.409121543169,-1.2809779644,14.5664272308,237.866767109
1055,211.198940802,1.4,241.0,96775.25,14.9250001907,16.1499996185,0.52999997139,-25.9507808685,15.9483108521,19.1893863678,34.0301559,108.7562343,34.0301742554,108.756202698,20.0,0.0112498670976,-0.0246728138506,-0.963775799188,-0.265331923392,-1.76724267006,0.885566174984,-0.0192685965449,-0.0289233867079,-0.199179977179,4.95770931244,241.038747387
1056,211.401945162,1.4,241.0,96773.25,14.9329996109,16.3999996185,0.540000021458,-26.2872047424,16.0751361847,19.142206192,34.030157,108.7562304,34.0301742554,108.756202698,20.0,0.0167174299117,-0.0238640398645,-0.962069926568,-0.271242365619,-1.58981847763,0.826264083385,0.03824198246,-0.134352535009,-0.523861885071,7.07875394821,244.901187922
1057,211.59894280400002,1.4,241.0,96768.4921875,14.9309997559,16.6599998474,0.540000021458,-26.5851573944,16.1797103882,19.0970497131,34.030158,108.7562268,34.0301742554,108.756202698,20.0,0.0182104151779,-0.0268202998322,-0.959104748262,-0.281189000794,-1.4435325861,0.767198085785,0.0856814160943,0.469781726599,1.24162304401,1.61892092228,248.750453654
1058,211.80093698500002,1.4,241.0,96773.0,14.9320001602,16.8899993896,0.540000021458,-26.8590602875,16.2757492065,19.0667953491,34.0301589,108.7562236,34.0301742554,108.756202698,20.0,0.0222515235017,-0.0334137580816,-0.954870359759,-0.294297661132,-1.29781663418,0.718927800655,0.0941058397293,0.441725343466,1.39179265499,6.60251379013,252.201473592
1059,211.99793701200002,2.9,118.0,96772.0,14.920999527,17.3600006104,0.52999997139,-27.1053638458,16.365146637,19.0490283966,34.0301597,108.7562207,34.0301589966,108.756958008,20.0,0.023701156783,-0.034047306545,-0.952578561651,-0.301451941153,-1.15931808949,0.689670443535,0.192260667682,-1.04810106754,-0.212420612574,20.1005897522,259.028560895
1060,212.19993095400002,2.9,118.0,96770.4921875,14.9180002213,17.4099998474,0.540000021458,-27.3211421967,16.4378852844,19.0447177887,34.0301604,108.7562179,34.0301589966,108.756958008,20.0,0.00751462108754,-0.038279120468,-0.936001342121,-0.349828367828,-1.01824069023,0.649382412434,0.218730449677,0.189617007971,-1.01077711582,6.03621912003,259.722381576
1061,212.401919889,2.9,118.0,96768.7421875,14.9149999619,17.5200004578,0.540000021458,-27.5049591064,16.499994278,19.0474433899,34.0301611,108.7562155,34.0301589966,108.756958008,20.0,-0.0325326163103,-0.0559599499576,-0.905251085741,-0.41991739679,-0.769834339619,0.589221417904,0.20840510726,-0.672115921974,0.192803159356,9.02742862701,261.310806159
1062,212.59891371700002,2.9,118.0,96772.75,14.9139995575,17.6800003052,0.540000021458,-27.6291770935,16.5540409088,19.0537185669,34.0301618,108.7562136,34.0301589966,108.756958008,20.0,-0.0676974534583,-0.0842514290011,-0.865643036944,-0.488856786165,-0.371504455805,0.530905306339,0.173453912139,-2.89735174179,-1.85943579674,13.8590097427,263.679516728
1063,212.796912956,2.9,118.0,96770.2421875,14.9119997025,17.9200000763,0.52999997139,-27.6663742065,16.6013031006,19.0609130859,34.0301623,108.7562125,34.0301589966,108.756958008,20.0,-0.0794839500362,-0.102525782265,-0.820508092778,-0.556720177034,0.154817804694,0.475387990475,0.176333144307,0.308815777302,1.26705014706,10.7403650284,267.223035806
1064,212.99890928300002,7.5,19.0,96769.7421875,14.8859996796,18.0300006866,0.52999997139,-27.6099376678,16.6402854919,19.0625419617,34.0301627,108.7562123,34.0301589966,108.756958008,20.0,-0.0673864571315,-0.106840259,-0.771494716586,-0.623570436691,0.671921610832,0.422262817621,0.19019523263,-0.356498837471,0.173360794783,10.1553001404,268.394584444
1065,213.200907516,7.5,19.0,96772.75,14.8859996796,18.1100006104,0.52999997139,-27.463476181,16.6729621887,19.0720043182,34.0301631,108.7562133,34.0301589966,108.756958008,20.0,-0.0567223640567,-0.115376852919,-0.716517843187,-0.685618624039,1.13363146782,0.380185902119,0.195837706327,-0.122684143484,-1.42252993584,11.5555505753,269.585463283
1066,213.402909088,7.5,19.0,96775.9921875,14.8870000839,18.0,0.52999997139,-27.2282104492,16.7002067566,19.0817546844,34.0301634,108.7562154,34.0301589966,108.756958008,20.0,-0.0487508065939,-0.116863401242,-0.656157284141,-0.743924692807,1.57632613182,0.338465303183,0.221410647035,0.142071425915,-1.7031263113,11.7856616974,267.966001511
1067,213.59990935300002,7.5,19.0,96770.2421875,14.8979997635,18.2000007629,0.52999997139,-26.9127826691,16.7105636597,19.0895996094,34.0301635,108.7562186,34.0301589966,108.756958008,20.0,-0.0389552309922,-0.119547086016,-0.593706101798,-0.794798220158,1.95290386677,0.308659404516,0.172284513712,-3.02965402603,-0.184520468116,13.172162056,271.143607062
1068,213.801911163,7.5,19.0,96763.4921875,14.8809995651,18.1599998474,0.52999997139,-26.5169181824,16.7049160004,19.1011238098,34.0301635,108.7562226,34.0301589966,108.756958008,20.0,-0.0278280994688,-0.12631627555,-0.52643080698,-0.840321695048,2.3266351223,0.259447216988,0.231286555529,-1.99275004864,0.859236836433,15.0084877014,270.238949832
1069,213.999911118,9.1,15.0,96761.75,14.8819999695,18.0300006866,0.52999997139,-26.0352020264,16.6915302277,19.1232261658,34.0301634,108.7562276,34.0301589966,108.756958008,20.0,-0.02264862584,-0.130885041344,-0.456649197131,-0.879674713264,2.68184971809,0.222617864609,0.269268453121,-0.626143872738,-1.50258898735,10.6273069382,268.322469668
1070,214.201909113,9.1,15.0,96765.25,14.8959999084,17.5300006866,0.540000021458,-25.4719696045,16.6619853973,19.1573009491,34.0301633,108.7562333,34.0301589966,108.756958008,20.0,-0.00817812180149,-0.138369821145,-0.382072940722,-0.913677800192,3.00101232529,0.185186579823,0.268287748098,0.542012989521,0.980822145939,5.95707654953,261.126888623
1071,214.398908186,9.1,15.0,96762.7421875,14.904999733,17.2700004578,0.540000021458,-24.8561134338,16.626947403,19.1973495483,34.030163,108.7562398,34.0301589966,108.756958008,20.0,-0.00225192192101,-0.149598357986,-0.305411258249,-0.94039319125,3.310567379,0.169271871448,0.240498289466,-2.60803794861,-0.43115913868,18.877784729,257.409352211
1072,214.60089378400002,9.1,15.0,96769.2421875,14.890999794,17.0100002289,0.52999997139,-24.14985466,16.5899505615,19.2320346832,34.0301626,108.7562471,34.0301589966,108.756958008,20.0,0.00390314061525,-0.165521542721,-0.225356712324,-0.960105166931,3.67745494843,0.161360353231,0.258063226938,-0.159603625536,0.507098674774,0.522216200829,253.295909904
1073,214.80289583200002,9.1,15.0,96767.25,14.8940000534,16.7999992371,0.52999997139,-23.3610076904,16.5421695709,19.2651519775,34.0301622,108.756255,34.0301589966,108.756958008,20.0,0.0132480399659,-0.179774242383,-0.14706405218,-0.972562595239,4.05789756775,0.15913246572,0.225011855364,-0.959125936031,-1.0406421423,10.8783512115,250.219189534
1074,214.999891329,7.3,16.0,96765.25,14.8920001984,16.9500007629,0.52999997139,-22.5123577118,16.4863491058,19.2830924988,34.0301619,108.7562636,34.0301589966,108.756958008,20.0,0.0270927686711,-0.191981892662,-0.0754533112529,-0.978118519251,4.46466684341,0.16401642561,0.171162948012,1.45801258087,0.455103695393,-0.116563893855,252.419414724
1075,215.20188550900002,7.3,16.0,96761.5,14.888999939,17.3199996948,0.52999997139,-21.587638855,16.442527771,19.2949028015,34.0301615,108.7562732,34.0301589966,108.756958008,20.0,0.0420918468736,-0.199841874246,-0.00704796459539,-0.978898320242,4.90595197678,0.204345032573,0.124116577208,0.825830519199,-0.0361234843731,2.66712927818,257.877474399
1076,215.37887744900002,7.3,16.0,96761.5078125,14.8699998856,17.6700000763,0.519999980927,-20.5523757935,16.4146060944,19.3111915588,34.0301613,108.7562836,34.0301589966,108.756958008,20.0,0.0616861854325,-0.200646399632,0.0089183574386,-0.977679096208,5.33355855942,0.306845486164,0.153262734413,0.249574378133,2.90707969666,0.845764875412,262.752899112
1077,215.60186843900001,7.3,16.0,96759.5,14.8739995956,17.8799991608,0.519999980927,-19.4665565491,16.4050807953,19.328874588,34.0301612,108.756295,34.0301589966,108.756958008,20.0,0.0594676016686,-0.212077336176,0.00104975155586,-0.975441309286,5.7528591156,0.425707101822,0.0910868570209,-4.02024888992,-0.146565213799,18.5936946869,265.947100287
1078,215.798868465,7.3,16.0,96759.25,14.8710002899,17.8799991608,0.519999980927,-18.2679042816,16.4226036072,19.3453731537,34.0301615,108.7563073,34.0301589966,108.756958008,20.0,0.0482513559024,-0.212324443149,-0.00751769122204,-0.97597834443,6.1674785614,0.527075350285,0.0514414049685,-3.35186576843,2.53871798515,12.6323041916,265.893472703
1079,216.000871706,5.7,19.0,96756.0,14.8690004349,17.5599994659,0.519999980927,-16.9866333008,16.4597072601,19.3651599884,34.0301619,108.7563204,34.0301589966,108.756958008,20.0,0.0356640994958,-0.189683129787,-0.0146025343099,-0.981088776253,6.55914640427,0.570599555969,0.0918139442801,-1.68722724915,2.34195685387,6.31496906281,261.099639696
1080,216.202869701,5.7,19.0,96759.5,14.8690004349,16.7299995422,0.52999997139,-15.6758041382,16.5100898743,19.3900279999,34.0301624,108.7563344,34.0301589966,108.756958008,20.0,0.0313237380108,-0.163993292725,-0.0201252466045,-0.985758604921,6.83599042892,0.62040156126,0.114742234349,-2.21541953087,1.83081793785,6.8015961647,248.758370469
1081,216.399868536,5.7,19.0,96762.5,14.8879995346,16.0300006866,0.519999980927,-14.2891950607,16.5709533691,19.4136047363,34.0301629,108.7563493,34.0301589966,108.756958008,20.0,0.0212507623889,-0.139047168416,-0.0211664002033,-0.989831465627,6.98663902283,0.615234553814,0.0469128973782,-1.17969298363,2.27996253967,5.61416053772,238.654642763
1082,216.601862001,5.7,19.0,96757.4921875,14.8879995346,15.5200004578,0.52999997139,-12.8624858856,16.6306114197,19.4321212769,34.0301637,108.7563645,34.0301589966,108.756958008,20.0,0.014612849751,-0.112022498515,-0.0206474882044,-0.993383686313,7.0765619278,0.577019751072,-0.0203409660608,-1.51244950294,-1.72751200199,9.85740947723,231.061759592
1083,216.798847246,5.7,19.0,96756.9921875,14.9020004272,15.0100002289,0.519999980927,-11.453868866,16.6897010803,19.450843811,34.0301644,108.7563799,34.0301589966,108.756958008,20.0,0.00965049297826,-0.0965686689885,-0.0181054431833,-0.995114910262,7.08095693588,0.552816331387,0.0335643440485,1.11362838745,-3.99874424934,4.85018157959,223.679029824
1084,216.99584941900002,4.2,27.0,96751.75,14.8979997635,14.7100000381,0.519999980927,-10.0302972794,16.744726181,19.468170166,34.030165,108.7563955,34.0301589966,108.756958008,20.0,0.00933932542989,-0.110288708877,-0.0145104855927,-0.993749858133,7.0838637352,0.480278909206,-0.00728036137298,-3.90393614769,0.552541792393,7.37157583237,219.149577089
1085,217.19884638800002,4.2,27.0,96752.75,14.9060001373,14.5399999619,0.52999997139,-8.55910491943,16.7945785522,19.4773101807,34.0301655,108.756411,34.0301589966,108.756958008,20.0,0.00881953888391,-0.113035408457,-0.0100632765784,-0.993500896699,7.1180639267,0.431940823793,-0.0719068497419,-5.61159038544,-0.311505943537,23.4376716614,216.733241428
1086,217.40084295300002,4.2,27.0,96754.5,14.9160003662,14.6000003815,0.52999997139,-7.07666254044,16.8395938873,19.4811859131,34.030166,108.7564266,34.0301589966,108.756958008,20.0,0.00592572046009,-0.117861617739,-0.00539846338521,-0.992997747621,7.15846538544,0.383411198854,-0.0474412217736,-1.01128780842,4.0848608017,3.09876012802,217.773611037
1087,217.60283618000003,4.2,27.0,96760.0,14.9250001907,14.3500003815,0.52999997139,-5.61998558044,16.875617981,19.4905872345,34.0301663,108.7564423,34.0301589966,108.756958008,20.0,0.00400051037203,-0.112422466839,-0.000717086480564,-0.993652246032,7.22981786728,0.316201388836,-0.0159513428807,-6.73638629913,-1.31901955605,16.1145477295,214.17375843
1088,217.79983573,4.2,27.0,96758.75,14.9379997253,14.0699996948,0.52999997139,-4.11706209183,16.9033069611,19.5002803802,34.0301665,108.756458,34.0301589966,108.756958008,20.0,0.00166349396388,-0.119893232814,0.0033694298042,-0.99277976412,7.27680206299,0.275670588017,-0.0133528700098,-0.770279526711,-0.566813707352,8.53519248962,210.177651577
1089,217.996835518,3.7,34.0,96760.7578125,14.9420003891,13.9300003052,0.52999997139,-2.60995125771,16.9178314209,19.4970359802,34.0301667,108.7564738,34.0301589966,108.756958008,20.0,0.00191274515761,-0.121108953391,0.00679672723141,-0.992614127006,7.3366189003,0.217809334397,-0.0504821389914,-2.86292719841,-2.36842656136,14.5236597061,208.14206998
1090,218.198837566,3.7,34.0,96756.4921875,14.9569997787,13.8599996567,0.52999997139,-1.13223278522,16.9192562103,19.4870128632,34.0301668,108.7564898,34.0301589966,108.756958008,20.0,-0.00117722469918,-0.116165691775,0.00833829036255,-0.993194151935,7.39374399185,0.153378844261,-0.107538767159,-3.50152754784,1.96044039726,15.0062160492,207.304011798
1091,218.400827217,3.7,34.0,96761.0,14.9519996643,13.8900003433,0.52999997139,0.389019340277,16.9105358124,19.479719162,34.0301669,108.7565059,34.0301589966,108.756958008,20.0,0.00622066937432,-0.109849443885,0.00889905418198,-0.993888942733,7.4324464798,0.0956451296806,-0.0369978360832,-0.931186020374,-1.59895348549,5.63918828964,207.683280471
1092,218.598828125,3.7,34.0,96756.4921875,14.9630002975,13.6599998474,0.52999997139,1.91495001316,16.9007549286,19.4694385529,34.0301667,108.7565221,34.0301589966,108.756958008,20.0,0.00678807659076,-0.107508349769,0.0100488202094,-0.994130275587,7.46012067795,0.0729862973094,-0.0306550934911,-1.80729794502,2.22838258743,13.7141084671,204.394581781
1093,218.80082731200002,3.7,34.0,96760.75,14.9639997482,13.5699996948,0.540000021458,3.40772843361,16.8807353973,19.4611682892,34.0301667,108.7565383,34.0301589966,108.756958008,20.0,0.00485775619731,-0.105105879305,0.0111543741927,-0.994386654867,7.4820895195,0.0303983408958,-0.0366079285741,0.192457124591,3.63950872421,2.9042494297,203.061472017
1094,219.002822447,6.0,4.0,96755.75,14.9650001526,13.5500001907,0.540000021458,4.90177869797,16.8596954346,19.4566040039,34.0301666,108.7565546,34.0301589966,108.756958008,20.0,0.00466074075395,-0.10621412015,0.0120786967273,-0.994259076356,7.48609209061,0.0236166901886,-0.0628447830677,-1.04735898972,0.765619754791,5.39310121536,202.775754922
1095,219.19981961300002,6.0,4.0,96760.0,14.9779996872,13.4099998474,0.540000021458,6.43776226044,16.8361911774,19.452123642,34.0301663,108.756571,34.0301589966,108.756958008,20.0,0.00390208694404,-0.108772180973,0.0128941960992,-0.993975470213,7.50491666794,0.0032201227732,-0.0851116254926,-3.66386914253,-3.87284302711,13.9668397903,200.85497352
1096,219.39681534800002,6.0,4.0,96762.75,14.9739999771,13.4600000381,0.540000021458,7.97941970825,16.8042602539,19.4474105835,34.0301661,108.7565874,34.0301589966,108.756958008,20.0,0.00597912051715,-0.107494009304,0.0127424252977,-0.99410616759,7.53845357895,-0.0388291925192,-0.0744318589568,-2.41385483742,-1.85847389698,6.74605035782,201.550040263
1097,219.598807144,6.0,4.0,96757.75,14.9759998322,13.4499998093,0.540000021458,9.4886341095,16.7689933777,19.4397640228,34.0301659,108.7566039,34.0301589966,108.756958008,20.0,0.00872574107255,-0.108112698698,0.0132413175435,-0.994012222265,7.54813814163,-0.0393038392067,-0.0373444110155,-0.618513762951,0.933620691299,5.31291055679,201.427194886
1098,219.80080156300002,6.0,4.0,96756.0,14.9829998016,13.5799999237,0.540000021458,11.0452203751,16.7369709015,19.4317054749,34.0301657,108.7566203,34.0301589966,108.756958008,20.0,0.00898226259766,-0.10762749891,0.0134317370051,-0.994060016791,7.57485628128,-0.065800845623,-0.0578762292862,-1.31406354904,-3.94966053963,6.40641403198,203.469136163
1099,219.99880604700002,9.4,7.0,96762.5,14.9790000916,13.470000267,0.52999997139,12.5616502762,16.7098255157,19.4252319336,34.0301656,108.7566369,34.0301589966,108.756958008,20.0,0.00896011969712,-0.109505451844,0.0128225043099,-0.993863148861,7.60361862183,-0.0473677255213,-0.0750581473112,-3.06574463844,-0.0362673252821,20.0211200714,201.767135233
1100,220.200799751,9.4,7.0,96760.5,14.9670000076,13.5100002289,0.52999997139,14.1237430573,16.6841640472,19.4208812714,34.0301654,108.7566536,34.0301589966,108.756958008,20.0,0.0114053428705,-0.105823998383,0.0144030954227,-0.99421515934,7.60742378235,-0.0479888133705,-0.0323467776179,-3.78616380692,3.24649739265,6.0783457756,202.204173529
1101,220.40279750800002,9.4,7.0,96760.5,14.9729995728,13.4099998474,0.540000021458,15.6530389786,16.6643943787,19.4139785767,34.0301652,108.7566703,34.0301589966,108.756958008,20.0,0.00445899432684,-0.108232111257,0.0154850471708,-0.993995110644,7.64740085602,-0.0386783890426,-0.0348775200546,-1.8833271265,3.90448760986,9.51490402222,200.787921986
1102,220.599789429,9.4,7.0,96761.5,14.9759998322,13.5,0.52999997139,17.2287521362,16.643825531,19.4047851563,34.0301652,108.756687,34.0301589966,108.756958008,20.0,0.00365539090299,-0.106871168445,0.0152455687776,-0.994149283816,7.66979026794,-0.0399865470827,-0.0605344511569,-0.7411647439,0.875128567219,7.54576063156,202.175997734
1103,220.801794577,9.4,7.0,96757.4921875,14.9729995728,13.4799995422,0.52999997139,18.8056812286,16.6270523071,19.402130127,34.0301652,108.7567038,34.0301589966,108.756958008,20.0,0.00177028880965,-0.107491095903,0.0150622299866,-0.994090362522,7.67040967941,-0.0600257255137,-0.02154549025,-2.40222549438,-3.67046403885,17.1394882202,201.836027387
1104,220.99879555700002,10.3,12.0,96757.25,14.9630002975,13.4600000381,0.52999997139,20.3820209503,16.6186218262,19.4020957947,34.0301652,108.7567206,34.0301589966,108.756958008,20.0,0.0030961812486,-0.0985666851232,0.0144381194538,-0.995020880643,7.66201734543,-0.0707886889577,-0.0503030046821,-3.86752581596,1.55889892578,13.2552289963,201.401984576
1105,221.20078949900002,10.3,12.0,96758.75,14.9750003815,13.3000001907,0.52999997139,21.9138679504,16.6096973419,19.4019165039,34.0301652,108.7567376,34.0301589966,108.756958008,20.0,0.000907532283917,-0.0564222389826,0.0147547265798,-0.998297545234,7.59160423279,-0.078527264297,-0.0909807682037,-3.80074524879,-0.583867907524,16.5196342468,199.16750793
1106,221.403785515,10.3,12.0,96754.75,14.9709997177,13.3500003815,0.52999997139,23.4252700806,16.6002063751,19.4055767059,34.0301652,108.7567544,34.0301589966,108.756958008,20.0,-0.00121290395121,-0.00147730057792,0.0139930065867,-0.999900347736,7.36618185043,-0.102002650499,-0.0241348166019,-3.95985651016,5.64452838898,8.25159168243,199.862851942
1107,221.600783873,10.3,12.0,96759.0,14.968000412,13.220000267,0.52999997139,24.9211845398,16.5830154419,19.4172306061,34.0301651,108.7567708,34.0301589966,108.756958008,20.0,0.00122212294665,0.0179224165424,0.0108732125662,-0.999779554868,7.01126289368,-0.145164549351,0.00743416463956,0.498265504837,-0.516231417656,7.35322284698,197.876969443
1108,221.802776384,10.3,12.0,96763.25,14.9619998932,13.2600002289,0.52999997139,26.3565330505,16.5663299561,19.4226818085,34.0301649,108.7567866,34.0301589966,108.756958008,20.0,0.00263911316447,0.0185377052129,0.0106295194881,-0.999768175219,6.64782047272,-0.14229555428,-0.0941027700901,-2.54804992676,-4.62558746338,1.34930503368,198.396122008
1109,221.99976711300002,8.8,11.0,96759.0,14.9630002975,13.4099998474,0.52999997139,27.6966819763,16.5449523926,19.4187488556,34.0301648,108.7568017,34.0301589966,108.756958008,20.0,0.00148611302502,0.0224721918882,0.0118878136504,-0.999675662886,6.28117370605,-0.165837481618,-0.108867429197,2.72942447662,1.70807003975,0.858108043671,200.653831707
1110,222.19676022500002,8.8,11.0,96761.2421875,14.9689998627,13.5200004578,0.52999997139,29.0033359528,16.5194263458,19.4069404602,34.0301645,108.7568158,34.0301589966,108.756958008,20.0,0.00343351869718,0.0249860274967,0.0121546453484,-0.999608017195,5.91771650314,-0.173018634319,-0.168630391359,0.363784611225,-1.50014531612,14.5744791031,202.380884996
1111,222.39875679000002,8.8,11.0,96757.4921875,14.9790000916,13.8800001144,0.540000021458,30.3869800568,16.4803848267,19.3933162689,34.0301642,108.7568293,34.0301589966,108.756958008,20.0,0.0044123180092,0.0281217036351,0.0117188890816,-0.999526125868,5.55232667923,-0.193050548434,-0.192025899887,-2.35776758194,-0.640650272369,7.12526035309,207.908522985
1112,222.600748825,8.8,11.0,96755.9921875,14.982000351,14.220000267,0.540000021458,31.3937950134,16.4424057007,19.3746185303,34.0301638,108.7568417,34.0301589966,108.756958008,20.0,0.00503944994415,0.0323775738597,0.0114411834968,-0.999397535833,5.14913225174,-0.211867675185,-0.184366285801,-0.0819684863091,-0.40301066637,3.43226408958,213.044048991
1113,222.797736216,8.8,11.0,96759.75,14.982000351,14.6099996567,0.540000021458,32.4103050232,16.3950309753,19.3514251709,34.0301635,108.7568534,34.0301589966,108.756958008,20.0,0.0112954186212,0.0337688558171,0.0107278902326,-0.999308268808,4.76934623718,-0.22994145751,-0.209117174149,-0.234986141324,0.933233976364,6.82718324661,218.887019984
1114,223.00073366200002,6.4,20.0,96764.75,14.9639997482,14.970000267,0.540000021458,33.3937149048,16.3437633514,19.327003479,34.0301631,108.7568642,34.0301589966,108.756958008,20.0,0.016932729514,0.0326042422452,0.00756375772746,-0.999296299103,4.36896514893,-0.225068867207,-0.158506691456,-1.27035903931,-2.05244231224,9.38639068604,224.011080227
1115,223.202732372,6.4,20.0,96769.2421875,14.9650001526,15.4399995804,0.540000021458,34.2779121399,16.2935600281,19.3032131195,34.0301626,108.7568739,34.0301589966,108.756958008,20.0,0.0222839587944,0.0340533700936,0.00391923544303,-0.999163873705,4.01880311966,-0.215100809932,-0.148316293955,-4.44213867188,0.717851161957,20.5067996979,231.059596076
1116,223.399730968,6.4,20.0,96767.7421875,14.9580001831,15.8100004196,0.540000021458,35.1181907654,16.2432079315,19.2692012787,34.0301623,108.7568829,34.0301589966,108.756958008,20.0,0.0281844681951,0.0336950026847,0.00212955381471,-0.999032417684,3.65063714981,-0.173615172505,-0.176557272673,-1.71088337898,-0.333296656609,10.3543996811,236.485989172
1117,223.60172729500002,6.4,20.0,96769.5,14.9449996948,16.3899993896,0.52999997139,35.8237686157,16.2113990784,19.2311534882,34.0301622,108.7568911,34.0301589966,108.756958008,20.0,0.0217306009665,0.0312217775403,0.00166117588721,-0.999274888504,3.29868507385,-0.131031483412,-0.122836649418,-2.2620651722,0.555434882641,8.1920671463,244.948535876
1118,223.798730183,6.4,20.0,96771.75,14.9280004501,16.9400005341,0.52999997139,36.4925422668,16.1919174194,19.1924037933,34.030162,108.7568985,34.0301589966,108.756958008,20.0,0.0233980791246,0.0292755611995,0.00413523804165,-0.999288923405,2.97520208359,-0.0844277068973,-0.111709550023,-1.40398240089,0.564818620682,7.11745214462,252.880335598
1119,224.00072126400002,5.0,23.0,96768.0,14.9139995575,17.2099990845,0.52999997139,37.0751190186,16.1832904816,19.1575489044,34.0301621,108.7569051,34.0301589966,108.756958008,20.0,0.0152359563327,0.0231381749857,0.00691853162361,-0.99959229642,2.66592264175,-0.046448327601,-0.0670684352517,0.959721803665,0.768159151077,-0.964670419693,256.66991873
1120,224.202720451,5.0,23.0,96766.25,14.9090003967,17.4799995422,0.52999997139,37.6106376648,16.1874141693,19.1326465607,34.0301623,108.7569111,34.0301589966,108.756958008,20.0,0.0136903112134,0.0202222574545,0.0110302517238,-0.99964097603,2.39492750168,-0.015308718197,-0.0249621178955,-2.79943823814,-1.31787264347,14.4886407852,260.60932011
1121,224.40071802100002,5.0,23.0,96763.7421875,14.906999588,17.6800003052,0.52999997139,38.0841903687,16.202091217,19.1236419678,34.0301625,108.7569163,34.0301589966,108.756958008,20.0,0.00951692566406,0.0166400986764,0.0157084254679,-0.999692858801,2.13186120987,0.00926855113357,0.024082923308,-1.57543599606,0.811870157719,9.83619213104,263.555757265
1122,224.602711725,5.0,23.0,96768.7421875,14.892999649,17.6100006104,0.52999997139,38.4918174744,16.2273406982,19.1205883026,34.030163,108.7569209,34.0301589966,108.756958008,20.0,0.00458312469824,0.0147151743967,0.0216637751625,-0.999646581561,1.91736769676,0.0348413102329,0.016025532037,-3.43090581894,0.276686131954,17.5648765564,262.26573291
1123,224.79970603,5.0,23.0,96768.4921875,14.8830003738,17.75,0.519999980927,38.8666152954,16.2665271759,19.1229896545,34.0301634,108.7569251,34.0301589966,108.756958008,20.0,0.00354152197212,0.00999891965781,0.0307494134429,-0.99947087135,1.68206369877,0.0401388034225,0.0898878276348,-2.46983981133,0.118651308119,10.1533880234,264.173256636
1124,225.00170283300002,4.0,25.0,96773.25,14.8660001755,17.6800003052,0.519999980927,39.1725921631,16.311580658,19.1280975342,34.0301639,108.7569288,34.0301589966,108.756958008,20.0,-0.0010466916288,0.00694853655775,0.0444621856338,-0.998986393326,1.50989103317,0.0493891723454,0.0689130276442,1.06686007977,-0.252093613148,-0.501958847046,262.830887639
1125,225.198704052,4.0,25.0,96769.3984375,14.8599996567,17.9200000763,0.519999980927,39.455745697,16.3641872406,19.1370391846,34.0301645,108.756932,34.0300216675,108.75655365,20.0,-0.0095098007064,0.00483176953712,0.0598132901201,-0.998152602222,1.33227193356,0.0544954538345,0.071843020618,-0.258406668901,1.3531242609,12.4052457809,266.291194981
1126,225.400702286,4.0,25.0,96767.25,14.8439998627,18.1499996185,0.519999980927,39.7006263733,16.4168758392,19.1505355835,34.0301651,108.7569348,34.0300216675,108.75655365,20.0,-0.0372250883729,0.0202969410115,0.123840675035,-0.991395956643,1.1377235651,-0.017526216805,0.0845435261726,1.24537730217,0.617465257645,6.5851111412,269.418591845
1127,225.59769301400001,4.0,25.0,96769.2421875,14.8479995728,18.2199993134,0.519999980927,39.8818664551,16.448928833,19.1686935425,34.0301656,108.7569373,34.0300216675,108.75655365,20.0,-0.0767926063897,0.0554154087236,0.200242374674,-0.975158967548,0.834173619747,-0.157367393374,0.104705929756,0.491401612759,-0.344969511032,10.0465097427,270.53054202
1128,225.800685453,4.0,25.0,96763.5,14.8470001221,18.3999996185,0.519999980927,39.9983558655,16.452796936,19.1875171661,34.0301659,108.7569392,34.0300216675,108.75655365,20.0,-0.098034622649,0.0887161032743,0.280249104999,-0.950778237943,0.384890764952,-0.362550884485,0.0825968161225,-0.497110456228,1.35644757748,10.6924972534,273.184796582
1129,226.002683926,2.4,30.0,96766.5,14.8500003815,18.5900001526,0.519999980927,40.0274238586,16.4215679169,19.2085323334,34.0301658,108.7569402,34.0300216675,108.75655365,20.0,-0.108205304544,0.084851306413,0.359697958564,-0.922880964959,-0.133916288614,-0.564354479313,0.070326320827,1.14898574352,-2.03552532196,7.3773598671,276.061509357
1130,226.199678707,2.4,30.0,96764.2421875,14.8540000916,18.7000007629,0.519999980927,39.9664840698,16.3579788208,19.2339744568,34.0301655,108.7569402,34.0300216675,108.75655365,20.0,-0.11227131507,0.0688803073959,0.436284535353,-0.890116068147,-0.617090165615,-0.75713121891,0.095060415566,-2.00453591347,0.223954617977,16.2839393616,277.769813045
1131,226.376676846,2.4,30.0,96765.9921875,14.8540000916,18.6800003052,0.519999980927,39.8214950562,16.2588119507,19.256362915,34.0301648,108.7569388,34.0300216675,108.75655365,20.0,-0.118503819806,0.0575696553232,0.501821989167,-0.854878573784,-1.02653598785,-0.957569122314,0.0684759616852,0.271260142326,-0.428462207317,9.77637004852,277.472726243
1132,226.59867625200002,2.4,30.0,96766.75,14.8509998322,18.4099998474,0.519999980927,39.5881996155,16.1260623932,19.2785758972,34.0301637,108.7569365,34.0300216675,108.75655365,20.0,-0.120554327206,0.046401172473,0.579732672423,-0.804502089486,-1.41280281544,-1.13672375679,0.0453432202339,-2.93569755554,0.231849998236,13.878663063,273.406904644
1133,226.80067472500002,2.4,30.0,96755.9921875,14.8489999771,18.3299999237,0.52999997139,39.2602081299,15.9557313919,19.2963447571,34.0301624,108.7569334,34.0300216675,108.75655365,20.0,-0.122391089499,0.0426933113778,0.646104228174,-0.752161641073,-1.82525980473,-1.29551827908,0.0811092481017,0.725982010365,-0.289938211441,10.4988212585,272.182168448
1134,226.99767379800002,4.3,28.0,96770.7421875,14.8629999161,18.4200000763,0.519999980927,38.8465766907,15.7621965408,19.3091716766,34.0301608,108.7569293,34.0300216675,108.75655365,20.0,-0.128730857964,0.0343910170581,0.706052667432,-0.695510771242,-2.17512249947,-1.43377292156,-0.0198434945196,0.653879225254,-0.540526151657,10.0668363571,273.776459588
1135,227.19966511700002,4.3,28.0,96759.0,14.859000206,18.4799995422,0.519999980927,38.360080719,15.5500030518,19.3190422058,34.030159,108.7569243,34.0300216675,108.75655365,20.0,-0.130717644598,0.0199437148596,0.761735919378,-0.63425039542,-2.51549339294,-1.54320216179,-0.0228759497404,-0.370292752981,2.1275601387,9.01684856415,274.594317005
1136,227.397664356,4.3,28.0,96757.9921875,14.8500003815,18.2600002289,0.519999980927,37.8038978577,15.3205404282,19.3288078308,34.0301569,108.7569185,34.0300216675,108.75655365,20.0,-0.131921769523,0.0139249025479,0.808164176469,-0.573823484064,-2.82266044617,-1.63643693924,-0.00557138212025,-0.831775248051,1.1973335743,10.8675317764,271.161010365
1137,227.599650192,4.3,28.0,96747.75,14.8500003815,18.3199996948,0.519999980927,37.1610603333,15.0677537918,19.3479385376,34.0301547,108.756912,34.0300216675,108.75655365,20.0,-0.151118694911,0.00594572967642,0.846249048698,-0.510872308389,-3.12853646278,-1.71864795685,0.00257672835141,-3.40306615829,1.63056313992,20.5159397125,272.052002457
1138,227.80164532700002,4.3,28.0,96750.5,14.8479995728,18.1800003052,0.519999980927,36.4399223328,14.7945632935,19.3847103119,34.0301524,108.7569047,34.0300216675,108.75655365,20.0,-0.1671620087,-0.0120156028951,0.87912216808,-0.446157750718,-3.48791217804,-1.84768247604,0.0404965281487,1.65428376198,-0.0987925231457,2.71830773354,269.936636764
1139,228.079637337,6.7,354.0,96754.0,14.861000061,17.6299991608,0.519999980927,35.2141876221,14.3592453003,19.4676208496,34.0301473,108.756888,34.0300216675,108.75655365,20.0,-0.190506710817,-0.0318683016354,0.916028667108,-0.351543871003,-4.04098939896,-2.09124183655,0.0652844384313,-1.88135814667,0.679820418358,14.7099943161,261.999418604
1140,228.28163175600002,6.7,354.0,96757.4921875,14.8719997406,17.2299995422,0.52999997139,34.3087730408,14.0271120071,19.5305690765,34.0301442,108.7568784,34.0300216675,108.75655365,20.0,-0.201581812056,-0.0404348540611,0.93924359381,-0.274865919846,-4.42290258408,-2.26867032051,0.0555535294116,-2.15098452568,-1.00857162476,11.8464307785,256.244548723
1141,228.478625584,6.7,354.0,96758.7421875,14.8669996262,16.9099998474,0.519999980927,33.3012580872,13.6415929794,19.5757160187,34.0301409,108.7568681,34.0300216675,108.75655365,20.0,-0.207660220011,-0.0584296723038,0.95642810728,-0.196744649862,-4.81788158417,-2.47850823402,-0.0199502259493,-4.8862490654,0.125928863883,10.7295475006,251.40096141
1142,228.680616426,6.7,354.0,96753.0,14.8559999466,16.9200000763,0.519999980927,32.2137413025,13.2143001556,19.5996379852,34.0301372,108.7568569,34.0300216675,108.75655365,20.0,-0.206853076252,-0.0780829058151,0.961647741587,-0.16232256004,-5.20163536072,-2.73279547691,-0.0357096865773,-4.67018699646,-4.15239048004,17.2397060394,251.36352023
1143,228.87861423500001,6.7,354.0,96752.25,14.8620004654,16.4300003052,0.519999980927,31.0820198059,12.7525968552,19.6186161041,34.0301329,108.7568451,34.0300216675,108.75655365,20.0,-0.190860638977,-0.0835533191391,0.964618504351,-0.161562230893,-5.55233430862,-2.99374651909,-0.0657814666629,-1.45604383945,-1.90057742596,13.1399869919,244.182672182
1144,229.08060627,8.4,353.0,96755.0,14.8660001755,15.7899999619,0.519999980927,29.8660335541,12.2198600769,19.638584137,34.0301283,108.7568326,34.0300216675,108.75655365,20.0,-0.173189777217,-0.0758090411911,0.96725124939,-0.16936150521,-5.83817100525,-3.23593211174,-0.107997708023,-2.14203429222,-1.18545126915,3.17531681061,234.734142204
1145,229.28260164300002,8.4,353.0,96748.5,14.8760004044,15.1700000763,0.519999980927,28.6425151825,11.6645107269,19.6537075043,34.0301231,108.7568196,34.0300216675,108.75655365,20.0,-0.143656263476,-0.0493068236246,0.972379509329,-0.177228130191,-6.01483345032,-3.37826180458,-0.163130000234,-3.40797162056,-0.698809504509,20.4601192474,225.668927269
1146,229.479600239,8.4,353.0,96749.75,14.875,14.7600002289,0.519999980927,27.3588581085,11.0699863434,19.6687316895,34.0301178,108.7568062,34.0300216675,108.75655365,20.0,-0.123744569684,-0.030986552686,0.974842233982,-0.182783337706,-6.12125778198,-3.4130551815,-0.227983608842,-3.05784845352,-1.84274303913,18.4422512054,219.555003405
1147,229.68159298900002,8.4,353.0,96746.75,14.8900003433,14.3299999237,0.519999980927,26.0580692291,10.4640693665,19.6851959229,34.0301123,108.7567928,34.0300216675,108.75655365,20.0,-0.105311137092,-0.033013987321,0.975773847921,-0.188904998865,-6.18114328384,-3.43109703064,-0.188990443945,-3.30495262146,-2.29994988441,14.4057359695,213.373703784
1148,229.87859134700003,8.4,353.0,96749.0,14.8920001984,13.9899997711,0.519999980927,24.783082962,9.87020301819,19.7032356262,34.0301069,108.7567791,34.0300216675,108.75655365,20.0,-0.106583719035,-0.0254328650919,0.975601467311,-0.190249820507,-6.22360086441,-3.41466426849,-0.179174274206,-3.4302213192,1.26870012283,8.14847278595,208.339079367
1149,230.080585051,9.0,356.0,96748.0,14.9110002518,13.6999998093,0.519999980927,23.4960899353,9.27761173248,19.7219753265,34.0301015,108.7567655,34.0300216675,108.75655365,20.0,-0.108591842511,-0.0211060011352,0.97576196251,-0.188814551728,-6.27496767044,-3.39414525032,-0.172662481666,-3.8221681118,-4.40777873993,16.0430469513,204.280700605
1150,230.26258449600002,9.0,356.0,96744.4921875,14.9079999924,13.2100000381,0.519999980927,22.3701534271,8.75989627838,19.7283477783,34.0300962,108.7567517,34.0300216675,108.75655365,20.0,-0.0953030360062,-0.0163186249065,0.977293874013,-0.188541398003,-6.30363559723,-3.35283541679,-0.186942070723,-1.07182538509,3.08073592186,12.210940361,196.934680468
1151,230.480577278,9.0,356.0,96749.5,14.9169998169,13.1099996567,0.519999980927,20.8474578857,8.06939029694,19.7342681885,34.030091,108.7567379,34.0300216675,108.75655365,20.0,-0.0547418019856,-0.0126057114578,0.98071341642,-0.187204668555,-6.26578760147,-3.28132414818,-0.246724307537,-3.30266356468,-0.586656987667,14.3808631897,195.561862478
1152,230.682576227,9.0,356.0,96755.0,14.920999527,12.9799995422,0.519999980927,19.5785770416,7.50363111496,19.7319202423,34.0300859,108.7567243,34.0300216675,108.75655365,20.0,-0.0144346885193,-0.0123368948244,0.982284861666,-0.186429292983,-6.10513877869,-3.17019414902,-0.265726447105,-1.29331719875,0.345712840557,5.91863012314,193.67456703
1153,230.879576015,9.0,356.0,96761.2578125,14.9309997559,12.8699998856,0.519999980927,18.3197574615,6.94505596161,19.715921402,34.0300809,108.7567109,34.0300216675,108.75655365,20.0,-8.15200721903e-05,-0.00410683057184,0.982157999652,-0.188013002963,-5.86067008972,-3.04242920876,-0.271612465382,-2.45638036728,0.067864343524,20.2986354828,192.161965149
1154,231.076574373,9.8,359.0,96759.2421875,14.9300003052,12.970000267,0.519999980927,17.1352577209,6.42666959763,19.6863117218,34.0300761,108.7566982,34.0300216675,108.75655365,20.0,0.0017629989689,-0.00258879419021,0.982237151434,-0.187618002699,-5.6092634201,-2.87583422661,-0.255840033293,-0.368405044079,3.95555472374,4.57277965546,193.642107945
1155,231.278571177,9.8,359.0,96757.4921875,14.9359998703,13.1099996567,0.519999980927,15.9697561264,5.92038536072,19.643289566,34.0300715,108.756686,34.0300216675,108.75655365,20.0,0.0037728546637,-0.000626173258784,0.982380535013,-0.186852784517,-5.35139989853,-2.72117710114,-0.265768676996,0.837215304375,3.56236362457,7.86326789856,195.810953172
1156,231.48056631100002,9.8,359.0,96757.9921875,14.9390001297,13.3400001526,0.519999980927,14.8849458694,5.45585346222,19.6008014679,34.0300674,108.7566744,34.0300216675,108.75655365,20.0,0.00347891118229,-0.00909360568107,0.982675942274,-0.185076421293,-5.09644889832,-2.58648991585,-0.273823529482,1.32090508938,0.901473224163,-0.152822554111,199.28626401
1157,231.698565292,9.8,359.0,96755.25,14.9350004196,13.6499996185,0.519999980927,13.8313713074,5.00925445557,19.5540523529,34.0300634,108.7566634,34.0300216675,108.75655365,20.0,0.00741248709053,0.000220423078628,0.982792394016,-0.184564884992,-4.82304096222,-2.41659784317,-0.273804455996,-2.73885536194,2.02655100822,1.96687483788,203.862750031
1158,231.87956028000002,9.8,359.0,96754.75,14.9250001907,14.3699998856,0.509999990463,12.8401527405,4.59471559525,19.5041999817,34.0300596,108.7566529,34.0300216675,108.75655365,20.0,0.00839522120599,0.00167483377103,0.982607285058,-0.185498184806,-4.54424905777,-2.25526309013,-0.317509174347,-0.0510981343687,3.65418148041,8.50367641449,214.472251033
1159,232.077556896,9.9,3.0,96758.0,14.9160003662,14.720000267,0.509999990463,11.9272880554,4.2223739624,19.4633140564,34.0300562,108.7566431,34.0300216675,108.75655365,20.0,-0.00073296151911,-0.0056989590552,0.982263703949,-0.187416877937,-4.28073978424,-2.12120699883,-0.312284320593,-1.79736638069,-2.00588560104,14.5036315918,219.563529374
1160,232.27955226900002,9.9,3.0,96761.7421875,14.9259996414,15.029999733,0.519999980927,11.048374176,3.85831546783,19.4290390015,34.0300528,108.7566339,34.0300216675,108.75655365,20.0,0.000301574612848,-0.00290463098378,0.982159011177,-0.18803003029,-4.02033424377,-2.0107460022,-0.226986914873,-0.782812833786,-0.939154803753,10.7835044861,224.337770625
1161,232.481541681,9.9,3.0,96761.5,14.9250001907,15.1899995804,0.519999980927,10.2283334732,3.51116132736,19.3997421265,34.0300498,108.7566254,34.0300216675,108.75655365,20.0,0.00591372194379,-0.00150306247893,0.982403505045,-0.186671342334,-3.75204181671,-1.89787244797,-0.20604801178,-1.26409482956,-1.49730503559,13.4951696396,226.710746634
1162,232.678538847,9.9,3.0,96771.0,14.9200000763,15.3699998856,0.519999980927,9.48561286926,3.19824337959,19.3668231964,34.0300468,108.7566175,34.0300216675,108.75655365,20.0,0.000310354904455,0.00558222562036,0.982679651196,-0.185228149947,-3.50301003456,-1.77092635632,-0.200044080615,-1.10415077209,-1.05239224434,15.8844337463,229.320399465
1163,232.880532074,9.9,3.0,96767.25,14.9200000763,15.5399999619,0.519999980927,8.76018238068,2.89181780815,19.3160820007,34.030044,108.7566101,34.0300216675,108.75655365,20.0,0.00477770583183,0.00916346539957,0.982444682516,-0.186268207728,-3.27303361893,-1.62337374687,-0.161460310221,-2.0795404911,0.891273856163,12.655878067,231.856800616
1164,233.08252577800002,10.1,4.0,96771.75,14.9149999619,16.1200008392,0.519999980927,8.14045333862,2.63194441795,19.2660217285,34.0300414,108.7566032,34.0300216675,108.75655365,20.0,0.00930209922594,0.00639293803216,0.981376386347,-0.191762850222,-3.03718352318,-1.45584917068,-0.13218472898,-3.89116239548,-1.13176178932,15.8382673264,240.429811902
1165,233.279523659,10.1,4.0,96770.2421875,14.906999588,16.4300003052,0.519999980927,7.54119157791,2.3842959404,19.2249526978,34.030039,108.7565969,34.0300216675,108.75655365,20.0,0.00260012103227,0.00125688294257,0.980065703652,-0.198652764135,-2.78930234909,-1.3137139082,-0.0902104899287,0.833502292633,1.00229108334,2.32254481316,244.92200778
1166,233.47751503,10.1,4.0,96768.203125,14.9010000229,16.7199993134,0.519999980927,7.00785827637,2.16060757637,19.1903171539,34.0300368,108.756591,34.0300216675,108.75655365,20.0,0.00913806912453,-0.0046788479291,0.97871860608,-0.204949924771,-2.56674385071,-1.20234262943,-0.0469799377024,-0.593780398369,1.62965917587,2.07241249084,249.144710151
1167,233.67950205800003,10.1,4.0,96764.4921875,14.8900003433,16.9599990845,0.519999980927,6.51022815704,1.94181752205,19.1644058228,34.0300347,108.7565856,34.0300216675,108.75655365,20.0,-0.0198557193193,-0.0170725907027,0.977676946719,-0.20847563509,-2.35737085342,-1.14799451828,-0.0249302051961,-1.71486103535,-0.219664648175,14.3504562378,252.534392191
1168,233.881501245,10.1,4.0,96771.5,14.8940000534,17.0100002289,0.519999980927,6.04402828217,1.72369897366,19.1506500244,34.0300327,108.7565807,34.0300216675,108.75655365,20.0,-0.0497800181466,-0.0122146189967,0.976706051916,-0.208370099381,-2.27028155327,-1.11828291416,0.0432754307985,0.305634945631,-0.24196280539,3.03929662704,253.346944317
1169,234.07849912600003,8.9,358.0,96770.2421875,14.892999649,16.9799995422,0.519999980927,5.58985471725,1.5053422451,19.139257431,34.0300306,108.756576,34.0300216675,108.75655365,20.0,-0.056858803942,-0.00771264937236,0.977056755843,-0.205104350824,-2.26501607895,-1.10707449913,0.0382472425699,0.254065722227,2.66478395462,5.9853014946,252.883127223
1170,234.280498314,8.9,358.0,96769.5,14.876999855,17.8799991608,0.519999980927,5.15285396576,1.2923938036,19.1358547211,34.0300284,108.7565712,34.0301818848,108.75617218,20.0,-0.0653241907604,-0.00218704738443,0.981779141631,-0.178431802038,-2.28916406631,-1.07596588135,0.0917938575149,-1.45524787903,1.549071908,9.61421108246,266.000744923
1171,234.477491426,8.9,358.0,96764.0,14.8660001755,18.0499992371,0.519999980927,4.70947885513,1.08057785034,19.1394557953,34.0300264,108.7565663,34.0301818848,108.75617218,20.0,-0.0953499243751,0.0472494594588,0.988867693642,-0.104003038525,-2.39142370224,-0.982518136501,0.110350809991,-0.762228965759,-0.425984144211,9.08840370178,268.331291825
1172,234.67948441500002,8.9,358.0,96773.25,14.8439998627,18.3899993896,0.509999990463,4.22373485565,0.896074235439,19.1529312134,34.0300245,108.7565612,34.0301818848,108.75617218,20.0,-0.136743340017,0.0915520613191,0.986263692753,-0.0142661603119,-2.62396860123,-0.688827812672,0.182754099369,0.775896608829,2.32099413872,4.83643245697,272.981148414
1173,234.998475361,8.9,358.0,96768.9921875,14.8229999542,19.2099990845,0.509999990463,3.39208388329,0.753776609898,19.1811676025,34.030023,108.7565553,34.0301818848,108.75617218,20.0,-0.204474481978,0.128363585058,0.962101030943,0.126786318278,-3.20918679237,0.0124187441543,0.206782057881,0.72523188591,-0.937259793282,-0.45056283474,284.74981555
1174,235.20046811100002,6.8,355.0,96766.25,14.8179998398,19.3400001526,0.509999990463,2.72676181793,0.757033348083,19.2037601471,34.0300221,108.7565487,34.0301818848,108.75617218,20.0,-0.220726206665,0.119737742553,0.945846255877,0.205712698435,-3.71611499786,0.558180034161,0.225647971034,-1.47411417961,-0.711775243282,7.31286430359,286.580119162
1175,235.402464914,6.8,355.0,96763.7421875,14.8190002441,19.4300003052,0.509999990463,1.9760106802,0.838151991367,19.2304420471,34.0300223,108.756541,34.0301818848,108.75617218,20.0,-0.235869516652,0.102698309073,0.932850654461,0.252207036517,-4.2014670372,1.06251895428,0.232328176498,-1.67760837078,-1.33370351791,7.54490232468,287.933179266
1176,235.599463511,6.8,355.0,96764.0,14.8109998703,19.3899993896,0.509999990463,1.15966296196,0.996260106564,19.2548904419,34.0300231,108.7565322,34.0301818848,108.75617218,20.0,-0.238799080871,0.104349116835,0.929321698835,0.261624834111,-4.67309856415,1.50646829605,0.153515055776,-3.0348238945,3.36921787262,11.2823925018,287.185278445
1177,235.80146031400002,6.8,355.0,96759.9921875,14.8149995804,19.2299995422,0.509999990463,0.24940136075,1.22799229622,19.2832202911,34.030025,108.7565222,34.0301818848,108.75617218,20.0,-0.233732049766,0.108688187573,0.929803205506,0.262720715392,-5.12275505066,1.94877839088,0.127274736762,-4.72375822067,-0.467428207397,20.7999248505,284.892435149
1178,235.998454618,6.8,355.0,96759.5,14.8199996948,19.2800006866,0.519999980927,-0.779575049877,1.55997407436,19.3124523163,34.0300275,108.7565112,34.0301818848,108.75617218,20.0,-0.235006154265,0.116336697344,0.928796675543,0.261867473517,-5.53853034973,2.40713381767,0.121231809258,-0.450172901154,-1.81447160244,6.23588895798,285.729604292
1179,236.196446466,4.1,346.0,96757.9921875,14.8350000381,19.1000003815,0.519999980927,-1.90267193317,1.97804808617,19.3451099396,34.0300308,108.7564991,34.0301818848,108.75617218,20.0,-0.224524280455,0.119498843679,0.930507753299,0.26356068101,-5.90761947632,2.82919001579,0.0784439519048,-2.54346060753,0.569742918015,6.85215330124,283.348506388
1180,236.3984447,4.1,346.0,96757.2421875,14.8310003281,18.4699993134,0.519999980927,-3.07160997391,2.46493792534,19.3728027344,34.030035,108.7564861,34.0301818848,108.75617218,20.0,-0.197019768685,0.114201369411,0.936621596217,0.266235383236,-6.17285203934,3.21980714798,0.0453036315739,-3.43363428116,-2.3785610199,14.4407300949,273.928565876
1181,236.60043578100002,4.1,346.0,96758.0,14.8409996033,17.7199993134,0.519999980927,-4.33252763748,3.04323458672,19.3994026184,34.0300399,108.7564724,34.0301818848,108.75617218,20.0,-0.168047147837,0.0970648954461,0.943857535757,0.267341653716,-6.36889505386,3.51862192154,0.042702909559,-1.77026617527,4.59620904922,1.17436480522,262.982502779
1182,236.797432947,4.1,346.0,96757.4921875,14.8500003815,16.8700008392,0.519999980927,-5.63923025131,3.6784696579,19.4322605133,34.0300456,108.7564582,34.0301818848,108.75617218,20.0,-0.132798150018,0.0816657936019,0.949781043507,0.271314057408,-6.45692586899,3.70113921165,0.0103823188692,-2.89744710922,2.53227734566,16.8304767609,250.519518898
1183,236.99942832000002,4.1,346.0,96753.0,14.8559999466,15.9399995804,0.519999980927,-6.9350771904,4.33791589737,19.4604606628,34.0300516,108.7564437,34.0301818848,108.75617218,20.0,-0.0952685928113,0.0637162950752,0.955068955709,0.273326990893,-6.44038724899,3.78958272934,-0.00702865980566,-1.42100763321,3.42928695679,2.44713282585,236.804632915
1184,237.20141964,1.8,297.0,96754.796875,14.8629999161,15.3100004196,0.519999980927,-8.43764591217,5.13337993622,19.4950332642,34.030058,108.7564292,34.0301818848,108.75617218,20.0,-0.0962083634831,0.0615871824853,0.95516644137,0.273144537186,-6.36936473846,3.85135865211,-0.0270613785833,-3.33607602119,-2.57054901123,20.3576889038,227.552534952
1185,237.39841609,1.8,297.0,96749.75,14.8680000305,14.6800003052,0.519999980927,-9.57390594482,5.75872945786,19.5219516754,34.0300645,108.756415,34.0301818848,108.75617218,20.0,-0.108612296904,0.0539990322693,0.954868357784,0.27113449076,-6.33363580704,3.8727042675,-0.0334734097123,-1.43493163586,-1.32545983791,8.25279426575,218.262244985
1186,237.601410675,1.8,297.0,96748.25,14.8800001144,14.279999733,0.519999980927,-10.9107646942,6.51258659363,19.5503520966,34.0300711,108.7564007,34.0301818848,108.75617218,20.0,-0.108139562046,0.0581162156547,0.95462099793,0.271343328395,-6.33743953705,3.91772580147,-0.022939439863,-1.12085294724,2.6553208828,1.919947505,212.486397661
1187,237.798404741,1.8,297.0,96753.75,14.8900003433,13.9300003052,0.519999980927,-12.2180042267,7.25963354111,19.5722751617,34.0300778,108.7563866,34.0301818848,108.75617218,20.0,-0.110814511885,0.0521201679095,0.954444486928,0.272101971668,-6.32951784134,3.94342684746,-0.0974066406488,0.160335630178,-0.439257711172,5.5920624733,207.417709327
1188,238.00040392900002,1.8,297.0,96749.7421875,14.8940000534,13.6300001144,0.519999980927,-13.5114135742,8.01145553589,19.5840129852,34.0300847,108.7563726,34.0301818848,108.75617218,20.0,-0.0867712073153,0.0431809820252,0.957156741997,0.272868433182,-6.30398750305,3.91789031029,-0.139891505241,-1.14027953148,-0.390162140131,4.0785241127,203.005222432
1189,238.197401094,1.7,139.0,96752.5,14.9079999924,13.2700004578,0.519999980927,-14.8164482117,8.7828245163,19.5895442963,34.0300915,108.7563586,34.0301818848,108.75617218,20.0,-0.0355097801271,0.0389235773919,0.959178484173,0.277850064235,-6.16600894928,3.90585279465,-0.0742328986526,-1.18634784222,-1.90947186947,9.90973758698,197.829166723
1190,238.39940028200002,1.7,139.0,96752.75,14.920999527,13.2299995422,0.519999980927,-16.0793476105,9.54807376862,19.5990028381,34.0300983,108.756345,34.0301818848,108.75617218,20.0,-0.00922555198796,0.0296702440453,0.959216732438,0.280959005442,-5.92934322357,3.78481817245,-0.115284442902,-2.66004633904,4.02542972565,9.0794839859,197.404816912
1191,238.601393747,1.7,139.0,96754.5,14.9219999313,13.0399999619,0.519999980927,-17.256362915,10.2793951035,19.6023864746,34.030105,108.7563319,34.0301818848,108.75617218,20.0,-0.0033503886483,0.01624102729,0.959263410073,0.282025847545,-5.63466358185,3.66689181328,-0.139250636101,-1.88396239281,0.870534420013,14.616232872,194.582878535
1192,238.798393059,1.7,139.0,96756.75,14.9280004501,13.0799999237,0.519999980927,-18.4090709686,11.0036478043,19.5913124084,34.0301115,108.7563194,34.0301818848,108.75617218,20.0,0.00124950522729,0.00763978010546,0.960227498159,0.279111877659,-5.37034320831,3.48493242264,-0.189932316542,-4.60318136215,-2.21846175194,20.3549556732,195.258244749
1193,238.995391178,1.7,139.0,96753.75,14.9200000763,13.2299995422,0.509999990463,-19.5063247681,11.693936348,19.5702285767,34.0301178,108.7563076,34.0301818848,108.75617218,20.0,0.00688576771725,-5.7907135676e-05,0.960520481977,0.278124229485,-5.0691113472,3.29896759987,-0.178510129452,-1.62492847443,4.07214927673,11.1422300339,197.39159418
1194,239.19839124700002,5.6,74.0,96756.75,14.9259996414,13.2700004578,0.519999980927,-20.5191917419,12.336561203,19.5450229645,34.0301237,108.7562964,34.0301818848,108.75617218,20.0,0.0111937360564,0.0010561321936,0.960718951486,0.277295411709,-4.79587221146,3.10421824455,-0.188842624426,-0.647034227848,-0.542802751064,4.69239187241,198.068022074
1195,239.40038781200002,5.6,74.0,96755.9921875,14.9239997864,13.4799995422,0.519999980927,-21.4938659668,12.9550504684,19.5103626251,34.0301292,108.7562858,34.0301818848,108.75617218,20.0,0.00768773054209,-0.00461034843429,0.961200521377,0.275705295408,-4.51741552353,2.89061522484,-0.22754585743,-4.70817136765,-2.0054731369,10.8169145584,201.175510289
1196,239.597382116,5.6,74.0,96758.75,14.9289999008,13.8900003433,0.519999980927,-22.4060935974,13.5296201706,19.4699935913,34.0301343,108.7562759,34.0301818848,108.75617218,20.0,0.00533041013662,-0.00642527050956,0.962195840278,0.27223073029,-4.24229812622,2.66802787781,-0.218454673886,-0.147398278117,0.314886540174,6.23643779755,207.363813748
1197,239.799379396,5.6,74.0,96760.25,14.920999527,14.2299995422,0.519999980927,-23.2381362915,14.0455951691,19.4313716888,34.0301391,108.7562668,34.0301818848,108.75617218,20.0,0.0118175492563,-0.00667735451481,0.963508862123,0.267332360336,-3.96910309792,2.45947122574,-0.242879807949,-1.69514620304,0.760209560394,10.7893724442,212.325816439
1198,240.00137333900003,5.6,74.0,96748.25,14.9189996719,14.5399999619,0.509999990463,-24.0002498627,14.5154037476,19.3943004608,34.0301434,108.7562582,34.0301818848,108.75617218,20.0,0.00865821818895,-0.00861347208585,0.964610306789,0.263396961576,-3.6745493412,2.22654700279,-0.160216405988,-2.5183262825,0.856446325779,5.87098503113,216.922254661
1199,240.198370743,7.0,34.0,96749.75,14.8990001678,14.6999998093,0.509999990463,-24.8251667023,15.0063037872,19.3647975922,34.0301472,108.7562502,34.0301818848,108.75617218,20.0,0.00640115107,-0.00899929157082,0.965409537477,0.260504044042,-3.36315560341,1.9547547102,-0.183620810509,-4.48072290421,-1.0384812355,20.3445186615,219.015299626
1200,240.400362539,7.0,34.0,96758.75,14.890999794,14.8699998856,0.509999990463,-25.3891983032,15.3244218826,19.352180481,34.0301506,108.756243,34.0301818848,108.75617218,20.0,0.00316640687088,-0.00480733959382,0.965682480468,0.259661612834,-3.14850258827,1.76910221577,-0.128147989511,-4.74000263214,-1.48269510269,14.4411048889,221.429165233
1201,240.598363686,7.0,34.0,96762.2421875,14.8879995346,15.0699996948,0.509999990463,-25.9818210602,15.6487903595,19.3437576294,34.0301536,108.7562362,34.0301818848,108.75617218,20.0,0.00023921563398,0.00736941465771,0.965320059718,0.260965425592,-2.90754699707,1.5847196579,-0.139144286513,-1.59428226948,2.52126908302,10.5037069321,224.362148443
1202,240.80035810500002,7.0,34.0,96769.203125,14.8839998245,15.0699996948,0.509999990463,-26.5386829376,15.9474153519,19.330575943,34.0301562,108.75623,34.0301818848,108.75617218,20.0,0.000828608029541,0.00434198907774,0.964591741102,0.263710302322,-2.65748810768,1.42866539955,-0.0814223960042,-0.522729694843,-0.591894447803,4.65892839432,224.301872813
1203,241.00235276200002,7.0,34.0,96767.5,14.8819999695,15.3000001907,0.509999990463,-27.0480957031,16.2048530579,19.2909870148,34.0301584,108.7562243,34.0301818848,108.75617218,20.0,-0.00570935796689,0.0140359585059,0.963923587113,0.265747385951,-2.45205020905,1.28769910336,-0.127175420523,-1.86495447159,-2.21810173988,18.2991065979,227.694602372
1204,241.199353027,8.8,14.0,96775.5,14.8870000839,15.6400003433,0.519999980927,-27.5016975403,16.422586441,19.239490509,34.0301605,108.7562191,34.0301818848,108.75617218,20.0,-0.00629050637303,0.0143086933968,0.963000170735,0.269047125941,-2.26216721535,1.16405582428,-0.0992767214775,-3.8601231575,0.705045104027,17.6468639374,232.832686424
1205,241.39634614000002,8.8,14.0,96767.5,14.8819999695,16.1900005341,0.519999980927,-27.9167194366,16.6193008423,19.1869468689,34.0301623,108.7562143,34.0301818848,108.75617218,20.0,-0.00685604793287,0.0167063163145,0.962178876172,0.271819482416,-2.05722880363,1.06499087811,-0.0425449982286,1.14433383942,2.51066255569,0.995550572872,240.939587454
1206,241.598343897,8.8,14.0,96775.5,14.8839998245,16.4699993134,0.519999980927,-28.3021888733,16.7997970581,19.1356258392,34.0301637,108.7562099,34.0301818848,108.75617218,20.0,-0.0114816243857,0.0219977089238,0.961388117,0.274075097454,-1.87270188332,0.972168505192,0.00437152339146,1.30572378635,0.991605877876,5.5531539917,245.13946689
1207,241.800338078,8.8,14.0,96768.25,14.8680000305,16.7199993134,0.519999980927,-28.6475028992,16.9549160004,19.091501236,34.0301651,108.7562058,34.0301818848,108.75617218,20.0,-0.0133573010608,0.0214623441782,0.960235632501,0.278044087252,-1.69453072548,0.899473905563,0.0463098399341,-0.446591407061,1.40357375145,5.83590364456,248.592950301
1208,241.998329449,8.8,14.0,96773.5,14.8660001755,17.0100002289,0.519999980927,-28.9557323456,17.0839920044,19.0553741455,34.0301663,108.756202,34.0301818848,108.75617218,20.0,-0.0157699763304,0.0235541133433,0.958208664115,0.284662533314,-1.54467940331,0.828474223614,0.069778457284,-1.795779109,-1.44733583927,12.494925499,252.870666387
1209,242.200324345,8.0,16.0,96773.5,14.8680000305,17.1800003052,0.519999980927,-29.2480564117,17.2005195618,19.027425766,34.0301674,108.7561986,34.0301818848,108.75617218,20.0,-0.0136381498786,0.0278972321541,0.954495695349,0.296603831316,-1.39516890049,0.768745779991,0.118662893772,-1.75278878212,-0.192672148347,17.1366691589,255.432245062
1210,242.402318525,8.0,16.0,96768.75,14.8660001755,17.8400001526,0.519999980927,-29.5104808807,17.3042068481,19.0069408417,34.0301684,108.7561954,34.0301551819,108.756958008,20.0,-0.0141373443963,0.0332841927424,0.951547839397,0.305367362306,-1.24167835712,0.729299724102,0.189435318112,0.627250313759,0.048495143652,3.53616166115,265.209445399
1211,242.59931330700002,8.0,16.0,96772.25,14.8339996338,17.9500007629,0.509999990463,-29.7419281006,17.3984031677,19.0016975403,34.0301693,108.7561926,34.0301551819,108.756958008,20.0,0.00217218403489,0.0378241478725,0.931598871986,0.361508502883,-1.08276665211,0.695498108864,0.217730119824,-3.02052807808,0.950547039509,18.1854133606,266.270304744
1212,242.801309156,8.0,16.0,96771.75,14.8219995499,18.0,0.509999990463,-29.933807373,17.4830303192,19.0047187805,34.0301702,108.7561902,34.0301551819,108.756958008,20.0,0.0447433248697,0.0581214747911,0.89791981003,0.434004559436,-0.82006072998,0.650752305984,0.206370562315,1.2338796854,1.18064785004,3.72133564949,266.795991898
1213,242.99830966000002,8.0,16.0,96769.5,14.8269996643,18.2700004578,0.509999990463,-30.0600776672,17.5636024475,19.0111217499,34.0301712,108.7561882,34.0301551819,108.756958008,20.0,0.0802155309991,0.0809084253532,0.855494929296,0.505121665937,-0.378443270922,0.582591116428,0.21415643394,0.939122140408,0.461945027113,1.6401913166,270.889290654
1214,243.20030789400002,6.1,17.0,96771.0,14.8149995804,18.5499992371,0.509999990463,-30.0951099396,17.635351181,19.0214157104,34.030172,108.756187,34.0301551819,108.756958008,20.0,0.090416825747,0.0988790429907,0.806941917862,0.575232537503,0.145951524377,0.505288124084,0.200661316514,-0.786934614182,-1.05041980743,12.6265258789,274.818230913
1215,243.397303867,6.1,17.0,96770.4921875,14.8260002136,18.7299995422,0.509999990463,-30.0328140259,17.6962909698,19.0359611511,34.0301726,108.756187,34.0301551819,108.756958008,20.0,0.0789225250381,0.107947771494,0.755407491049,0.641465593442,0.69476211071,0.431733697653,0.217674016953,-1.41066300869,2.56737494469,8.53550624847,277.690977214
1216,243.600296783,6.1,17.0,96767.9921875,14.8210000992,18.5,0.509999990463,-29.8720970154,17.7479953766,19.0513744354,34.0301731,108.756188,34.0301551819,108.756958008,20.0,0.0695233524004,0.11168270272,0.696706806277,0.705190182556,1.19987344742,0.362481474876,0.257772684097,0.375648915768,0.351984232664,10.5653476715,274.188501835
1217,243.797291803,6.1,17.0,96766.5,14.8179998398,18.4200000763,0.509999990463,-29.6308841705,17.7762336731,19.0689182281,34.0301734,108.7561903,34.0301551819,108.756958008,20.0,0.0625665514383,0.12140646536,0.635554229252,0.759879540362,1.63838279247,0.289038389921,0.244310468435,-2.03397679329,-0.0127519518137,12.2496395111,272.947558179
1218,243.99928646100003,6.1,17.0,96766.4921875,14.829000473,18.1700000763,0.519999980927,-29.2894916534,17.7821884155,19.0913295746,34.0301736,108.7561936,34.0301551819,108.756958008,20.0,0.0483373539126,0.131931734619,0.571057576057,0.808795936655,2.06151008606,0.218631088734,0.244007363915,-2.78821516037,0.241429641843,17.2937641144,269.442939726
1219,244.196276712,4.7,20.0,96766.75,14.8330001831,18.0200004578,0.519999980927,-28.8559570312,17.7743606567,19.1164340973,34.0301736,108.756198,34.0301551819,108.756958008,20.0,0.0373382829541,0.137654515369,0.50513845092,0.851171157865,2.46134734154,0.165157020092,0.248672053218,-2.33765435219,1.76354300976,11.9191293716,267.29067009
1220,244.398270416,4.7,20.0,96766.9921875,14.8409996033,18.0799999237,0.519999980927,-28.2602310181,17.7447395325,19.1542072296,34.0301734,108.7562031,34.0301551819,108.756958008,20.0,0.0254884752244,0.148495833308,0.434899779572,0.887784652002,2.89455723763,0.118862882257,0.250085860491,-0.761807203293,1.38760888577,6.52442455292,268.325271695
1221,244.600265312,4.7,20.0,96762.0,14.8420000076,17.9099998474,0.519999980927,-27.6451225281,17.7071723938,19.1862945557,34.0301731,108.7562092,34.0301551819,108.756958008,20.0,0.0139393536486,0.152538063791,0.362578716733,0.919279411387,3.25027680397,0.0961348712444,0.23627345264,-0.748953700066,-0.618920743465,7.14351987839,265.820217872
1222,244.79725818600002,4.7,20.0,96771.0,14.8369998932,17.6700000763,0.519999980927,-27.0776195526,17.669380188,19.2121067047,34.0301728,108.7562161,34.0301551819,108.756958008,20.0,0.00235827949322,0.159008305729,0.288726985724,0.944112081649,3.54330658913,0.0808658525348,0.222768887877,-2.59613275528,-1.14017891884,17.4207496643,262.169789245
1223,245.000251579,4.7,20.0,96761.9921875,14.8310003281,17.5599994659,0.509999990463,-26.3217735291,17.6221466064,19.2395896912,34.0301723,108.756224,34.0301551819,108.756958008,20.0,-0.00524630272538,0.166235747411,0.210517186285,0.963338378121,3.9593641758,0.0980673730373,0.180574208498,-2.71036148071,-1.47347831726,12.1625089645,260.43235784
1224,245.20224623700003,3.5,20.0,96767.25,14.8240003586,17.3999996185,0.509999990463,-25.4957008362,17.5637397766,19.2642230988,34.0301717,108.7562328,34.0301551819,108.756958008,20.0,-0.0172636125679,0.177110403506,0.132991767372,0.975011369285,4.28688001633,0.101419977844,0.199570700526,0.10147883743,1.77877521515,3.90386867523,257.937600584
1225,245.399236488,3.5,20.0,96761.75,14.8140001297,17.3500003815,0.509999990463,-24.5576076508,17.5017662048,19.3003787994,34.0301713,108.756242,34.0301551819,108.756958008,20.0,-0.0246366031223,0.192168534712,0.0593377893752,0.979256568454,4.70718765259,0.12452095747,0.174276664853,-1.30109095573,-0.274319112301,11.3564014435,257.022907901
1226,245.60122757000002,3.5,20.0,96766.5,14.8190002441,17.4099998474,0.509999990463,-23.5444431305,17.4529533386,19.3265304565,34.0301711,108.7562524,34.0301551819,108.756958008,20.0,-0.0312528048648,0.204072564362,-0.0124946018284,0.978377048019,5.13968276978,0.145221605897,0.0984255447984,-0.681123197079,0.0663606375456,7.80576515198,257.998791989
1227,245.79822163600002,3.5,20.0,96759.2421875,14.8140001297,17.8500003815,0.509999990463,-22.2845458984,17.4155158997,19.3409118652,34.0301708,108.7562634,34.0301551819,108.756958008,20.0,-0.0475909358596,0.208748219832,-0.0263612521633,0.976455067434,5.6648273468,0.213355392218,0.0463999547064,-2.43238806725,0.800553560257,11.0370254517,264.429907966
1228,246.000216055,3.5,20.0,96760.75,14.8129997253,18.0499992371,0.5,-21.2560691833,17.4066295624,19.347454071,34.0301706,108.756275,34.0301551819,108.756958008,20.0,-0.0420814629438,0.211121082135,-0.0206102303903,0.976336129027,6.06506681442,0.270574063063,0.0303125269711,-1.37107264996,-2.40602469444,8.37959194183,267.374633741
1229,246.197216082,3.9,26.0,96763.7421875,14.8039999008,17.9200000763,0.509999990463,-19.9825401306,17.4036560059,19.3629455566,34.0301706,108.7562877,34.0301551819,108.756958008,20.0,-0.0328610127001,0.19714803735,-0.0127718859448,0.979739613485,6.48155784607,0.346944689751,0.037505518645,-0.898989737034,-1.74684357643,5.62714195251,265.287679352
1230,246.40020995100002,3.9,26.0,96763.0,14.8109998703,17.5699996948,0.5,-18.6813488007,17.4055137634,19.3763103485,34.0301707,108.7563015,34.0301551819,108.756958008,20.0,-0.0325579241758,0.174183768493,-0.00303187569448,0.984170132347,6.7814912796,0.369290709496,0.0278046578169,-0.889740824699,-0.479153692722,7.6584239006,260.229263201
1231,246.597193527,3.9,26.0,96757.9921875,14.8129997253,16.9899997711,0.509999990463,-17.3300037384,17.4172916412,19.3863601685,34.0301708,108.756316,34.0301551819,108.756958008,20.0,-0.0242457385175,0.145032168419,0.00174091772459,0.989128287606,6.97174930573,0.398825109005,0.0472549796104,-3.30051827431,0.973300397396,11.7480516434,251.672861943
1232,246.799179602,3.9,26.0,96752.25,14.8240003586,16.2800006866,0.5,-15.8739547729,17.4325046539,19.4060688019,34.0301711,108.7563311,34.0301551819,108.756958008,20.0,-0.0161139361025,0.114708859614,0.00244228343066,0.993265464403,7.07370948792,0.396360486746,0.0857111960649,-5.03591108322,-2.14361715317,14.8766956329,241.334736017
1233,247.001172829,3.9,26.0,96757.0,14.8330001831,15.5500001907,0.5,-14.5060100555,17.4506568909,19.4284591675,34.0301713,108.7563464,34.0301551819,108.756958008,20.0,-0.00903999851176,0.105434814384,-0.000732807255059,0.994384884699,7.105032444,0.364668935537,0.0457425825298,-2.08183979988,0.883850872517,2.30292463303,230.653155676
1234,247.198163795,7.2,4.0,96755.5078125,14.8439998627,14.9799995422,0.509999990463,-13.0531835556,17.4631729126,19.4503097534,34.0301715,108.7563618,34.0301551819,108.756958008,20.0,-0.00464929261622,0.108140426056,-0.0029803722456,0.994120328931,7.10834169388,0.334704101086,0.0800354108214,0.0105599649251,1.9022128582,1.96689283848,222.363111148
1235,247.40015201600002,7.2,4.0,96755.25,14.8640003204,14.5799999237,0.509999990463,-11.5910215378,17.4665431976,19.464849472,34.0301717,108.7563772,34.0301551819,108.756958008,20.0,-0.00530381210017,0.114600262991,-0.00550534779304,0.993382295467,7.13605308533,0.260693490505,0.0302077047527,-1.5607329607,-2.61854910851,12.1643943787,216.717123538
1236,247.59714489,7.2,4.0,96759.25,14.8640003204,14.5,0.509999990463,-10.1534538269,17.4610404968,19.4710044861,34.0301718,108.7563927,34.0301551819,108.756958008,20.0,-0.00348283643683,0.118544228097,-0.00783067371908,0.992911852344,7.17994070053,0.203860372305,-0.017137479037,0.314164757729,1.32135999203,4.19116067886,215.528004646
1237,247.80014019,7.2,4.0,96755.75,14.8760004044,14.4600000381,0.509999990463,-8.67008304596,17.449842453,19.4751434326,34.0301718,108.7564082,34.0301551819,108.756958008,20.0,-0.00185709024416,0.122332139228,-0.0102285765183,0.992434834312,7.24702548981,0.134521842003,-0.0054047582671,-0.569118320942,-2.58193540573,3.48845171928,215.106966414
1238,247.99713544800002,7.2,4.0,96752.5,14.8669996262,14.470000267,0.509999990463,-7.21861839294,17.4279956818,19.480014801,34.0301717,108.7564239,34.0301551819,108.756958008,20.0,-0.00361392367242,0.123638043525,-0.0117322917794,0.992251495521,7.30530834198,0.0752881616354,-0.0346438251436,0.130731314421,-1.12371301651,-1.029758811,215.12548856
1239,248.199130106,9.9,15.0,96760.25,14.8660001755,14.3900003433,0.509999990463,-5.71955442429,17.3947105408,19.4820384979,34.0301714,108.7564396,34.0301551819,108.756958008,20.0,-0.00291943843936,0.120730901428,-0.0122061487972,0.992605992664,7.35466432571,0.0255786981434,-0.0455183275044,-4.5064239502,2.29549956322,13.213555336,213.921747629
1240,248.40112261800002,9.9,15.0,96757.9921875,14.8660001755,14.4300003052,0.5,-4.20754575729,17.3528404236,19.4801959991,34.0301712,108.7564556,34.0301551819,108.756958008,20.0,-0.00656670026895,0.120052990443,-0.0144802241555,0.992640215905,7.41836023331,-0.0182550232857,-0.0925212353468,0.227343082428,-1.5824431181,3.81463766098,214.516387069
1241,248.59811596900002,9.9,15.0,96758.5,14.875,14.4799995422,0.509999990463,-2.72357320786,17.3107395172,19.4748497009,34.0301707,108.7564716,34.0301551819,108.756958008,20.0,-0.00446806116762,0.119704920695,-0.018254095118,0.992631660095,7.46085119247,-0.0454495698214,-0.145500585437,-6.21149969101,0.814302861691,16.5782756805,215.389993191
1242,248.80010752700002,9.9,15.0,96756.25,14.873000145,14.6199998856,0.509999990463,-0.925180017948,17.2456874847,19.4489612579,34.0301703,108.7564878,34.0301551819,108.756958008,20.0,-0.00562595100005,0.11458933642,-0.0206206828087,0.99318298302,7.50368452072,-0.0837895423174,-0.110918596387,0.289640903473,1.99091291428,-2.38729119301,217.443260417
1243,248.99710207,9.9,15.0,96762.5,14.8719997406,14.8199996948,0.509999990463,0.534119963646,17.1904754639,19.4280834198,34.0301698,108.7565042,34.0301551819,108.756958008,20.0,-0.00208670627484,0.114520579105,-0.0231033429203,0.993150066331,7.54389476776,-0.0941288992763,-0.0815485492349,-1.91009104252,1.06210660934,0.507792115211,220.403031617
1244,249.199092197,8.4,18.0,96755.5,14.8649997711,14.779999733,0.509999990463,1.84469413757,17.1356639862,19.4120845795,34.0301694,108.7565206,34.0301551819,108.756958008,20.0,-0.00533890461991,0.108651156298,-0.0243027579352,0.993768529187,7.54897785187,-0.122239969671,-0.0742043629289,-3.12986063957,-0.372866809368,18.5944423676,219.704692648
1245,249.402089405,8.4,18.0,96758.75,14.8640003204,14.7299995422,0.5,3.66449069977,17.0583705902,19.3971118927,34.0301689,108.756537,34.0301551819,108.756958008,20.0,-0.00817128874368,0.109497391259,-0.0248781045642,0.993642130788,7.56628274918,-0.147361114621,-0.0419976115227,-3.83741259575,-1.44839119911,9.22100925446,218.946717916
1246,249.599083471,8.4,18.0,96763.25,14.8660001755,14.7899999619,0.5,4.90456151962,17.008348465,19.3902664185,34.0301683,108.7565535,34.0301551819,108.756958008,20.0,-0.00764410015744,0.108372539288,-0.0240767665335,0.99378934973,7.59532499313,-0.17313747108,-0.0539555214345,-3.59290647507,0.136283755302,13.097155571,219.868142028
1247,249.796082783,8.4,18.0,96754.75,14.857000351,14.6000003815,0.5,6.46465444565,16.939907074,19.3883152008,34.0301678,108.7565701,34.0301551819,108.756958008,20.0,-0.00398542706861,0.109673844309,-0.0254015684227,0.993635050117,7.60566520691,-0.172652006149,-0.00291119120084,-3.83648276329,-0.20443059504,14.336763382,216.912210791
1248,249.99808054000002,8.4,18.0,96756.4921875,14.8649997711,14.5699996948,0.509999990463,7.98658370972,16.8741893768,19.3811511993,34.0301673,108.7565866,34.0301551819,108.756958008,20.0,-0.00704377098396,0.112496882369,-0.0263772258189,0.993276928346,7.61955499649,-0.181739613414,-0.0369705855846,-2.71470499039,-2.08300828934,14.348988533,216.583042129
1249,250.200074005,6.8,19.0,96758.25,14.8629999161,14.4899997711,0.5,9.51045131683,16.8101997375,19.375082016,34.0301668,108.7566033,34.0301551819,108.756958008,20.0,-0.00566499478684,0.110500623231,-0.0260061228178,0.993519652046,7.63408374786,-0.207404524088,-0.00962125509977,-0.395592182875,-0.606921613216,2.83584403992,215.364865382
1250,250.397072363,6.8,19.0,96761.7421875,14.8509998322,14.3599996567,0.5,11.3131217957,16.7374248505,19.3687477112,34.0301663,108.7566201,34.0301551819,108.756958008,20.0,-0.00632739046311,0.108781047617,-0.0263601563453,0.993696078754,7.6619477272,-0.205804690719,-0.0317873172462,-4.86496257782,-0.779853105545,21.1429901123,213.260352491
1251,250.599072027,6.8,19.0,96760.5,14.8500003815,14.4399995804,0.5,12.6512317657,16.6858005524,19.3666439056,34.0301658,108.756637,34.0301551819,108.756958008,20.0,-0.00602300592316,0.112435358507,-0.0265116321188,0.993287085736,7.68430185318,-0.222362115979,-0.0353127457201,-3.67323899269,-1.36799693108,15.0772237778,214.433999277
1252,250.79706959700002,6.8,19.0,96761.25,14.8409996033,14.5200004578,0.5,14.1903047562,16.6285686493,19.3604450226,34.0301654,108.7566539,34.0301551819,108.756958008,20.0,-0.00378628847776,0.111744703369,-0.0255439826238,0.993401430136,7.68898916245,-0.229401856661,-0.042144138366,-2.10881996155,-2.64682793617,16.017244339,215.491321033
1253,250.999068069,6.8,19.0,96757.0,14.8489999771,14.6599998474,0.5,15.7751140594,16.5769805908,19.3485145569,34.0301649,108.7566708,34.0301551819,108.756958008,20.0,-0.00531527077461,0.10999982384,-0.0248862810528,0.993605800204,7.71060323715,-0.230548322201,-0.0220943223685,-2.8763718605,4.40724468231,4.78017139435,217.686337399
1254,251.196056652,5.0,20.0,96762.5,14.8470001221,14.720000267,0.490000009537,17.3674640656,16.5213298798,19.3455715179,34.0301645,108.7566877,34.0301551819,108.756958008,20.0,-0.00199058511846,0.108246625578,-0.0260060806709,0.993781931884,7.73654127121,-0.228790596128,-0.00560643570498,-5.13150691986,1.10702776909,15.1828193665,218.547845761
1255,251.39805345500002,5.0,20.0,96761.9921875,14.8389997482,14.8100004196,0.5,18.9212665558,16.4732437134,19.3362007141,34.0301642,108.7567048,34.0301551819,108.756958008,20.0,-0.000244989093682,0.111107743315,-0.0267731954607,0.993447665229,7.74346065521,-0.237094178796,-0.0128432456404,-0.588401019573,1.71969783306,-2.41411280632,219.765592498
1256,251.60004477500001,5.0,20.0,96762.2421875,14.8509998322,14.7700004578,0.5,20.4758358002,16.4297580719,19.3260173798,34.0301638,108.7567218,34.0301551819,108.756958008,20.0,0.00434812704183,0.0808629593581,-0.0283350312259,0.996312934431,7.71957969666,-0.241739332676,-0.0460000485182,-1.08756756783,-0.178847938776,8.90027236938,219.349274319
1257,251.80203967100002,5.0,20.0,96762.2421875,14.8500003815,14.5699996948,0.5,22.2878074646,16.3762149811,19.3221263885,34.0301634,108.7567388,34.0301551819,108.756958008,20.0,0.00260672857975,0.0331082816749,-0.0293535098202,0.999017286966,7.563372612,-0.261182814837,0.0148089127615,-4.23122501373,-1.65278315544,17.3880844116,216.364501026
1258,251.99903612100002,5.0,20.0,96761.2578125,14.8540000916,14.2299995422,0.5,23.5902423859,16.3365001678,19.3272247314,34.0301629,108.7567556,34.0301551819,108.756958008,20.0,0.00383454382049,-0.000543946403701,-0.0305224526636,0.99952663163,7.26455497742,-0.278915256262,0.0688929334283,-2.16978526115,-1.94323039055,6.92484712601,211.372414503
1259,252.19602613400002,3.6,27.0,96765.0,14.857000351,14.0600004196,0.5,25.0374717712,16.2895889282,19.3312034607,34.0301625,108.756772,34.0301551819,108.756958008,20.0,0.00490226985479,-0.010040691136,-0.0313677498574,0.999445541094,6.93423986435,-0.283727884293,-0.00542937871069,-0.580937087536,-3.56300640106,11.9143123627,208.889431169
1260,252.399022865,3.6,27.0,96762.5,14.8669996262,14.1499996185,0.5,26.464422226,16.2369632721,19.330619812,34.030162,108.7567876,34.0301551819,108.756958008,20.0,0.0040740954768,-0.0155712618422,-0.0311397775538,0.999385481834,6.5620880127,-0.295331895351,0.000481716240757,0.429720789194,-1.01161265373,2.9130988121,210.368039039
1261,252.596006918,3.6,27.0,96757.0,14.8529996872,14.3900003433,0.5,27.8245658875,16.1833515167,19.3227901459,34.0301615,108.7568025,34.0301551819,108.756958008,20.0,0.00393568127503,-0.0230911460174,-0.0307572106099,0.999252424234,6.18883562088,-0.310886025429,-0.011562670581,-3.19711089134,1.63805997372,15.4135923386,213.734670598
1262,252.798006582,3.6,27.0,96763.5,14.8629999161,14.5500001907,0.5,29.081817627,16.1210746765,19.3150272369,34.030161,108.7568166,34.0301551819,108.756958008,20.0,0.00142807088772,-0.0326738583022,-0.031061553003,0.998982305082,5.78707885742,-0.312041848898,-0.0282057598233,-0.886801600456,-0.782125711441,12.4114990234,216.256651614
1263,252.99999933200002,3.6,27.0,96760.25,14.8660001755,14.8100004196,0.509999990463,30.2638950348,16.0537624359,19.3089466095,34.0301605,108.7568297,34.0301551819,108.756958008,20.0,0.000950518118131,-0.0357333085723,-0.0313315457145,0.998869688702,5.38089418411,-0.334636837244,-0.0384309776127,-0.274868041277,3.99134969711,4.04818344116,220.165468837
1264,253.19699697500002,2.8,29.0,96766.0,14.8699998856,15.0399999619,0.509999990463,31.5487003326,15.9700136185,19.2986183167,34.0301598,108.756842,34.0301551819,108.756958008,20.0,-0.00361674751127,-0.038094036534,-0.0313389635599,0.998776122699,4.90380048752,-0.343967407942,-0.0573274828494,-0.484886199236,0.306483417749,3.58775138855,223.644797712
1265,253.398988056,2.8,29.0,96766.75,14.8620004654,15.2399997711,0.5,32.423412323,15.901638031,19.2885150909,34.0301593,108.7568532,34.0301551819,108.756958008,20.0,-0.0060781234643,-0.038721790135,-0.0284633683797,0.998826108861,4.55906009674,-0.355173885822,-0.079054184258,-1.77922356129,2.18573212624,6.87799739838,226.496883691
1266,253.59598498300002,2.8,29.0,96768.0,14.8640003204,15.5399999619,0.509999990463,33.3510284424,15.8272647858,19.2782993317,34.0301587,108.7568636,34.0301551819,108.756958008,20.0,-0.0133371384036,-0.038451065122,-0.0257287965546,0.998840185908,4.1690030098,-0.338747084141,-0.0221691001207,-1.30567777157,-0.859021604061,11.0883426666,230.986564413
1267,253.79898815200002,2.8,29.0,96769.25,14.8540000916,15.7700004578,0.5,34.2174568176,15.7546262741,19.265329361,34.0301582,108.756873,34.0301551819,108.756958008,20.0,-0.0162361310116,-0.0328420038129,-0.0217128340942,0.999092771972,3.79612708092,-0.307583123446,-0.0440025553107,-2.66556334496,-2.91752409935,13.6259012222,234.247588243
1268,253.995979118,2.8,29.0,96771.75,14.8599996567,16.0499992371,0.509999990463,34.9994773865,15.6940641403,19.2364711761,34.0301579,108.7568816,34.0301551819,108.756958008,20.0,-0.0165924747133,-0.0306782504648,-0.0198790668623,0.999193882261,3.4429628849,-0.262209653854,-0.0833965465426,-1.11307072639,0.321396917105,8.39318370819,238.502983152
1269,254.19797449100002,3.5,46.0,96769.75,14.8439998627,16.6000003815,0.509999990463,35.6895332336,15.6513004303,19.1981601715,34.0301575,108.7568893,34.0301551819,108.756958008,20.0,-0.0176101867617,-0.0271346409066,-0.021141154241,0.999253098583,3.12923812866,-0.221974506974,-0.0944637879729,-0.32765096426,0.372469425201,8.50333881378,246.410403383
1270,254.39997177100003,3.5,46.0,96773.25,14.8559999466,17.0499992371,0.509999990463,36.3227119446,15.6135940552,19.1580791473,34.0301573,108.7568962,34.0301551819,108.756958008,20.0,-0.0147684914772,-0.0238809193481,-0.0225014016298,0.999352480852,2.79611587524,-0.191495001316,-0.0380642525852,0.677765846252,0.0768288075924,3.48823904991,253.294787755
1271,254.59696416900002,3.5,46.0,96766.5,14.8479995728,17.5900001526,0.509999990463,36.8825340271,15.5870800018,19.126077652,34.0301572,108.7569026,34.0301551819,108.756958008,20.0,-0.0134626102302,-0.0190968391347,-0.0246908461163,0.999422107446,2.50957155228,-0.156777739525,0.00719773070887,-2.91705369949,-0.486098647118,19.3655738831,261.17631475
1272,254.79895381900002,3.5,46.0,96771.25,14.8409996033,17.8899993896,0.509999990463,37.3738861084,15.5775194168,19.1012458801,34.0301573,108.7569082,34.0301551819,108.756958008,20.0,-0.0121973447157,-0.0157111445982,-0.0290556158949,0.99937991845,2.2508919239,-0.116113312542,0.0424181111157,-1.91740524769,-0.96644115448,18.3101768494,265.505473844
1273,254.995945024,3.5,46.0,96767.75,14.8389997482,18.1100006104,0.509999990463,37.8095436096,15.5810670853,19.0903739929,34.0301575,108.7569132,34.0301551819,108.756958008,20.0,-0.00541639719853,-0.0145193084428,-0.0358271814578,0.999237883571,2.00480818748,-0.0932718217373,0.0970365777612,-1.22190594673,-0.635915994644,11.575345993,268.734294497
1274,255.198938894,4.7,29.0,96768.9921875,14.8280000687,17.9099998474,0.509999990463,38.203338623,15.5962696075,19.0958003998,34.0301577,108.7569176,34.0301551819,108.756958008,20.0,-0.00496943843115,-0.00859318824617,-0.0444294796794,0.998963212559,1.8024533987,-0.0732569023967,0.091575101018,-1.89553654194,-0.883688211441,7.92347097397,265.569478967
1275,255.400928068,4.7,29.0,96772.75,14.8299999237,18.0799999237,0.509999990463,38.5489006042,15.6147289276,19.1075458527,34.0301581,108.7569216,34.0301551819,108.756958008,20.0,-0.00220149881439,-0.00593148832216,-0.0547216557921,0.998481642668,1.60087025166,-0.0691567286849,0.126728370786,-0.233618766069,-0.717322826385,1.32103717327,268.126397489
1276,255.59792285,4.7,29.0,96766.5,14.8240003586,17.9899997711,0.509999990463,38.8477058411,15.6504192352,19.1167793274,34.0301584,108.7569251,34.0301551819,108.756958008,20.0,0.0027159020677,-0.00233118238293,-0.0692511074666,0.99759293422,1.44112348557,-0.0537693277001,0.108002513647,-1.16655802727,0.907591223717,5.08066606522,266.683763058
1277,255.799915123,4.7,29.0,96767.9921875,14.8249998093,18.2999992371,0.509999990463,39.1236839294,15.6861124039,19.1254730225,34.030159,108.7569283,34.0300292969,108.75655365,20.0,0.00604437437536,-0.00301561030368,-0.10070302458,0.994893597161,1.2702152729,-0.0642585530877,0.121856480837,-1.61722612381,1.22462654114,12.0343980789,271.297485199
1278,256.001910257,4.7,29.0,96768.9921875,14.8219995499,18.4099998474,0.509999990463,39.3454780579,15.7207889557,19.1423969269,34.0301594,108.7569311,34.0300292969,108.75655365,20.0,0.0512646547148,-0.0319563523288,-0.172773545478,0.983107315268,1.08161723614,-0.129352629185,0.114988900721,-0.495492041111,-1.58001756668,14.7804718018,272.873009451
1279,256.19889884,7.2,356.0,96770.2421875,14.8219995499,18.5200004578,0.509999990463,39.5263557434,15.7390928268,19.16472435,34.0301597,108.7569336,34.0300292969,108.75655365,20.0,0.0777454840728,-0.0672414976559,-0.250938753552,0.96252995942,0.743229985237,-0.274384886026,0.101193346083,-0.902010023594,-0.627105236053,12.1213350296,274.503438448
1280,256.400889206,7.2,356.0,96769.9921875,14.8190002441,18.8600006104,0.509999990463,39.6271057129,15.7284317017,19.1898365021,34.0301599,108.7569354,34.0300292969,108.75655365,20.0,0.0993085486823,-0.0943173608309,-0.328969850353,0.934355887008,0.271466553211,-0.446203798056,0.11280413717,-3.28031015396,-0.0335949957371,20.9468231201,279.486353649
1281,256.59788279500003,7.2,356.0,96769.25,14.8059997559,18.8099994659,0.509999990463,39.6413421631,15.6888380051,19.2134094238,34.0301597,108.7569362,34.0300292969,108.75655365,20.0,0.108092671701,-0.0867781292766,-0.403018470366,0.904633529043,-0.274971425533,-0.615631520748,0.112027704716,-0.293981730938,0.278849124908,12.4823703766,278.5008475
1282,256.795866537,7.2,356.0,96766.75,14.8059997559,18.6800003052,0.509999990463,39.5589904785,15.6191959381,19.2299594879,34.0301592,108.7569358,34.0300292969,108.75655365,20.0,0.114270390144,-0.0739080391991,-0.47354464644,0.870192726021,-0.760171413422,-0.774691164494,0.0752637833357,0.245202019811,1.89637446404,6.19526529312,276.576079958
1283,256.99786739300004,7.2,356.0,96766.0,14.795999527,18.6000003815,0.5,39.3529014587,15.5120506287,19.2537288666,34.0301585,108.7569343,34.0300292969,108.75655365,20.0,0.119832222617,-0.0599759901263,-0.542870385439,0.829056653767,-1.26140058041,-0.958983838558,0.063417211175,-0.43247756362,-1.06557607651,15.3319330215,275.205596846
1284,257.199861813,9.2,358.0,96766.25,14.7810001373,18.5799999237,0.5,39.108707428,15.4012842178,19.2697277069,34.0301576,108.7569318,34.0300292969,108.75655365,20.0,0.124157890657,-0.048472271243,-0.609811756045,0.781258634636,-1.63555395603,-1.07819712162,0.077237047255,-1.59290766716,0.6548589468,13.1200971603,274.630981424
1285,257.396855402,9.2,358.0,96763.5,14.7849998474,18.4699993134,0.5,38.7699584961,15.2621202469,19.2853050232,34.0301564,108.7569283,34.0300292969,108.75655365,20.0,0.126662975526,-0.0346881312666,-0.671011996217,0.729723341177,-2.00376439095,-1.20041406155,0.065015822649,0.05287662521,1.25039875507,4.34502840042,273.07893703
1286,257.59884123800003,9.2,358.0,96761.2578125,14.7760000229,18.5100002289,0.5,38.3311462402,15.0955162048,19.3017940521,34.0301549,108.7569238,34.0300292969,108.75655365,20.0,0.133899278582,-0.0235799974352,-0.727771467939,0.672208092167,-2.35752892494,-1.32063090801,0.0370225086808,-1.83211040497,0.454142093658,13.975525856,273.503763806
1287,257.800830173,9.2,358.0,96753.5,14.7720003128,18.4200000763,0.5,37.7284698486,14.8821239471,19.332950592,34.0301533,108.7569183,34.0300292969,108.75655365,20.0,0.130303456981,-0.00909923590734,-0.779154742984,0.613071061402,-2.68816781044,-1.44311070442,0.0178468693048,-3.38568782806,0.281059533358,18.0625495911,272.100246889
1288,257.977821875,9.2,358.0,96752.0,14.7860002518,18.2700004578,0.5,37.2097434998,14.6993770599,19.3682365417,34.0301516,108.7569121,34.0300292969,108.75655365,20.0,0.130289469496,0.00201653704043,-0.818352860995,0.559749365867,-2.99127674103,-1.54103660583,0.0274321697652,-0.116173766553,2.12286758423,6.33753919601,270.140231368
1289,258.195812511,9.5,359.0,96754.5,14.7919998169,18.1599998474,0.5,36.533996582,14.4695234299,19.4149570465,34.0301495,108.7569051,34.0300292969,108.75655365,20.0,0.152709580391,0.0103433213133,-0.858538637719,0.489371441332,-3.276460886,-1.66329944134,0.000260724104009,-0.0806651860476,0.245358750224,7.71511507034,268.622714418
1290,258.397816229,9.5,359.0,96758.5,14.7939996719,18.0699996948,0.5,35.8000221252,14.2220439911,19.4610805511,34.0301474,108.7568975,34.0300292969,108.75655365,20.0,0.168487147764,0.0198185439879,-0.890671479317,0.421810043169,-3.6078877449,-1.80325269699,-0.0205689836293,-1.50040030479,0.433475196362,7.01012039185,267.327569557
1291,258.599804211,9.5,359.0,96752.0,14.7709999084,18.0100002289,0.490000009537,34.9508972168,13.9386100769,19.4995231628,34.0301451,108.7568893,34.0300292969,108.75655365,20.0,0.181257284615,0.0296446602497,-0.918567656483,0.350000727365,-3.97355628014,-1.96588850021,-0.0156856644899,-0.337845981121,0.665669679642,8.06371498108,266.025711732
1292,258.801797915,9.5,359.0,96756.75,14.7709999084,17.9400005341,0.490000009537,34.0988731384,13.6536979675,19.5239219666,34.0301425,108.7568804,34.0300292969,108.75655365,20.0,0.193757465633,0.0431815378368,-0.941126525341,0.273631796902,-4.34174823761,-2.10935091972,-0.076073795557,-2.35751056671,-0.18425911665,12.3069372177,264.991746246
1293,258.99879770300004,9.5,359.0,96757.25,14.7690000534,18.1000003815,0.490000009537,33.1253967285,13.3199987411,19.5450878143,34.0301396,108.7568705,34.0300292969,108.75655365,20.0,0.199926115259,0.0537735518981,-0.958054807045,0.198164324308,-4.76614618301,-2.29616880417,-0.0611089169979,-2.89598345757,-0.984933435917,15.284321785,267.318906601
1294,259.200789261,9.5,5.0,96759.75,14.7629995346,18.2099990845,0.490000009537,32.0892333984,12.9598989487,19.5610237122,34.0301365,108.75686,34.0300292969,108.75655365,20.0,0.200553560661,0.0780310177762,-0.962665503685,0.164208968686,-5.16941642761,-2.5284883976,-0.0761720687151,-2.50915193558,0.411939948797,7.53144025803,268.834208009
1295,259.397782612,9.5,5.0,96757.0,14.7580003738,17.7999992371,0.490000009537,30.9588413239,12.5430850983,19.5665435791,34.0301329,108.7568485,34.0300292969,108.75655365,20.0,0.196135174823,0.0817328439696,-0.963665058344,0.161865435321,-5.54063272476,-2.77638220787,-0.104191280901,0.0100033953786,-1.79483497143,3.46165060997,262.692395395
1296,259.594770718,9.5,5.0,96762.0,14.765999794,17.9200000763,0.490000009537,29.755821228,12.0686635971,19.5618038177,34.0301288,108.7568362,34.0300292969,108.75655365,20.0,0.181338454177,0.0838890503976,-0.965527949048,0.166837751921,-5.85700941086,-3.03884291649,-0.126023620367,-5.04176712036,-0.242909580469,20.1089458466,264.606717435
1297,259.797768879,9.5,5.0,96748.75,14.7770004272,17.5599994659,0.490000009537,28.5338726044,11.5638799667,19.5584430695,34.0301242,108.7568234,34.0300292969,108.75655365,20.0,0.154816132564,0.0614490619944,-0.971117674832,0.170840733152,-6.05422639847,-3.22353672981,-0.194267138839,-4.32754945755,-0.403109967709,11.1617355347,259.484119611
1298,259.999759245,9.5,5.0,96754.75,14.7869997025,17.0699996948,0.5,27.25025177,11.0062074661,19.5606918335,34.0301192,108.7568101,34.0300292969,108.75655365,20.0,0.129944144561,0.037302547695,-0.975881322385,0.171402508496,-6.2013502121,-3.30756258965,-0.174928605556,-3.1162571907,2.44838809967,11.077548027,252.414080408
1299,260.196753788,9.6,5.0,96748.25,14.7860002518,16.4500007629,0.490000009537,25.9421157837,10.4362812042,19.5763206482,34.030114,108.7567962,34.0300292969,108.75655365,20.0,0.1094740261,0.032933673867,-0.978113419482,0.173853094856,-6.26117086411,-3.31293153763,-0.122260048985,-2.28729724884,-0.556196808815,12.6883773804,243.229715422
1300,260.398749161,9.6,5.0,96754.25,14.7840003967,15.9099998474,0.490000009537,24.6459560394,9.87170791626,19.595205307,34.0301088,108.7567824,34.0300292969,108.75655365,20.0,0.114905993596,0.0292500103311,-0.977382087367,0.1751149715,-6.27510738373,-3.31143164635,-0.154979363084,-2.26658248901,-2.27082681656,19.6934089661,235.213444056
1301,260.60073285100003,9.6,5.0,96750.0,14.8030004501,15.6599998474,0.490000009537,23.3431053162,9.29732131958,19.6114368439,34.0301034,108.7567685,34.0300292969,108.75655365,20.0,0.11436029464,0.024150117855,-0.977521087673,0.175474315531,-6.32404756546,-3.29400491714,-0.197380751371,-1.37021660805,-1.96414005756,5.51270961761,231.81498479
1302,260.79772644,9.6,5.0,96756.75,14.7989997864,15.1300001144,0.490000009537,21.9998970032,8.70049571991,19.6226787567,34.0300981,108.7567545,34.0300292969,108.75655365,20.0,0.0967286953039,0.0137117685691,-0.979636311559,0.175409030062,-6.34576272964,-3.24644517899,-0.171376883984,-0.458690792322,0.135652512312,6.11624479294,223.908868461
1303,260.999717045,9.6,5.0,96749.25,14.8240003586,14.8599996567,0.5,20.6602554321,8.11930847168,19.6252746582,34.0300929,108.7567405,34.0300292969,108.75655365,20.0,0.0527021013007,0.00921014402211,-0.98288368409,0.176287918294,-6.27012491226,-3.15979123116,-0.175251305103,-2.29897022247,-0.163262352347,7.15534925461,220.284640239
1304,261.197712708,9.1,4.0,96753.0,14.8269996643,14.3999996185,0.5,19.3843898773,7.57229995728,19.6402263641,34.0300879,108.7567267,34.0300292969,108.75655365,20.0,0.016440133283,0.00760650879056,-0.984072014484,0.176844973191,-6.07389354706,-3.04160833359,-0.136257439852,-1.91636395454,1.63448345661,11.7391233444,213.50878951
1305,261.399701643,9.1,4.0,96754.75,14.8470001221,14.0200004578,0.5,17.9349746704,6.95589542389,19.661397934,34.0300831,108.7567131,34.0300292969,108.75655365,20.0,0.00727603716238,0.00366823960025,-0.984389085225,0.175817390878,-5.77513074875,-2.87605547905,-0.167983174324,-1.89382719994,0.621901631355,0.648781180382,208.154948508
1306,261.596688557,9.1,4.0,96751.25,14.8380002975,13.9399995804,0.5,16.9098777771,6.52408266068,19.6606349945,34.0300785,108.7567001,34.0300292969,108.75655365,20.0,0.0106872432192,-0.00630807173069,-0.984609850418,0.174325561028,-5.55500221252,-2.74134778976,-0.232673838735,-1.45062935352,-0.135488972068,12.619726181,206.841717922
1307,261.798682261,9.1,4.0,96754.5,14.8439998627,14.1300001144,0.5,15.566157341,5.98639631271,19.6423912048,34.0300741,108.7566876,34.0300292969,108.75655365,20.0,0.00690855039377,-0.00543467707698,-0.984916553034,0.172806630754,-5.27758598328,-2.54303646088,-0.296425849199,-1.33468413353,1.20161175728,2.00462341309,209.745719758
1308,261.980672646,9.1,4.0,96752.5,14.8280000687,14.1400003433,0.5,14.5152959824,5.56775856018,19.6220989227,34.0300701,108.7566758,34.0300292969,108.75655365,20.0,-0.00144135801098,-0.000754584992666,-0.985068871745,0.172152933134,-5.02114915848,-2.39507246017,-0.282628208399,-0.446248054504,-0.490854859352,9.005610466,209.667926062
1309,262.197668362,6.8,3.0,96755.0,14.8299999237,14.3500003815,0.490000009537,13.6235198975,5.21816587448,19.6020298004,34.0300663,108.7566645,34.0300292969,108.75655365,20.0,0.00381337531887,-0.00224642612013,-0.985132260605,0.171740905543,-4.79091215134,-2.25975060463,-0.332279115915,-5.09499311447,3.67794084549,10.3494634628,212.810504562
1310,262.39966397300003,6.8,3.0,96754.0,14.8249998093,14.6099996567,0.490000009537,12.6246051788,4.83755779266,19.5732917786,34.0300627,108.7566538,34.0300292969,108.75655365,20.0,0.000400743430898,0.00141528014238,-0.985078734107,0.172098057937,-4.52822256088,-2.0982863903,-0.301752537489,-2.64043545723,-0.278866350651,16.3651695251,216.593242124
1311,262.597658205,6.8,3.0,96751.25,14.8269996643,14.75,0.490000009537,11.7063341141,4.49370861053,19.5486507416,34.0300594,108.7566438,34.0300292969,108.75655365,20.0,-0.00699303803215,0.000636939638309,-0.984946097975,0.172719260337,-4.25383615494,-1.94254851341,-0.240014851093,-1.47839164734,-4.1145825386,16.5931129456,218.698245049
1312,262.799651432,6.8,3.0,96758.5,14.8149995804,14.8299999237,0.490000009537,10.8311004639,4.16171646118,19.5322227478,34.0300564,108.7566344,34.0300292969,108.75655365,20.0,-0.0055705162051,-0.00252525065441,-0.98521845091,0.171193797302,-3.97090601921,-1.82776331902,-0.240115061402,-0.494257062674,-0.430980741978,12.5347471237,219.706442647
1313,263.001644659,6.8,3.0,96769.2421875,14.8229999542,14.9399995804,0.490000009537,9.88244056702,3.80948114395,19.5106468201,34.0300536,108.7566256,34.0300292969,108.75655365,20.0,-0.00441595461545,-0.00341862361402,-0.985726193994,0.168264296303,-3.65647125244,-1.68360936642,-0.233882918954,0.621723592281,-0.59396904707,5.34339904785,221.455613096
1314,263.198640394,5.2,359.0,96762.5,14.8249998093,15.1400003433,0.490000009537,9.26659965515,3.57782292366,19.4893417358,34.0300509,108.7566175,34.0300292969,108.75655365,20.0,-0.00201744360926,-0.0034776219991,-0.986093588073,0.166142750389,-3.41580414772,-1.55905461311,-0.268057137728,0.359095841646,-1.45666193962,1.39966475964,224.450502202
1315,263.40062718400003,5.2,359.0,96768.9921875,14.8249998093,15.6300001144,0.490000009537,8.60156536102,3.32774996758,19.4406776428,34.0300485,108.7566099,34.0300292969,108.75655365,20.0,-0.00336489803017,-0.00973151206272,-0.985790720819,0.167662565747,-3.2286298275,-1.43874645233,-0.244122341275,-0.175316229463,-0.913023412228,10.7017679214,231.714748715
1316,263.59762053500003,5.2,359.0,96766.0,14.8090000153,15.9300003052,0.490000009537,7.95232009888,3.09378027916,19.3856143951,34.0300463,108.7566031,34.0300292969,108.75655365,20.0,-0.00687480821955,-0.00342751672253,-0.984598765797,0.174660923501,-2.99206995964,-1.27844727039,-0.251742988825,-2.87414765358,-1.46612107754,16.9936771393,235.907374762
1317,263.79961710000003,5.2,359.0,96765.0,14.8009996414,16.6200008392,0.490000009537,7.35017490387,2.88505983353,19.3146896362,34.0300441,108.7565966,34.0300292969,108.75655365,20.0,-0.00562248878462,0.00594020934476,-0.983048267534,0.183164640244,-2.72787475586,-1.13979077339,-0.152130618691,0.0912295281887,0.707405567169,8.06400680542,245.992626462
1318,263.996605921,5.2,359.0,96766.75,14.7840003967,17.0,0.490000009537,6.83960914612,2.69536375999,19.265083313,34.0300421,108.7565906,34.0300292969,108.75655365,20.0,0.00996706454287,0.0169946247952,-0.981587499911,0.189994832073,-2.51479458809,-1.07074201107,-0.111401811242,1.43627595901,0.929931938648,6.12467861176,251.328006744
1319,264.199596453,3.0,341.0,96773.25,14.7810001373,17.2800006866,0.490000009537,6.33872652054,2.49928188324,19.2227191925,34.0300403,108.7565852,34.0300292969,108.75655365,20.0,0.0485646097197,0.0217764363228,-0.97938461058,0.194867387083,-2.4045021534,-1.05708670616,-0.0678187981248,-2.01030659676,-0.318998634815,17.3755989075,255.415692522
1320,264.41657857900003,3.0,341.0,96765.75,14.7810001373,17.4899997711,0.479999989271,5.79314470291,2.27646875381,19.1846160889,34.0300385,108.7565802,34.0300292969,108.75655365,20.0,0.0580485396698,0.0154897083489,-0.97856654025,0.196972453579,-2.40937328339,-1.05667674541,0.0133757852018,-1.42439615726,0.0908375680447,9.22539997101,258.519689019
1321,264.598576593,3.0,341.0,96767.75,14.7720003128,18.1599998474,0.479999989271,5.37543535233,2.0956454277,19.1641387939,34.0300365,108.7565751,34.0301895142,108.75617218,20.0,0.059441994824,0.0133128117695,-0.979524200942,0.191890555173,-2.42681741714,-1.05568170547,0.0852308049798,-4.09211778641,2.30714511871,22.1650924683,268.259523427
1322,264.800570774,3.0,341.0,96768.25,14.7650003433,18.1700000763,0.490000009537,4.92212200165,1.89778912067,19.1510906219,34.0300346,108.7565703,34.0301895142,108.75617218,20.0,0.0814266734569,-0.027998346395,-0.988448121765,0.12472474733,-2.47797489166,-0.997124373913,0.0935176834464,-3.68625378609,0.923116803169,18.374666214,268.280057365
1323,264.997561741,3.0,341.0,96767.7421875,14.7609996796,18.4300003052,0.479999989271,4.36499166489,1.68846678734,19.1520557404,34.0300327,108.756565,34.0301895142,108.75617218,20.0,0.118624154327,-0.0692506701931,-0.989653563779,0.041454333643,-2.66585087776,-0.741478145123,0.179362639785,-1.25794005394,-0.227840855718,9.19196796417,272.045228599
1324,265.19954757700003,1.8,308.0,96773.0,14.7620000839,18.8600006104,0.479999989271,3.91796565056,1.58289027214,19.161649704,34.030031,108.7565597,34.0301895142,108.75617218,20.0,0.164976494408,-0.102396537637,-0.979776871299,-0.0483214882583,-2.94043111801,-0.421995431185,0.201724737883,-1.15344822407,0.759135782719,12.9502925873,278.411330593
1325,265.396536398,1.8,308.0,96765.5,14.7430000305,19.2900009155,0.479999989271,3.31546521187,1.51726567745,19.1790561676,34.0300297,108.7565537,34.0301895142,108.75617218,20.0,0.205572146598,-0.121428413332,-0.961817466946,-0.133799975339,-3.39496231079,0.0850123763084,0.256739884615,-1.80890727043,-0.499544262886,9.85395336151,284.392484086
1326,265.59952836,1.8,308.0,96767.2421875,14.7390003204,19.4699993134,0.479999989271,2.62284994125,1.53731966019,19.2003288269,34.0300291,108.7565466,34.0301895142,108.75617218,20.0,0.222747769717,-0.109782562104,-0.944632089465,-0.214479495807,-3.89484286308,0.611416935921,0.217492595315,-5.08936405182,-0.99473965168,21.733127594,286.968326118
1327,265.801521111,1.8,308.0,96765.75,14.7239999771,19.8199996948,0.479999989271,1.85336315632,1.63474369049,19.2236003876,34.0300295,108.7565386,34.0301895142,108.75617218,20.0,0.23777668262,-0.0940910585962,-0.933289213493,-0.252151929513,-4.40076303482,1.10712432861,0.240168243647,-3.10539364815,-0.447024464607,15.3013525009,291.829675053
1328,265.998515892,1.8,308.0,96764.2421875,14.7410001755,19.6900005341,0.479999989271,0.80480414629,1.85425031185,19.251625061,34.0300306,108.7565293,34.0301895142,108.75617218,20.0,0.237655794922,-0.0997892598313,-0.93042227949,-0.260530575483,-4.9849023819,1.64074969292,0.199579894543,-3.3036532402,-1.31890308857,13.5124368668,290.250301328
1329,266.20050292,0.0,249.0,96765.75,14.7259998322,19.5499992371,0.479999989271,0.0107794338837,2.07023620605,19.2747974396,34.0300326,108.756519,34.0301895142,108.75617218,20.0,0.233701182468,-0.106206660158,-0.93065256987,-0.260748390396,-5.34099388123,1.99170637131,0.162730947137,-1.34719574451,-0.763883769512,8.45505428314,287.893285484
1330,266.39749746300004,0.0,249.0,96760.5,14.7189998627,19.4300003052,0.479999989271,-1.06395018101,2.41799926758,19.3061904907,34.0300354,108.7565077,34.0301895142,108.75617218,20.0,0.232402416794,-0.115691481777,-0.93032104276,-0.259051052513,-5.75170326233,2.44072747231,0.143922314048,-0.000651869922876,0.296576917171,6.39445018768,285.990171824
1331,266.599496889,0.0,249.0,96762.2421875,14.7089996338,19.0100002289,0.479999989271,-2.19183158875,2.84200072289,19.3357543945,34.030039,108.7564952,34.0301895142,108.75617218,20.0,0.21559892664,-0.116394791507,-0.934023727695,-0.259940772485,-6.09855270386,2.85603117943,0.0864260196686,-2.39978146553,-0.996727466583,6.46879720688,279.618086405
1332,266.796488094,0.0,249.0,96762.75,14.7159996033,18.4799995422,0.469999998808,-3.42573785782,3.36138296127,19.3616390228,34.0300433,108.7564818,34.0301895142,108.75617218,20.0,0.185753787003,-0.104637177374,-0.941004678802,-0.262786949165,-6.35847568512,3.23016047478,0.0917598903179,0.386888980865,-1.18474531174,-0.352382987738,271.951665932
1333,266.999477911,0.0,249.0,96758.0,14.7139997482,17.5900001526,0.469999998808,-4.72020339966,3.94693422318,19.3930244446,34.0300485,108.7564678,34.0301895142,108.75617218,20.0,0.149853059294,-0.0870379599879,-0.947743306602,-0.267864021756,-6.50862312317,3.47933387756,0.0739066153765,-3.89208173752,0.211404800415,15.1966104507,258.819257817
1334,267.19647007000003,4.4,76.0,96751.9921875,14.7220001221,16.6100006104,0.469999998808,-6.01924562454,4.56890487671,19.421289444,34.0300542,108.7564534,34.0301895142,108.75617218,20.0,0.111748130434,-0.0710976056809,-0.953136606999,-0.27200745736,-6.55949878693,3.61795091629,0.0480389781296,-3.6338186264,-0.508778214455,13.7784395218,244.532431013
1335,267.39846472700003,4.4,76.0,96752.75,14.7220001221,15.6400003433,0.469999998808,-7.36423254013,5.24260044098,19.4596691132,34.0300602,108.7564387,34.0301895142,108.75617218,20.0,0.0827873930222,-0.0626494747042,-0.956407265663,-0.272958732804,-6.49985170364,3.70015311241,0.0462056398392,-3.71220731735,-2.83945727348,13.3495035172,230.252086964
1336,267.60044961,4.4,76.0,96750.25,14.7419996262,14.8199996948,0.469999998808,-8.71474742889,5.94454288483,19.5076351166,34.0300665,108.7564241,34.0301895142,108.75617218,20.0,0.0979636480147,-0.0582571652528,-0.955977852497,-0.270398838593,-6.43206596375,3.74472284317,0.0338959060609,-0.359347105026,0.897136688232,1.87766075134,218.476429961
1337,267.797443676,4.4,76.0,96756.25,14.7569999695,14.2899999619,0.479999989271,-10.0329399109,6.65188121796,19.5495471954,34.0300729,108.7564096,34.0301895142,108.75617218,20.0,0.103839571973,-0.0574669750635,-0.956064653932,-0.268058276581,-6.41427373886,3.78503894806,-0.0459307059646,-2.09040880203,3.0230050087,3.78052401543,210.877529001
1338,267.999428797,4.4,76.0,96753.5,14.7600002289,13.9099998474,0.469999998808,-11.3848638535,7.4019112587,19.5820236206,34.0300795,108.7563952,34.0301895142,108.75617218,20.0,0.106977136159,-0.0557154732116,-0.956229153081,-0.266603746692,-6.40406322479,3.86388635635,-0.118860393763,-2.83773684502,-0.0693099051714,11.1784467697,205.311600932
1339,268.19641881,6.4,29.0,96750.0,14.7749996185,13.7600002289,0.469999998808,-12.7391872406,8.16838359833,19.5920944214,34.0300862,108.756381,34.0301895142,108.75617218,20.0,0.105963941726,-0.049568676726,-0.956777525727,-0.266254475759,-6.41245126724,3.92294955254,-0.120433673263,-3.43287706375,1.32793045044,15.5011100769,203.303998133
1340,268.398414421,6.4,29.0,96751.75,14.7790002823,13.4499998093,0.469999998808,-14.0491704941,8.92317485809,19.6000385284,34.0300929,108.7563669,34.0301895142,108.75617218,20.0,0.0652978410776,-0.0331962671724,-0.960604564939,-0.268091382931,-6.37573003769,3.9139521122,-0.136393412948,-0.293878316879,-3.58498072624,8.166639328,198.777550978
1341,268.60140233,6.4,29.0,96755.25,14.7829999924,13.25,0.479999989271,-15.335524559,9.67537307739,19.6054515839,34.0300998,108.7563528,34.0301895142,108.75617218,20.0,0.0162658010759,-0.0326672063441,-0.961436585876,-0.272595068722,-6.23159885406,3.86422920227,-0.105931937695,-1.48708772659,-2.55361390114,15.3969964981,195.874749899
1342,268.798394012,6.4,29.0,96760.0,14.7950000763,13.0500001907,0.479999989271,-16.6062812805,10.4393386841,19.6064052582,34.0301066,108.756339,34.0301895142,108.75617218,20.0,-0.00579905139961,-0.0165982633195,-0.961290420605,-0.274975944194,-5.94530773163,3.76005196571,-0.111409142613,-3.56985163689,0.911663115025,19.1660194397,193.074753818
1343,269.000383186,6.4,29.0,96758.75,14.8159999847,12.8699998856,0.479999989271,-17.8231067657,11.1841115952,19.5997962952,34.0301132,108.7563257,34.0301895142,108.75617218,20.0,-0.00600103440883,-0.00672140801431,-0.961884606875,-0.273307013287,-5.66015481949,3.6120569706,-0.121347300708,0.209100857377,-0.188910961151,6.16442108154,190.681918108
1344,269.197373676,8.7,14.0,96756.25,14.8229999542,12.8599996567,0.490000009537,-18.9608516693,11.8808879852,19.5829143524,34.0301197,108.7563131,34.0301895142,108.75617218,20.0,-0.0135114409762,-0.00368151503435,-0.962321943649,-0.271551660267,-5.36838626862,3.47991752625,-0.118240147829,0.293526232243,-2.75537896156,13.1589307785,190.623774322
1345,269.399375725,8.7,14.0,96761.2421875,14.8360004425,12.9799995422,0.479999989271,-20.067155838,12.5674819946,19.5642967224,34.0301258,108.7563012,34.0301895142,108.75617218,20.0,-0.00999717006969,0.00566110591689,-0.962820014031,-0.269899693466,-5.08849430084,3.27088880539,-0.102045856416,0.0745104253292,-2.35075998306,2.20865011215,192.571278952
1346,269.60136156100003,8.7,14.0,96761.0,14.8330001831,13.0200004578,0.479999989271,-21.1125869751,13.2130727768,19.5363388062,34.0301316,108.7562898,34.0301895142,108.75617218,20.0,-0.0142140684535,0.00699717336239,-0.962367651906,-0.271288642859,-4.81637716293,3.07027292252,-0.177626341581,-2.16383337975,4.63556289673,8.87319755554,193.125669174
1347,269.798351336,8.7,14.0,96759.5,14.8310003281,13.4099998474,0.479999989271,-22.0735149384,13.8014354706,19.4908466339,34.0301372,108.7562792,34.0301895142,108.75617218,20.0,-0.0194659651852,0.00550363755295,-0.961983378015,-0.272357887332,-4.5432472229,2.84500193596,-0.214307665825,-4.91706418991,1.42885518074,8.00121498108,198.883712136
1348,269.996338654,8.7,14.0,96757.4921875,14.8210000992,13.9399995804,0.479999989271,-22.9697990417,14.3494215012,19.4403533936,34.0301421,108.7562692,34.0301895142,108.75617218,20.0,-0.0176907646214,0.0113746978311,-0.962069357586,-0.27199281133,-4.2274017334,2.61010861397,-0.233428895473,1.11891877651,1.7653772831,10.8813972473,206.604735163
1349,270.198339748,8.2,14.0,96758.75,14.8199996948,14.4499998093,0.479999989271,-23.8241939545,14.8569355011,19.3946094513,34.0301467,108.7562599,34.0301895142,108.75617218,20.0,-0.0183743809066,0.00922563035476,-0.962738818128,-0.269650373784,-3.88261938095,2.3396692276,-0.184080183506,-2.69463086128,2.55995988846,5.62557840347,214.148992764
1350,270.395329285,8.2,14.0,96751.7421875,14.8159999847,14.8199996948,0.479999989271,-24.6107807159,15.3150777817,19.3598537445,34.0301509,108.7562512,34.0301895142,108.75617218,20.0,-0.0181181540801,0.00824272929827,-0.963130594158,-0.268296975258,-3.63875246048,2.11195540428,-0.178658366203,-0.852737903595,-0.173982948065,1.66984641552,219.573115252
1351,270.59732489600003,8.2,14.0,96761.7421875,14.8170003891,15.0900001526,0.479999989271,-25.318769455,15.7130832672,19.3354873657,34.0301545,108.7562433,34.0301895142,108.75617218,20.0,-0.0145241312935,0.00328262244279,-0.963322151584,-0.267934301626,-3.35918354988,1.88325548172,-0.137234762311,-0.261510282755,-1.59381222725,10.9539461136,223.588538132
1352,270.79931407000004,8.2,14.0,96768.25,14.7950000763,15.3400001526,0.479999989271,-25.9864311218,16.0735645294,19.319108963,34.0301576,108.756236,34.0301895142,108.75617218,20.0,-0.00800718076938,-0.000673797715877,-0.962883065717,-0.269799552554,-3.11176395416,1.70035743713,-0.112130567431,-1.59416842461,1.40830504894,7.5259270668,226.955303428
1353,270.996301222,8.2,14.0,96768.7421875,14.7919998169,15.4399995804,0.479999989271,-26.6875724792,16.4341030121,19.2790145874,34.0301604,108.7562292,34.0301895142,108.75617218,20.0,-0.00589731681807,-0.00680628859796,-0.962372625234,-0.271583755092,-2.85664463043,1.51444387436,-0.093366086483,-2.39004349709,-0.896923661232,12.4834432602,228.388470966
1354,271.19828872700003,5.1,16.0,96767.59375,14.7829999924,15.6400003433,0.479999989271,-27.1522331238,16.6645679474,19.2433586121,34.0301629,108.7562229,34.0301895142,108.75617218,20.0,-0.00191347581275,-0.0126861292912,-0.962140016777,-0.27225393213,-2.67768573761,1.40277791023,-0.0650067180395,-0.565395116806,-1.73524284363,12.2926855087,231.206124956
1355,271.395281601,5.1,16.0,96767.7421875,14.7939996719,15.9600000381,0.479999989271,-27.660326004,16.90691185,19.2007350922,34.030165,108.7562171,34.0301895142,108.75617218,20.0,-0.00141890230181,-0.0123844210761,-0.962220791213,-0.271985014163,-2.45196843147,1.29482829571,-0.0682993605733,-4.39486551285,0.191396176815,19.0578117371,236.112235328
1356,271.598270941,5.1,16.0,96776.7421875,14.7910003662,16.25,0.479999989271,-28.127696991,17.126996994,19.1620082855,34.0301669,108.7562117,34.0301895142,108.75617218,20.0,-0.00317632348104,-0.0198218077345,-0.962092390839,-0.271984276593,-2.21537590027,1.19931995869,-0.0157221425325,-1.96364462376,-1.21199202538,13.79454422,240.353755951
1357,271.795258808,5.1,16.0,96773.25,14.8059997559,16.2900009155,0.490000009537,-28.5458316803,17.3188514709,19.1243534088,34.0301687,108.7562068,34.0301895142,108.75617218,20.0,0.000676520797417,-0.017392184822,-0.961532701764,-0.274138718122,-1.97844147682,1.12152338028,0.0270091481507,-3.35784959793,0.170503348112,13.9901599884,241.189749578
1358,271.997247028,5.1,16.0,96773.25,14.8050003052,16.6299991608,0.490000009537,-28.9151573181,17.4931564331,19.0746803284,34.0301702,108.7562025,34.0301895142,108.75617218,20.0,0.0045624924988,-0.0163362791677,-0.96082642595,-0.276631177376,-1.76937842369,1.04687047005,0.0434828624129,-1.06176757812,-0.0484638959169,2.09406661987,246.20714265
1359,272.199248362,3.6,19.0,96766.25,14.8000001907,17.0599994659,0.490000009537,-29.2474575043,17.6449375153,19.0328598022,34.0301716,108.7561985,34.0301895142,108.75617218,20.0,0.0117253566472,-0.0223135050523,-0.958872455906,-0.282716044336,-1.58085882664,0.983708381653,0.0557931140065,-2.70878005028,-1.10684132576,14.6729221344,252.48799535
1360,272.40124111200004,3.6,19.0,96771.5,14.8050003052,17.5,0.490000009537,-29.5558929443,17.787437439,19.0085430145,34.030173,108.7561949,34.0301895142,108.75617218,20.0,0.0119210558247,-0.0145562397834,-0.955927866335,-0.292997978765,-1.42055463791,0.931528508663,0.0983246564865,-1.46524238586,0.927691161633,11.2971830368,259.087505341
1361,272.598236847,3.6,19.0,96771.25,14.7910003662,17.5599994659,0.5,-29.8369121552,17.9226264954,18.9994812012,34.0301741,108.7561916,34.0301895142,108.75617218,20.0,0.00903996788944,-0.0170533778313,-0.951844216036,-0.305974192631,-1.28348600864,0.874730110168,0.16237591207,-0.100464269519,0.287547230721,3.5464258194,259.729958531
1362,272.795228052,3.6,19.0,96772.25,14.7919998169,18.1299991608,0.490000009537,-30.0859298706,18.036272049,19.0007038116,34.0301753,108.7561889,34.030166626,108.756973267,20.0,0.00991119329754,-0.0190646228081,-0.946824758186,-0.32103151251,-1.14165937901,0.819960236549,0.220444694161,-0.200295984745,-0.271916121244,9.35201072693,268.178944266
1363,272.99822073,3.6,19.0,96775.5,14.7829999924,17.9899997711,0.490000009537,-30.3018360138,18.1445617676,19.0090198517,34.0301763,108.7561863,34.030166626,108.756973267,20.0,-0.0239207955351,-0.030998802931,-0.9213003317,-0.386875721624,-0.946991503239,0.742646455765,0.250675201416,-0.789038956165,0.692378103733,10.7683258057,265.946166479
1364,273.200206566,3.9,10.0,96769.25,14.7790002823,18.0300006866,0.490000009537,-30.4704723358,18.2338790894,19.0129013062,34.0301773,108.7561842,34.030166626,108.756973267,20.0,-0.0620848656434,-0.0522283562355,-0.883834017156,-0.460711563271,-0.631628215313,0.669396102428,0.191751852632,-2.3957028389,1.10559272766,12.3317327499,266.465385238
1365,273.397205639,3.9,10.0,96769.5,14.767999649,18.3099994659,0.490000009537,-30.5606937408,18.319021225,19.0211219788,34.0301782,108.7561826,34.030166626,108.756973267,20.0,-0.0968826267899,-0.0785184585916,-0.839079743326,-0.529522331001,-0.0899015516043,0.561711668968,0.189263358712,-3.82909059525,0.376215219498,16.1285419464,270.402065687
1366,273.599198151,3.9,10.0,96772.25,14.7690000534,18.6000003815,0.490000009537,-30.545091629,18.3741474152,19.0327415466,34.0301789,108.756182,34.030166626,108.756973267,20.0,-0.096355080614,-0.0922590839225,-0.790768349238,-0.597402253972,0.382798492908,0.473949104548,0.165325835347,1.54495811462,0.00985361635685,4.75198125839,274.703406627
1367,273.801189232,3.9,10.0,96772.75,14.7609996796,18.8400001526,0.490000009537,-30.4372558594,18.421962738,19.0372619629,34.0301794,108.7561824,34.030166626,108.756973267,20.0,-0.0837005150319,-0.0986701418068,-0.736366996323,-0.664095060905,0.923138916492,0.373940676451,0.186353266239,-0.87758409977,0.788318872452,14.2701816559,278.097236215
1368,273.998177576,3.9,10.0,96770.7421875,14.7370004654,19.0300006866,0.479999989271,-30.2443351746,18.4513988495,19.0411071777,34.0301798,108.756184,34.030166626,108.756973267,20.0,-0.0699226239843,-0.112328778346,-0.676214395097,-0.724725691687,1.39236056805,0.307319313288,0.199970409274,-0.589186966419,0.526814520359,7.12582445145,280.445128976
1369,274.200166035,7.4,359.0,96768.4921875,14.7379999161,18.8099994659,0.479999989271,-29.9598712921,18.4644203186,19.054725647,34.03018,108.7561868,34.030166626,108.756973267,20.0,-0.0572181321674,-0.119759266422,-0.610849205989,-0.780542765146,1.83267462254,0.246534392238,0.2312143296,0.745475292206,1.2374792099,6.00008296967,277.22177055
1370,274.398165989,7.4,359.0,96763.7421875,14.7270002365,18.6800003052,0.479999989271,-29.5744628906,18.4615249634,19.0738811493,34.03018,108.7561906,34.030166626,108.756973267,20.0,-0.0481373355063,-0.125164025493,-0.547339890136,-0.82609676489,2.25123047829,0.179670706391,0.241898238659,0.0488797537982,-1.35768258572,7.07904720306,275.100368912
1371,274.595156002,7.4,359.0,96769.75,14.7290000916,18.3899993896,0.479999989271,-29.1020565033,18.4328784943,19.0990581512,34.0301798,108.7561953,34.030166626,108.756973267,20.0,-0.0384769327502,-0.134026809677,-0.481261123273,-0.865415654696,2.64279603958,0.112012460828,0.243053108454,-0.758463025093,0.328676730394,9.63765907288,270.866302694
1372,274.797150183,7.4,359.0,96768.5,14.7329998016,18.2900009155,0.479999989271,-28.5592079163,18.3868255615,19.1296806335,34.0301796,108.7562009,34.030166626,108.756973267,20.0,-0.0267045277077,-0.144240750702,-0.408829635691,-0.900744091422,3.01022696495,0.05141466856,0.2654953897,-1.22262740135,-0.0979914516211,10.3391971588,269.46657986
1373,274.99914031000003,7.4,359.0,96761.4921875,14.7449998856,17.8400001526,0.479999989271,-27.924030304,18.3320713043,19.1737270355,34.0301791,108.7562074,34.030166626,108.756973267,20.0,-0.0127560966817,-0.148594430591,-0.336659226763,-0.929740533142,3.35924625397,0.0270053781569,0.275325447321,1.04932439327,-0.447628319263,-0.670371413231,263.050800208
1374,275.196133184,9.7,11.0,96764.2421875,14.7430000305,17.4699993134,0.479999989271,-27.2100925446,18.2678375244,19.2218132019,34.0301785,108.7562146,34.030166626,108.756973267,20.0,-0.00392882911942,-0.157167752855,-0.26429561668,-0.951541243415,3.70872592926,0.0104655455798,0.263967454433,-3.1836950779,-2.56318664551,21.774892807,257.56020041
1375,275.398128319,9.7,11.0,96762.7578125,14.7510004044,17.4200000763,0.479999989271,-26.4402084351,18.194311142,19.2638645172,34.0301779,108.7562227,34.030166626,108.756973267,20.0,0.0024682985729,-0.175791502176,-0.186694733835,-0.96655902955,4.06341791153,0.0121231805533,0.20920021832,-2.89113068581,-0.774574697018,19.503698349,256.962428169
1376,275.601124573,9.7,11.0,96766.0,14.7469997406,17.2999992371,0.490000009537,-25.4490947723,18.1069831848,19.3038196564,34.0301772,108.7562315,34.030166626,108.756973267,20.0,0.0108427351264,-0.185478423202,-0.108914663663,-0.976533502719,4.53056383133,0.0209373515099,0.132225975394,0.594768106937,-0.430225729942,-1.77673339844,255.123084261
1377,275.798118401,9.7,11.0,96765.5,14.748000145,17.4099998474,0.479999989271,-24.6256809235,18.0423660278,19.3237800598,34.0301765,108.7562412,34.030166626,108.756973267,20.0,0.0273753264119,-0.194151164613,-0.0352537735838,-0.979955742524,4.92033481598,0.036564681679,0.17614428699,0.0302385129035,-1.25052118301,5.16167068481,256.762680273
1378,276.00010876700003,9.7,11.0,96758.25,14.7390003204,17.3500003815,0.479999989271,-23.5715103149,17.9717140198,19.3463191986,34.030176,108.7562517,34.030166626,108.756973267,20.0,0.0490436060189,-0.200356429314,0.0195165618183,-0.978300130021,5.35327911377,0.112234979868,0.152646020055,-1.48357999325,-0.0970223546028,9.91509914398,255.721661182
1379,276.19709687200003,9.3,14.0,96757.75,14.7419996262,17.3999996185,0.479999989271,-22.4690628052,17.9229488373,19.3614311218,34.0301755,108.7562632,34.030166626,108.756973267,20.0,0.0608794368,-0.210560133923,0.0175687030675,-0.975525265809,5.77272844315,0.217841282487,0.141043141484,0.203144192696,-2.66465902328,0.400304913521,256.510787872
1380,276.399094868,9.3,14.0,96764.2421875,14.7559995651,17.3700008392,0.490000009537,-21.2575416565,17.8975334167,19.3738479614,34.0301752,108.7562756,34.030166626,108.756973267,20.0,0.0513586955291,-0.21139148051,0.0069994114259,-0.976026181103,6.19485616684,0.347491055727,0.0833219364285,-2.93874549866,-1.17857718468,16.5411109924,256.31172483
1381,276.596081305,9.3,14.0,96758.75,14.7539997101,17.1700000763,0.479999989271,-19.9635238647,17.8922863007,19.3898162842,34.0301752,108.7562888,34.030166626,108.756973267,20.0,0.0422655603781,-0.194340356547,-0.0029252020209,-0.980018878503,6.57370185852,0.428649306297,0.0544863790274,-3.17131519318,-1.82643210888,12.1288690567,253.326176148
1382,276.79807405500003,9.3,14.0,96757.4921875,14.7449998856,16.6700000763,0.479999989271,-18.6009922028,17.9002914429,19.4049720764,34.0301754,108.7563029,34.030166626,108.756973267,20.0,0.035278071242,-0.169032738718,-0.00874315298934,-0.984940113123,6.85665607452,0.485191851854,0.0201615616679,-3.39542365074,-0.945337057114,11.2776536942,245.799149217
1383,277.000068951,9.3,14.0,96756.203125,14.7460002899,16.2700004578,0.479999989271,-17.2673244476,17.9278259277,19.4198894501,34.0301757,108.7563177,34.030166626,108.756973267,20.0,0.0307838263447,-0.140973221441,-0.0108472501076,-0.989475240463,7.02947187424,0.52455997467,-0.0119378864765,-2.39753174782,-0.539514780045,20.0466308594,239.917431467
1384,277.19706134800003,7.8,16.0,96760.4921875,14.75,15.7399997711,0.479999989271,-15.6050157547,17.9751930237,19.4423732758,34.0301762,108.756333,34.030166626,108.756973267,20.0,0.0188500568243,-0.108917777262,-0.00822470460581,-0.99383802934,7.11824226379,0.544441044331,-0.012359932065,-4.00443410873,-1.04088783264,17.8988704681,232.164996624
1385,277.395046282,7.8,16.0,96757.0,14.7569999695,15.2700004578,0.479999989271,-14.3994989395,18.013885498,19.4602184296,34.0301767,108.7563484,34.030166626,108.756973267,20.0,0.0139604112677,-0.10134300867,-0.00451219945473,-0.994743385793,7.11140632629,0.518503844738,0.0313534028828,-1.89088177681,0.689758896828,3.23000097275,225.339396289
1386,277.597035456,7.8,16.0,96752.5,14.7550001144,14.7399997711,0.479999989271,-12.9350500107,18.0592422485,19.4941196442,34.0301774,108.756364,34.030166626,108.756973267,20.0,0.00808193215648,-0.11133519932,-0.000113332875646,-0.993750068867,7.10798740387,0.497403681278,0.0810345411301,-3.15630626678,0.629471182823,6.67801189423,217.48869831
1387,277.79902582200003,7.8,16.0,96760.0,14.767999649,14.1400003433,0.479999989271,-11.4180707932,18.1082172394,19.5173797607,34.0301779,108.7563796,34.030166626,108.756973267,20.0,0.00526576403268,-0.118503208677,0.00298395472772,-0.992935285991,7.1424407959,0.448191970587,-0.0385583639145,-2.87577366829,1.22107636929,15.1102962494,208.819520108
1388,277.996017504,7.8,16.0,96754.25,14.7829999924,14.1499996185,0.479999989271,-10.0020494461,18.1510372162,19.5246257782,34.0301784,108.7563953,34.030166626,108.756973267,20.0,-8.33085144378e-05,-0.121093864819,0.00587531282927,-0.992623652194,7.19651699066,0.39826965332,-0.0678343400359,-1.30344116688,-2.35149645805,10.8654022217,209.179444253
1389,278.19801716800004,5.8,21.0,96755.75,14.7790002823,14.0600004196,0.479999989271,-8.46275234222,18.1879844666,19.5312862396,34.0301787,108.756411,34.030166626,108.756973267,20.0,-0.00649279577009,-0.116570343667,0.00586903294884,-0.993143955038,7.27639865875,0.298981457949,-0.0797517597675,-1.06112790108,-2.03323173523,10.4037723541,207.79275017
1390,278.400008011,5.8,21.0,96754.5,14.7810001373,13.9200000763,0.469999998808,-6.79942846298,18.2053337097,19.5375976562,34.030179,108.7564268,34.030166626,108.756973267,20.0,-0.00169830199239,-0.116679077268,0.00457192153907,-0.993157779205,7.31884813309,0.217663392425,-0.0828583240509,-4.91092205048,1.64312076569,17.6650447845,205.751523039
1391,278.596999454,5.8,21.0,96753.0,14.7760000229,13.8599996567,0.479999989271,-5.51325082779,18.2101078033,19.5375080109,34.0301792,108.7564428,34.030166626,108.756973267,20.0,-0.00108912198073,-0.120600346297,0.00422918336698,-0.992691550767,7.35195350647,0.137886121869,-0.097848623991,-2.79332232475,-3.31015777588,13.9803085327,204.795355244
1392,278.799988317,5.8,21.0,96755.25,14.7869997025,14.0100002289,0.479999989271,-4.03083896637,18.2085952759,19.5307712555,34.0301792,108.7564588,34.030166626,108.756973267,20.0,0.00231674904237,-0.125098263238,0.00524302580791,-0.992127836668,7.39363193512,0.0698966532946,-0.157366007566,-4.45820617676,-3.42992568016,17.4558525085,207.165869216
1393,278.99697904600004,5.8,21.0,96757.75,14.7880001068,14.1199998856,0.479999989271,-2.50537276268,18.1968078613,19.5174827576,34.030179,108.7564749,34.030166626,108.756973267,20.0,-0.0019339344857,-0.12319163991,0.00909356188786,-0.992339413847,7.42032670975,0.0333382636309,-0.185249656439,-4.9553899765,-1.21618151665,17.4794864655,208.806559816
1394,279.198971319,4.1,20.0,96754.0,14.8000001907,14.25,0.479999989271,-0.969820559025,18.1709003448,19.506061554,34.0301788,108.7564911,34.030166626,108.756973267,20.0,0.00367978865993,-0.115526292473,0.0121660671443,-0.993223148967,7.4813451767,-0.0476560629904,-0.162575572729,-3.98591256142,-0.886915445328,10.5472354889,210.900002718
1395,279.39596014,4.1,20.0,96755.5,14.795999527,14.2299995422,0.479999989271,0.574084639549,18.1344451904,19.4923362732,34.0301785,108.7565074,34.030166626,108.756973267,20.0,0.0038803760487,-0.111999928878,0.0118524524445,-0.993629992495,7.50506067276,-0.0758239850402,-0.12126776576,-3.50116610527,0.953706860542,17.6961650848,210.547066496
1396,279.597953844,4.1,20.0,96757.0,14.7860002518,14.4799995422,0.479999989271,2.08233618736,18.0888633728,19.4781112671,34.0301781,108.7565238,34.030166626,108.756973267,20.0,0.00683799426446,-0.117712149209,0.0109852810364,-0.992963440086,7.51882457733,-0.132354080677,-0.148366674781,-1.36957025528,0.401525020599,2.37171530724,214.101276877
1397,279.79995017100003,4.1,20.0,96756.0,14.779999733,14.6700000763,0.469999998808,3.59060144424,18.040473938,19.4618854523,34.0301777,108.7565402,34.030166626,108.756973267,20.0,0.00876264063842,-0.112975960328,0.0115193659008,-0.993492383035,7.53234672546,-0.153989523649,-0.115099810064,-4.89224529266,-0.989431023598,16.843547821,216.82259721
1398,279.996941853,4.1,20.0,96759.25,14.7690000534,14.6300001144,0.469999998808,5.14204740524,17.9867649078,19.450630188,34.0301772,108.7565567,34.030166626,108.756973267,20.0,0.0128317186646,-0.113335904951,0.0121569212782,-0.993399533528,7.56335258484,-0.150126978755,-0.126302689314,-3.04548692703,-0.642662584782,10.6809329987,216.070472472
1399,280.193930435,3.1,11.0,96757.0,14.7709999084,14.5799999237,0.469999998808,6.70045757294,17.9301166534,19.4388160706,34.0301768,108.7565732,34.030166626,108.756973267,20.0,0.00883030213535,-0.11439923306,0.0119926750095,-0.993323289879,7.58116197586,-0.187831565738,-0.120205827057,-1.38823497295,-3.29158496857,9.58055973053,215.361177538
1400,280.39693026500004,3.1,11.0,96762.5,14.7770004272,14.7399997711,0.469999998808,8.22289180756,17.8709011078,19.4308414459,34.0301764,108.7565898,34.030166626,108.756973267,20.0,0.0140655255079,-0.116827486858,0.0109520271729,-0.992992226384,7.58028888702,-0.185115009546,-0.0978694185615,-3.40853118896,1.94470310211,5.78484916687,217.812982915
1401,280.598921824,3.1,11.0,96764.2421875,14.7760000229,14.8299999237,0.469999998808,9.79038333893,17.8141307831,19.4185962677,34.0301758,108.7566064,34.030166626,108.756973267,20.0,0.0118356569254,-0.119846165321,0.0113573112682,-0.992656990351,7.6117682457,-0.188567981124,-0.0822305977345,-5.52202510834,2.39174127579,18.2155799866,219.128079212
1402,280.795913029,3.1,11.0,96758.5,14.7760000229,14.9300003052,0.469999998808,11.5940742493,17.7454319,19.396944046,34.0301755,108.756623,34.030166626,108.756973267,20.0,0.0169094684049,-0.113757320752,0.0098254840591,-0.993316124915,7.63062620163,-0.190228879452,-0.0835919752717,-1.42233860493,-1.18023490906,12.3361549377,220.605684851
1403,280.997902203,3.1,11.0,96758.2421875,14.7760000229,14.9200000763,0.469999998808,12.8890762329,17.7058048248,19.3892993927,34.0301751,108.7566398,34.030166626,108.756973267,20.0,0.0185980134019,-0.11657719253,0.00995698222646,-0.992957623821,7.6268954277,-0.169148236513,-0.042825974524,-1.82901108265,0.70309472084,8.64298057556,220.457921469
1404,281.199890423,1.6,4.0,96764.0,14.781999588,14.8699998856,0.479999989271,14.7474317551,17.6559734344,19.3818492889,34.0301747,108.7566566,34.030166626,108.756973267,20.0,0.0118956476959,-0.118235170525,0.0112516069722,-0.992850697267,7.66410589218,-0.153021886945,-0.0316961668432,-3.37024521828,-0.826736032963,18.5996265411,219.808332182
1405,281.396884489,1.6,4.0,96761.7421875,14.7930002213,14.720000267,0.479999989271,16.0130062103,17.626625061,19.3750228882,34.0301745,108.7566734,34.030166626,108.756973267,20.0,0.0107467456789,-0.116050119848,0.0123040137795,-0.993109057448,7.69132089615,-0.160391613841,-0.0337890274823,-2.54751944542,-1.56528830528,18.975440979,217.752967207
1406,281.59887938500003,1.6,4.0,96761.7578125,14.7899999619,14.7399997711,0.479999989271,17.5977344513,17.5982551575,19.3666534424,34.0301742,108.7566904,34.030166626,108.756973267,20.0,0.00891632385316,-0.11547614826,0.0136097652932,-0.993177040315,7.70823907852,-0.156273439527,-0.0320765227079,1.12387371063,-0.147169709206,-0.579295873642,218.004596053
1407,281.79687075600003,1.6,4.0,96763.5,14.7760000229,14.8800001144,0.479999989271,19.1528453827,17.5685691833,19.363910675,34.030174,108.7567074,34.030166626,108.756973267,20.0,0.00527484141018,-0.115569034645,0.0155046033086,-0.993164480554,7.73617935181,-0.162938505411,-0.0300471745431,-0.695283889771,-3.31886386871,9.70975780487,219.866882032
1408,281.998864937,1.6,4.0,96762.2421875,14.7740001678,14.7299995422,0.469999998808,20.7505283356,17.541015625,19.3625087738,34.0301739,108.7567246,34.030166626,108.756973267,20.0,0.00710282398708,-0.114587360787,0.0162225327261,-0.993255349159,7.75620269775,-0.170323580503,0.00363806099631,-2.38801598549,1.11606764793,3.3881444931,217.621015709
1409,282.195861626,4.3,34.0,96757.9921875,14.7670001984,14.6099996567,0.479999989271,22.3524112701,17.5163936615,19.3555469513,34.0301737,108.7567417,34.030166626,108.756973267,20.0,0.00618165192931,-0.0804070885079,0.0180904389052,-0.996578754605,7.71517086029,-0.163749098778,0.000499537098222,-3.1320078373,2.77977705002,9.33359909058,215.745867828
1410,282.397860336,4.3,34.0,96758.25,14.779999733,14.3599996567,0.479999989271,23.8974761963,17.4911079407,19.3569698334,34.0301734,108.7567588,34.030166626,108.756973267,20.0,0.00129664252608,-0.0317095713355,0.0195327462081,-0.999305444969,7.56242799759,-0.181908264756,0.031840659678,-0.123462274671,0.826828122139,4.16033220291,212.240791091
1411,282.599856186,4.3,34.0,96754.0,14.7869997025,14.0799999237,0.479999989271,25.3994083405,17.4623699188,19.3830490112,34.0301732,108.7567757,34.030166626,108.756973267,20.0,0.00811562922041,0.0138376776692,0.0146598540238,-0.99976387624,7.24001264572,-0.20921009779,0.15524289012,-1.3158185482,-2.38399076462,12.8571252823,208.200954682
1412,282.796846437,4.3,34.0,96765.5,14.7880001068,13.6599998474,0.469999998808,26.8786239624,17.4330177307,19.4214935303,34.030173,108.7567921,34.030166626,108.756973267,20.0,0.00643378886508,0.0236550886312,0.0114989246792,-0.999633389597,6.87602710724,-0.200670257211,0.0951944291592,-4.78273153305,-0.438929975033,17.5358352661,202.004079203
1413,282.99883322700003,4.3,34.0,96760.7421875,14.7899999619,13.3900003433,0.469999998808,28.2997169495,17.4041690826,19.4443721771,34.0301727,108.7568077,34.030166626,108.756973267,20.0,-0.00439769832112,0.0303613081396,0.01406638425,-0.999430368228,6.51828098297,-0.214931920171,0.00993426609784,-3.12378931046,-3.98179316521,11.9215183258,198.038104567
1414,283.196822214,7.7,358.0,96763.5,14.781999588,13.6999998093,0.469999998808,29.6236286163,17.3760757446,19.4435558319,34.0301725,108.7568225,34.030166626,108.756973267,20.0,0.000692226425388,0.0373255532888,0.019883618722,-0.999105120998,6.13890504837,-0.178127244115,-0.0783252492547,-2.49339938164,-4.33099508286,9.13010120392,202.513391536
1415,283.398815441,7.7,358.0,96766.25,14.7790002823,14.220000267,0.469999998808,31.092716217,17.3437385559,19.4262294769,34.0301722,108.7568365,34.030166626,108.756973267,20.0,0.000543167510184,0.0445212439053,0.0228051539671,-0.998747968604,5.744597435,-0.171161785722,-0.119096033275,2.54289579391,-0.684566140175,-2.74851822853,210.157387961
1416,283.600802946,7.7,358.0,96764.0,14.7829999924,14.4899997711,0.469999998808,32.1093482971,17.3097991943,19.4095611572,34.0301719,108.7568495,34.030166626,108.756973267,20.0,0.000257257777865,0.033703692838,0.021185113404,-0.999207284959,5.35494327545,-0.217948377132,-0.156662017107,0.375438630581,-1.73619997501,-1.1307554245,214.205666506
1417,283.79779176700004,7.7,358.0,96763.7421875,14.7910003662,14.8800001144,0.469999998808,33.3921279907,17.2551460266,19.3739109039,34.0301715,108.7568617,34.030166626,108.756973267,20.0,0.00239221824299,0.0288039860384,0.0175198127233,-0.999428682354,4.92363452911,-0.255135893822,-0.184946686029,0.299879342318,-1.21521115303,3.73243331909,220.090087142
1418,283.999776888,7.7,358.0,96761.25,14.7810001373,15.2399997711,0.469999998808,34.2099761963,17.2093734741,19.3522720337,34.0301712,108.7568729,34.030166626,108.756973267,20.0,0.0124001276919,0.0315544676403,0.0168050443194,-0.999283823636,4.60448741913,-0.273325800896,-0.167537420988,-1.46859776974,-1.10613298416,17.1271915436,225.26243871
1419,284.196770954,9.4,2.0,96763.4921875,14.7770004272,15.4099998474,0.469999998808,35.1598930359,17.1553325653,19.3283462524,34.0301708,108.7568832,34.030166626,108.756973267,20.0,0.0162458603482,0.0301754635868,0.0151215727493,-0.999298195711,4.2013669014,-0.282785624266,-0.0980161353946,0.541001319885,-0.298540949821,2.93499279022,227.713574329
1420,284.398762035,9.4,2.0,96769.9921875,14.7580003738,15.6099996567,0.469999998808,36.0079917908,17.1067714691,19.3074970245,34.0301705,108.7568927,34.030166626,108.756973267,20.0,0.0207684424156,0.0335386306327,0.0121837266738,-0.99914735214,3.85774254799,-0.265736281872,-0.0982037782669,-3.89288306236,-1.95132756233,21.5894870758,230.372380769
1421,284.595751333,9.4,2.0,96763.7421875,14.7709999084,15.9200000763,0.469999998808,36.9463729858,17.0620307922,19.2737789154,34.0301703,108.7569014,34.030166626,108.756973267,20.0,0.0229607044848,0.0292286053297,0.00910704887939,-0.999267512805,3.43656349182,-0.203963711858,-0.10822018981,-2.78300285339,0.0603301972151,12.9202098846,235.154319669
1422,284.798740673,9.4,2.0,96766.0,14.7629995346,16.25,0.469999998808,37.612701416,17.0378761292,19.2433414459,34.0301701,108.7569092,34.030166626,108.756973267,20.0,0.0217356220391,0.0298899367981,0.00905605119269,-0.999275857881,3.10904598236,-0.164357855916,-0.138471752405,-2.24876737595,-1.21379423141,13.9008245468,239.898742437
1423,284.995730209,9.4,2.0,96767.0,14.7580003738,16.7299995422,0.479999989271,38.1338653564,17.0226631165,19.2184276581,34.03017,108.7569163,34.030166626,108.756973267,20.0,0.0148094140914,0.0222645185605,0.00995972177161,-0.999592844329,2.82420778275,-0.135903462768,-0.132773026824,0.291399776936,-1.25209128857,6.01530361176,246.901339499
1424,285.197720337,9.7,358.0,96765.25,14.7530002594,17.1700000763,0.469999998808,38.6861610413,17.0116329193,19.1915664673,34.0301699,108.7569225,34.030166626,108.756973267,20.0,0.0131516283913,0.0223752277948,0.015350345843,-0.999545344831,2.50450611115,-0.123067013919,-0.0729032456875,-0.418658792973,0.265782356262,8.78989982605,253.309015579
1425,285.399717617,9.7,358.0,96762.7578125,14.7430000305,17.3999996185,0.469999998808,39.1821708679,17.003364563,19.1723308563,34.0301701,108.7569281,34.030166626,108.756973267,20.0,0.014540403599,0.0190869968577,0.0225818599637,-0.999457047183,2.21193742752,-0.10835622251,-0.0627471581101,-1.79782009125,1.48410761356,12.5779047012,256.528194907
1426,285.596712399,9.7,358.0,96759.25,14.7440004349,17.5400009155,0.469999998808,39.6158981323,17.0070877075,19.1631202698,34.0301702,108.756933,34.030166626,108.756973267,20.0,0.0112854920506,0.0153051390674,0.033369893749,-0.999262202303,1.94960153103,-0.0975326523185,-0.0382318980992,-4.03545713425,0.046613112092,18.7431850433,258.609781126
1427,285.798698235,9.7,358.0,96761.7421875,14.7329998016,17.6200008392,0.479999989271,40.0092201233,17.0201396942,19.166311264,34.0301704,108.7569373,34.030166626,108.756973267,20.0,0.00749451990136,0.00801882756117,0.0461562360629,-0.998873945534,1.73035538197,-0.0839870348573,-0.0107475602999,-1.44222068787,-0.740375459194,11.3149299622,259.595468869
1428,285.995682526,9.7,358.0,96768.5,14.7410001755,17.6700000763,0.479999989271,40.3262443542,17.0360927582,19.1663093567,34.0301706,108.756941,34.030166626,108.756973267,20.0,0.00852509112205,0.00633151361027,0.0571793649693,-0.998307449743,1.5222069025,-0.0770904570818,-0.0507862716913,-3.17753696442,0.428482472897,19.5605659485,260.473474225
1429,286.400658417,10.2,0.0,96771.5,14.7270002365,18.3199996948,0.479999989271,40.8618965149,17.0877628326,19.1711196899,34.0301713,108.7569473,34.0300292969,108.756561279,20.0,-0.00976246628877,0.000319435245403,0.115956221938,-0.993206290227,1.20721530914,-0.0865761637688,0.031840711832,-2.23621058464,-0.626001000404,11.7851266861,269.798639839
1430,286.597644138,10.2,0.0,96769.4921875,14.7259998322,18.3999996185,0.479999989271,41.0717277527,17.1156959534,19.1709709167,34.0301716,108.7569498,34.0300292969,108.756561279,20.0,-0.0565523061328,0.0357705446545,0.188581774683,-0.979775143278,1.00167429447,-0.174996912479,0.0439305454493,-1.39641964436,-0.527329444885,9.31310653687,270.958391294
1431,286.799630928,10.2,0.0,96765.4921875,14.720000267,18.7800006866,0.479999989271,41.2288093567,17.1156539917,19.1738090515,34.0301719,108.756952,34.0300292969,108.756561279,20.0,-0.0796987321872,0.076329564813,0.267030504607,-0.957348847332,0.630629241467,-0.345580458641,0.0699418634176,-0.743926405907,0.0791782140732,7.04492139816,276.441615122
1432,286.996621656,10.2,0.0,96773.0,14.7119998932,19.1700000763,0.469999998808,41.3025016785,17.0830059052,19.1878032684,34.0301719,108.7569536,34.0300292969,108.756561279,20.0,-0.0981287968186,0.0936426092133,0.341775980613,-0.929941447169,0.139094635844,-0.538312911987,0.0764319896698,-1.57082080841,0.0125224143267,18.7658500671,282.029039075
1433,287.198608923,10.2,0.0,96767.25,14.7080001831,19.1900005341,0.479999989271,41.2860565186,17.0218811035,19.2057723999,34.0301716,108.756954,34.0300292969,108.756561279,20.0,-0.111073479245,0.0823726528863,0.41710986877,-0.898274307173,-0.381560713053,-0.722905158997,0.0751266255975,0.96157771349,-0.816549181938,2.45043921471,282.246531369
1434,287.400593567,10.3,0.0,96768.75,14.7150001526,19.1100006104,0.479999989271,41.1511955261,16.9260120392,19.2185897827,34.030171,108.7569533,34.0300292969,108.756561279,20.0,-0.114298135941,0.0714259348992,0.492125189973,-0.860027475142,-0.925908029079,-0.911525189877,0.0435077100992,-2.77352952957,-1.21158289909,21.5655975342,281.203661897
1435,287.597579527,10.3,0.0,96770.7421875,14.7130002975,19.1499996185,0.479999989271,40.9678039551,16.8172798157,19.2238922119,34.0301702,108.7569516,34.0300292969,108.756561279,20.0,-0.118490951846,0.0603576614497,0.559928542657,-0.817800010247,-1.3097038269,-1.06053292751,0.0427862815559,-3.11241889,-0.349670290947,15.9319229126,281.753950085
1436,287.795563269,10.3,0.0,96762.2421875,14.7010002136,19.3400001526,0.469999998808,40.6804847717,16.6792030334,19.2295360565,34.0301689,108.7569486,34.0300292969,108.756561279,20.0,-0.121716468602,0.0481634533814,0.624706789484,-0.769809696119,-1.80138993263,-1.23357176781,0.0788091048598,-1.63237762451,0.447965323925,13.5808067322,284.317346375
1437,287.997557211,10.3,0.0,96766.75,14.6859998703,19.3199996948,0.469999998808,40.3042259216,16.5073852539,19.2355995178,34.0301675,108.7569447,34.0300292969,108.756561279,20.0,-0.125912956551,0.0392251499468,0.686691765779,-0.714885834236,-2.10508489609,-1.34165775776,0.0631619691849,-1.03197646141,-0.0695090591907,13.1959428787,283.733513012
1438,288.19954900700003,10.3,0.0,96755.75,14.6739997864,18.9699993134,0.460000008345,39.8291244507,16.3081531525,19.2478504181,34.0301657,108.7569398,34.0300292969,108.756561279,20.0,-0.129599420218,0.0255000234608,0.743263508853,-0.655830124498,-2.47662115097,-1.45782971382,0.0646465048194,-0.249988898635,-0.464892208576,10.4376106262,278.365765872
1439,288.396543789,10.4,359.0,96751.5,14.6730003357,18.7900009155,0.460000008345,39.2679100037,16.0828800201,19.2680339813,34.0301638,108.756934,34.0300292969,108.756561279,20.0,-0.133877625639,0.0136149440872,0.79152286212,-0.59614020874,-2.82603216171,-1.57442653179,0.06651186198,-4.33136749268,1.57674157619,20.1583080292,275.705689741
1440,288.59853415500004,10.4,359.0,96749.0,14.6780004501,18.7299995422,0.460000008345,38.5227432251,15.8031587601,19.3175640106,34.0301617,108.7569274,34.0300292969,108.756561279,20.0,-0.135802224597,0.00189588114985,0.834594517854,-0.533859789622,-3.19727730751,-1.69627511501,0.0932880789042,-0.803043007851,0.932115077972,12.9273967743,274.918941712
1441,288.81551365900003,10.4,359.0,96754.25,14.6739997864,18.5300006866,0.460000008345,37.7920951843,15.5433607101,19.3748226166,34.0301596,108.75692,34.0300292969,108.756561279,20.0,-0.154729663036,-0.0115620764634,0.872042150807,-0.464184906131,-3.50981521606,-1.81162905693,0.080881126225,-2.05622935295,0.838956952095,13.410984993,271.909226117
1442,288.997510481,10.4,359.0,96756.25,14.6789999008,18.3299999237,0.460000008345,37.1326255798,15.3124608994,19.4251861572,34.0301571,108.756912,34.0300292969,108.756561279,20.0,-0.177468604304,-0.019955705638,0.897659574314,-0.40288199887,-3.78552889824,-1.93495941162,0.0505963861942,-0.0455272831023,0.486272633076,6.55642700195,269.066067062
1443,289.200498152,10.4,359.0,96758.5,14.6870002747,18.3400001526,0.469999998808,36.1512260437,14.9646816254,19.4794082642,34.0301546,108.7569033,34.0300292969,108.756561279,20.0,-0.189733258195,-0.0311450564466,0.923416693551,-0.332164138929,-4.19731473923,-2.11706852913,0.0467206090689,-3.35504221916,0.116217017174,13.9358263016,269.359587278
1444,289.397492218,9.4,358.0,96759.75,14.6899995804,17.9300003052,0.460000008345,35.3479652405,14.6749868393,19.5181732178,34.0301517,108.7568938,34.0300292969,108.756561279,20.0,-0.196391685811,-0.045317771927,0.944897319583,-0.257964296024,-4.51871490479,-2.27957892418,0.0114151118323,-4.36679649353,0.730290949345,16.5913085938,263.391696959
1445,289.599486637,9.4,358.0,96759.75,14.6870002747,17.5799999237,0.460000008345,34.3327217102,14.3014221191,19.5481300354,34.0301485,108.7568835,34.0300292969,108.756561279,20.0,-0.203384585549,-0.0621112469364,0.959830243038,-0.183037693937,-4.89603185654,-2.48401260376,0.00195094838273,-1.81158816814,1.39608812332,5.14528942108,258.197463708
1446,289.79647879600003,9.4,358.0,96754.75,14.6929998398,17.4400005341,0.469999998808,33.2664718628,13.9025945663,19.567193985,34.030145,108.7568723,34.0300292969,108.756561279,20.0,-0.203625697133,-0.0790131973972,0.961431401813,-0.167161987627,-5.29282474518,-2.727632761,0.0158104393631,-0.360971182585,0.705173015594,3.44926214218,256.245925053
1447,289.998478937,9.4,358.0,96761.5078125,14.7030000687,17.0900001526,0.460000008345,32.0990066528,13.4431591034,19.5744037628,34.0301411,108.7568605,34.0300292969,108.756561279,20.0,-0.188888271834,-0.0881135870745,0.963177124279,-0.169844044479,-5.63273096085,-2.98560214043,-0.101857319474,-2.86755990982,2.35858607292,12.3875083923,251.274273417
1448,290.200470972,9.4,358.0,96753.5,14.7030000687,16.7099990845,0.469999998808,30.9021263123,12.9450073242,19.5705699921,34.0301367,108.7568477,34.0300292969,108.756561279,20.0,-0.160186842249,-0.0804455738489,0.967550492014,-0.178086914376,-5.91209411621,-3.23979473114,-0.0544671677053,-4.34204101562,2.46649122238,18.0641593933,245.687117686
1449,290.397455502,6.8,359.0,96754.75,14.7209997177,15.9499998093,0.469999998808,29.6210403442,12.3814630508,19.5657749176,34.0301319,108.7568344,34.0300292969,108.756561279,20.0,-0.135568346467,-0.0543332778514,0.972225462598,-0.182884700877,-6.091837883,-3.4355275631,-0.0818408131599,-2.31401991844,2.81602406502,3.39846348763,234.79994269
1450,290.594445038,6.8,359.0,96753.5,14.7270002365,15.279999733,0.469999998808,28.3110389709,11.7908830643,19.569940567,34.0301265,108.7568207,34.0300292969,108.756561279,20.0,-0.105740450159,-0.035060095644,0.97672607167,-0.183292345195,-6.17709255219,-3.51544380188,-0.100738547742,-0.516248762608,1.73332357407,3.91379499435,225.028559681
1451,290.797445345,6.8,359.0,96749.75,14.7370004654,14.8599996567,0.469999998808,27.0169124603,11.1991434097,19.5795955658,34.030121,108.7568069,34.0300292969,108.756561279,20.0,-0.0975285265848,-0.0377340392275,0.977100209244,-0.185309366925,-6.21104955673,-3.53499627113,-0.123388759792,-1.69805800915,-3.33857655525,17.6756076813,218.991821856
1452,290.994435835,6.8,359.0,96749.25,14.7460002899,14.6599998474,0.469999998808,25.6819877625,10.5726623535,19.5828800201,34.0301153,108.7567931,34.0300292969,108.756561279,20.0,-0.108418139543,-0.0273509154841,0.976348646641,-0.185042830255,-6.26014280319,-3.56507849693,-0.142558977008,-3.53132224083,-3.3590798378,12.841258049,216.176362
1453,291.196419764,6.8,359.0,96749.25,14.7469997406,14.7100000381,0.469999998808,24.3724784851,9.94971942902,19.581407547,34.0301095,108.7567792,34.0300292969,108.756561279,20.0,-0.110187503757,-0.0204770937642,0.97604320843,-0.186491712466,-6.30626773834,-3.5587644577,-0.193371251225,0.375893086195,2.6414270401,-0.0476248785853,216.928366747
1454,291.39840583800003,4.6,348.0,96745.2421875,14.7449998856,14.5799999237,0.469999998808,23.0252513885,9.30219173431,19.5684776306,34.0301037,108.7567654,34.0300292969,108.756561279,20.0,-0.0893435374812,-0.0104667114807,0.977979013182,-0.188322150097,-6.33879566193,-3.50507569313,-0.224364429712,-2.16903734207,0.995366454124,17.1397342682,214.982097206
1455,291.600387144,4.6,348.0,96749.0,14.7539997101,14.4499998093,0.469999998808,21.6897449493,8.66111564636,19.564786911,34.030098,108.7567515,34.0300292969,108.756561279,20.0,-0.0395578703398,-0.00377031482217,0.981152122966,-0.189107472325,-6.26785564423,-3.41965723038,-0.15058837831,0.143629133701,-1.23807239532,3.17956352234,213.195292997
1456,291.797379303,4.6,348.0,96752.25,14.75,14.2600002289,0.469999998808,20.419839859,8.05769824982,19.5775508881,34.0300924,108.7567376,34.0300292969,108.756561279,20.0,-0.0122882768706,-0.0020332406926,0.981932261132,-0.18882281251,-6.06036186218,-3.30257081985,-0.184054464102,-4.13636493683,0.0496028065681,13.8362379074,210.335003376
1457,291.994363594,4.6,348.0,96752.5,14.7559995651,14.2700004578,0.469999998808,19.0058288574,7.3928103447,19.5830364227,34.0300869,108.7567242,34.0300292969,108.756561279,20.0,-0.00586505789187,0.00804810675869,0.982204487626,-0.187550862769,-5.7756114006,-3.08901286125,-0.185553863645,-4.68659067154,1.15978574753,10.9200496674,210.568120549
1458,292.19735221900004,4.6,348.0,96752.75,14.767999649,14.3100004196,0.469999998808,17.9834022522,6.91208267212,19.5759468079,34.0300819,108.7567113,34.0300292969,108.756561279,20.0,-0.00289363501918,0.00878162417168,0.982439667041,-0.186351700635,-5.5552315712,-2.94284343719,-0.232691913843,-3.13980007172,-6.97501516342,16.3922901154,211.330081175
1459,292.399339485,3.2,327.0,96753.75,14.763999939,14.3299999237,0.469999998808,16.6531219482,6.30969429016,19.5556926727,34.0300771,108.756699,34.0300292969,108.756561279,20.0,-0.00550446995321,0.0110583208663,0.982597338401,-0.185337942488,-5.28009414673,-2.76104021072,-0.233621224761,-1.31155288219,-1.02418100834,12.5340852737,211.568117999
1460,292.596327353,3.2,327.0,96746.5,14.75,14.4499998093,0.460000008345,15.7468614578,5.90403270721,19.5427703857,34.0300726,108.7566872,34.0300292969,108.756561279,20.0,-0.00112237913692,0.0109623880537,0.982818946531,-0.184243641713,-5.03295564651,-2.58679056168,-0.243992581964,-0.413002252579,4.67098617554,7.21078634262,213.137497187
1461,292.798319626,3.2,327.0,96756.0,14.7580003738,14.5600004196,0.460000008345,14.5442152023,5.38338947296,19.5285720825,34.0300684,108.7566762,34.0300292969,108.756561279,20.0,0.000483884675031,0.0103477210492,0.983260266182,-0.181912288788,-4.72682142258,-2.3875067234,-0.262934982777,-2.48803305626,-3.41351056099,15.4252614975,214.876491636
1462,292.995307732,3.2,327.0,96755.75,14.7440004349,14.7399997711,0.469999998808,13.7112503052,5.02518367767,19.5220737457,34.0300645,108.7566658,34.0300292969,108.756561279,20.0,0.00500774629445,0.0118569160592,0.98364156872,-0.179676609208,-4.4892873764,-2.23905801773,-0.222325637937,-1.29636800289,1.18639647961,12.7844686508,217.326563035
1463,293.197308588,3.2,327.0,96759.75,14.751999855,14.8599996567,0.460000008345,12.6735706329,4.59729528427,19.5154151917,34.0300609,108.7566558,34.0300292969,108.756561279,20.0,0.00573371357698,0.0119575024766,0.983820355651,-0.178666770718,-4.23220396042,-2.05192375183,-0.214714288712,-0.227611139417,-0.811402618885,4.7835650444,219.214712781
1464,293.394294786,1.6,164.0,96759.25,14.7390003204,15.1300001144,0.460000008345,11.9572734833,4.30586194992,19.49243927,34.0300575,108.7566465,34.0300292969,108.756561279,20.0,0.00872504993009,0.0100700197449,0.983862839675,-0.178427713793,-3.99515724182,-1.90221643448,-0.267764806747,-3.61039590836,0.380354464054,8.47211647034,223.001076535
1465,293.596283484,1.6,164.0,96762.7421875,14.7430000305,15.4899997711,0.469999998808,11.0026760101,3.92316150665,19.4456710815,34.0300545,108.7566378,34.0300292969,108.756561279,20.0,0.00995895086294,0.010886547187,0.983753805778,-0.178915732152,-3.73551893234,-1.74334609509,-0.266573190689,0.0324445590377,0.375089168549,9.09925174713,228.369067098
1466,293.799272108,1.6,164.0,96763.5,14.7419996262,15.8000001907,0.469999998808,10.4023113251,3.68403697014,19.4079818726,34.0300516,108.7566296,34.0300292969,108.756561279,20.0,0.0125922419177,0.00947557269096,0.983155784144,-0.182089347698,-3.42769122124,-1.57845187187,-0.255336016417,-1.18014621735,1.11537885666,9.40679931641,232.923596905
1467,293.996264267,1.6,164.0,96764.75,14.7449998856,16.3400001526,0.469999998808,9.70157718658,3.40810656548,19.3480205536,34.030049,108.7566222,34.0300292969,108.756561279,20.0,0.0132374754302,0.00945799926613,0.982278118171,-0.186722129287,-3.21286010742,-1.47047483921,-0.215897127986,0.131791383028,-0.598424136639,8.62679576874,240.93330038
1468,294.19825129500003,1.6,164.0,96765.25,14.7390003204,16.7199993134,0.469999998808,8.95558547974,3.12068343163,19.2941474915,34.0300466,108.7566153,34.0300292969,108.756561279,20.0,0.0127560082721,0.0086377623251,0.981077228016,-0.193002726211,-2.89597773552,-1.2993645668,-0.125565901399,-2.56039571762,-0.710940599442,17.1962032318,246.436075237
1469,294.400238323,5.0,78.0,96768.0,14.734000206,16.9099998474,0.469999998808,8.4941110611,2.93998432159,19.2671203613,34.0300444,108.7566089,34.0300292969,108.756561279,20.0,0.0130715763795,-0.00071827054359,0.979689416588,-0.200093427711,-2.69093418121,-1.20440888405,-0.087747707963,-1.18491578102,1.78070616722,7.34106683731,249.151941235
1470,294.597235489,5.0,78.0,96763.7421875,14.736000061,17.1700000763,0.469999998808,7.88733148575,2.69934630394,19.2299938202,34.0300424,108.7566032,34.0300292969,108.756561279,20.0,-0.00231087350827,-0.0086003462957,0.978566034488,-0.205741021118,-2.44023132324,-1.1086152792,-0.0468270517886,0.44039618969,0.50386351347,6.8555431366,253.017122172
1471,294.799223471,5.0,78.0,96767.75,14.7220001221,17.4300003052,0.469999998808,7.48878669739,2.53275370598,19.2078819275,34.0300404,108.7565979,34.0300292969,108.756561279,20.0,-0.0398057570293,-0.0128499023956,0.977076691302,-0.208737957075,-2.34698796272,-1.08394050598,-0.0238640382886,0.736356914043,0.361134231091,3.24490976334,256.60446662
1472,294.996216345,5.0,78.0,96769.9921875,14.720000267,17.6200008392,0.469999998808,7.01950931549,2.32711434364,19.1907749176,34.0300384,108.756593,34.0300292969,108.756561279,20.0,-0.0508756518154,-0.00949184302084,0.976664579418,-0.208441749023,-2.33155727386,-1.0808981657,0.0264553315938,-2.12054514885,-0.812375307083,13.5421686172,259.366417059
1473,295.19920187,5.0,78.0,96765.0,14.7089996338,18.1900005341,0.469999998808,6.4799695015,2.07702112198,19.1736927032,34.0300365,108.7565882,34.0301856995,108.75617218,20.0,-0.0541724454775,-0.00443828968751,0.977998189998,-0.201408282944,-2.35470676422,-1.0662791729,0.103078044951,0.659144282341,-0.980268120766,8.84183883667,267.556711194
1474,295.396193075,6.5,34.0,96766.4921875,14.7049999237,18.3099994659,0.469999998808,6.11402130127,1.91093790531,19.1749153137,34.0300344,108.7565835,34.0301856995,108.75617218,20.0,-0.0733082948132,0.0276756385126,0.987921496893,-0.133683186421,-2.39559435844,-1.0007225275,0.101379774511,-0.0849428623915,0.132081449032,8.46383476257,269.24854075
1475,295.598180819,6.5,34.0,96766.5,14.6960000992,18.4500007629,0.460000008345,5.6462430954,1.72185444832,19.182762146,34.0300324,108.7565785,34.0301856995,108.75617218,20.0,-0.115513799883,0.0747160430174,0.989361612559,-0.0473040211884,-2.55097699165,-0.798519194126,0.150393694639,-1.3310738802,-0.308592200279,14.6790914536,271.141213042
1476,295.79517107000004,6.5,34.0,96768.0,14.6909999847,18.9099998474,0.460000008345,5.12827920914,1.57831346989,19.1938495636,34.0300306,108.7565733,34.0301856995,108.75617218,20.0,-0.159719078085,0.104845161534,0.980727662055,0.0408737608048,-2.87128686905,-0.435786247253,0.178771033883,-3.43911600113,0.637439012527,19.0086574554,277.80680747
1477,295.997166443,6.5,34.0,96764.4921875,14.6759996414,19.3999996185,0.460000008345,4.46650600433,1.50155508518,19.2164745331,34.0300293,108.7565676,34.0301856995,108.75617218,20.0,-0.20037163379,0.113899397778,0.964699215566,0.127410934573,-3.37381672859,0.11431106925,0.222207918763,0.301118761301,-0.807210206985,8.79191875458,284.714387445
1478,296.194151926,6.5,34.0,96764.75,14.6700000763,19.3899993896,0.460000008345,3.80705451965,1.51535701752,19.2411613464,34.0300286,108.756561,34.0301856995,108.75617218,20.0,-0.222987627432,0.107653598346,0.946774793097,0.205681130446,-3.86675572395,0.609914958477,0.208360537887,-1.30568528175,0.0319173038006,8.59136676788,284.451292525
1479,296.397141743,7.9,20.0,96768.0,14.6639995575,19.6700000763,0.460000008345,3.16000628471,1.58893465996,19.2587833405,34.0300289,108.7565531,34.0301856995,108.75617218,20.0,-0.234230778693,0.0880889943884,0.937455598056,0.24197784887,-4.29977846146,1.00094199181,0.17279560864,-0.651515483856,-3.72701954842,8.28608703613,288.440872415
1480,296.59913353900004,7.9,20.0,96765.0,14.6689996719,19.75,0.460000008345,2.29884672165,1.75045824051,19.2768592834,34.0300298,108.7565442,34.0301856995,108.75617218,20.0,-0.237343781802,0.093162363326,0.934426251172,0.248669082539,-4.82730197906,1.42278265953,0.151226148009,-2.17359304428,-2.07684445381,11.6418552399,289.712743521
1481,296.796132374,7.9,20.0,96760.0,14.6490001678,19.9300003052,0.460000008345,1.36275875568,1.97586250305,19.2940502167,34.0300314,108.756534,34.0301856995,108.75617218,20.0,-0.233421611885,0.107383431778,0.933118792711,0.251540610548,-5.30714082718,1.85613906384,0.152144640684,1.50662708282,0.599366724491,-0.927466750145,291.954577816
1482,296.998124886,7.9,20.0,96760.5,14.6590003967,20.0100002289,0.460000008345,0.301580518484,2.29368877411,19.3183994293,34.0300338,108.7565228,34.0301856995,108.75617218,20.0,-0.227474644145,0.114455720374,0.933973362211,0.250697083522,-5.71802616119,2.30487632751,0.110543094575,-3.17910432816,-0.31488853693,19.0699481964,293.326601294
1483,297.200108576,7.9,20.0,96756.5,14.6499996185,19.6599998474,0.460000008345,-0.848776996136,2.69848561287,19.3488426208,34.030037,108.7565104,34.0301856995,108.75617218,20.0,-0.216425020676,0.116438713791,0.936245077346,0.251092505255,-6.09594488144,2.75276303291,0.106758579612,-2.52806329727,-0.947468996048,10.8680477142,288.018990265
1484,297.39710407300004,7.9,18.0,96756.5,14.6610002518,19.0200004578,0.460000008345,-2.05543422699,3.1711628437,19.3829174042,34.0300411,108.7564972,34.0301856995,108.75617218,20.0,-0.191340025135,0.10867917605,0.942044462628,0.253239318204,-6.37672233582,3.11993026733,0.0813876390457,-1.00673615932,1.67589938641,3.48819899559,278.8522315
1485,297.599096823,7.9,18.0,96757.25,14.6590003967,17.8899993896,0.460000008345,-3.32255458832,3.71380448341,19.4246044159,34.0300459,108.7564832,34.0301856995,108.75617218,20.0,-0.156616867203,0.0900954636004,0.949322253988,0.257179837806,-6.56556415558,3.3874475956,0.0311240144074,-0.733420133591,-1.61770498753,8.52595424652,262.24950815
1486,297.796087313,7.9,18.0,96748.25,14.6689996719,16.5300006866,0.460000008345,-4.66577196121,4.33245754242,19.4718780518,34.0300514,108.7564687,34.0301856995,108.75617218,20.0,-0.119289850628,0.0734049928545,0.955706890408,0.258855280401,-6.64802408218,3.57304883003,0.0373188443482,-4.56905889511,2.79705190659,15.7029705048,242.47857465
1487,297.998074341,7.9,18.0,96756.5,14.6840000153,15.4099998474,0.460000008345,-5.99317836761,4.97056102753,19.5170593262,34.0300573,108.7564539,34.0301856995,108.75617218,20.0,-0.0782487721032,0.0509273462422,0.961571624378,0.258193153411,-6.61890411377,3.6661067009,0.0506458543241,-2.45252633095,3.72486162186,0.166548117995,226.280437995
1488,298.196068335,7.9,18.0,96754.5,14.6870002747,14.7600002289,0.449999988079,-7.56556463242,5.75638055801,19.5700073242,34.0300634,108.7564391,34.0301856995,108.75617218,20.0,-0.093190417322,0.047623478495,0.960864948169,0.256487934067,-6.57052278519,3.67968988419,0.00556476926431,-2.95819306374,0.367532908916,11.1270208359,216.780127416
1489,298.398056793,6.6,19.0,96751.5,14.6969995499,14.0600004196,0.449999988079,-8.732172966,6.35161972046,19.6050662994,34.0300697,108.7564245,34.0301856995,108.75617218,20.0,-0.0974149645357,0.0555532921385,0.959350337948,0.258980688349,-6.54280805588,3.7165145874,0.0106965349987,-4.57804536819,-2.36729979515,15.8864116669,206.639819838
1490,298.60004191400003,6.6,19.0,96752.5,14.7170000076,13.6599998474,0.449999988079,-10.0708866119,7.05313825607,19.6340942383,34.0300761,108.7564099,34.0301856995,108.75617218,20.0,-0.103189480543,0.0542201899543,0.958198022036,0.261282770288,-6.5352602005,3.75494170189,-0.0721304565668,-2.39971756935,6.21063804626,13.8314819336,201.034217859
1491,298.797028351,6.6,19.0,96753.5,14.7209997177,13.4899997711,0.460000008345,-11.4400100708,7.78874063492,19.6429729462,34.0300825,108.7563955,34.0301856995,108.75617218,20.0,-0.107770787658,0.0498726608709,0.957789176532,0.261797910144,-6.52523899078,3.79920482635,-0.144749894738,-0.773598432541,2.57602119446,1.29367685318,198.586282823
1492,298.999016571,6.6,19.0,96751.25,14.7229995728,13.4499998093,0.449999988079,-12.9735631943,8.63210773468,19.6443920135,34.0300891,108.7563811,34.0301856995,108.75617218,20.0,-0.0930609632768,0.0396738663694,0.959577214433,0.262635115143,-6.53159809113,3.83513069153,-0.13205319643,-2.59616923332,-1.83494281769,11.3004541397,198.024341445
1493,299.196009445,6.6,19.0,96755.5,14.7309999466,13.1300001144,0.449999988079,-14.3247365952,9.39136981964,19.652135849,34.0300957,108.7563667,34.0301856995,108.75617218,20.0,-0.0554281713162,0.0312425710831,0.962507474076,0.263687479803,-6.4541425705,3.80736374855,-0.136002033949,-0.0608629584312,3.9992377758,8.08658981323,193.418030985
1494,299.398001957,4.5,22.0,96753.75,14.7270002365,13.0699996948,0.449999988079,-15.417632103,10.0111675262,19.6478481293,34.0301023,108.7563526,34.0301856995,108.75617218,20.0,-0.00937451212149,0.0260455439506,0.964430529407,0.26288317042,-6.28215456009,3.745855093,-0.199506983161,1.14291059971,2.69798016548,-5.42181587219,192.481888597
1495,299.595992851,4.5,22.0,96756.0,14.7159996033,13.1800003052,0.449999988079,-16.6892223358,10.7448472977,19.6278381348,34.0301089,108.7563387,34.0301856995,108.75617218,20.0,0.00474800086471,0.0125331935244,0.964943077231,0.262117151448,-5.99152612686,3.62444710732,-0.178554952145,0.0456375516951,4.49655056,5.62234306335,193.956879262
1496,299.79798584,4.5,22.0,96754.75,14.7309999466,13.0500001907,0.449999988079,-17.9025478363,11.458987236,19.6071929932,34.0301153,108.7563254,34.0301856995,108.75617218,20.0,0.0114601071025,0.00251849843293,0.965766605578,0.259147421282,-5.6855711937,3.47659420967,-0.150639235973,-0.0823779702187,-1.5076406002,7.41584396362,192.239552113
1497,299.994972038,4.5,22.0,96763.5,14.7379999161,13.0500001907,0.449999988079,-19.0352973938,12.1276512146,19.5822315216,34.0301214,108.7563127,34.0301856995,108.75617218,20.0,0.012005436285,-0.00373575704057,0.967217194736,0.253639270723,-5.39605951309,3.31096100807,-0.219284310937,-3.22508859634,3.37787842751,10.1625814438,192.330901716
1498,300.19696455,4.5,22.0,96761.25,14.7410001755,13.4799995422,0.449999988079,-20.2977981567,12.8744077682,19.5365066528,34.0301272,108.7563007,34.0301856995,108.75617218,20.0,0.0171805286171,-0.00935458719886,0.968170725037,0.249525232546,-5.05679035187,3.12235760689,-0.22671020031,-1.87427413464,-8.91532611847,7.80570936203,198.708675618
1499,300.39895491600004,3.5,34.0,96757.5,14.7279996872,13.6199998856,0.439999997616,-21.1536369324,13.3764123917,19.4999866486,34.0301328,108.7562895,34.0301856995,108.75617218,20.0,0.00822599930431,-0.00996945374235,0.968633792462,0.248156682228,-4.74799489975,2.88648915291,-0.181494697928,-0.294320762157,1.71149611473,6.40215778351,200.595354054
1500,300.595947552,3.5,34.0,96760.25,14.7239999771,14.1599998474,0.439999997616,-22.1275234222,13.9524316788,19.4557437897,34.0301379,108.7562789,34.0301856995,108.75617218,20.0,0.0311059086097,-0.00375169513475,0.968198710545,0.248212863977,-4.4896273613,2.75954055786,-0.191974982619,-2.3086745739,5.42374563217,18.1795101166,208.491837429
1501,300.79793911,3.5,34.0,96764.4921875,14.732000351,14.8900003433,0.449999988079,-23.0276012421,14.494600296,19.4037284851,34.0301427,108.7562691,34.0301856995,108.75617218,20.0,0.0188492641014,-0.0192339960104,0.969359181871,0.244167272283,-4.10799503326,2.54406809807,-0.235531017184,-5.45201158524,4.60532045364,14.168507576,219.359490284
1502,300.994926023,3.5,34.0,96753.25,14.7150001526,15.5500001907,0.439999997616,-23.9606361389,15.0505065918,19.3325939178,34.0301472,108.7562599,34.0301856995,108.75617218,20.0,0.0143140315586,-0.0209744815651,0.970523362121,0.239665567393,-3.83118605614,2.30990409851,-0.246861204505,-3.25872087479,-2.22764801979,8.57305622101,228.818255179
1503,301.19791274100004,3.5,34.0,96769.5,14.7100000381,16.0,0.449999988079,-24.7255535126,15.4922161102,19.2882194519,34.0301512,108.7562515,34.0301856995,108.75617218,20.0,0.00890105549874,-0.0224678033476,0.971887866342,0.234201186337,-3.5780248642,2.072306633,-0.159253671765,-2.40965342522,-1.87579751015,13.4806957245,235.36000061
1504,301.394899178,3.2,24.0,96769.5,14.7139997482,16.0699996948,0.449999988079,-25.3324375153,15.8297271729,19.2662258148,34.0301548,108.7562437,34.0301856995,108.75617218,20.0,-0.00394170498164,-0.0260194306852,0.972659322257,0.230741267249,-3.36880683899,1.87873768806,-0.076110213995,-0.711524188519,1.37543392181,8.78897857666,236.453971464
1505,301.596889305,3.2,24.0,96771.25,14.7019996643,15.8100004196,0.449999988079,-25.9773349762,16.1748428345,19.2524623871,34.030158,108.7562363,34.0301856995,108.75617218,20.0,-0.00208463185964,-0.0226794444059,0.973663470922,0.226850228048,-3.1585278511,1.68492102623,-0.0290296189487,-1.36550843716,0.623326063156,14.7643604279,232.438620862
1506,301.79888134000004,3.2,24.0,96773.0,14.7030000687,15.6499996185,0.449999988079,-26.6964950562,16.5351715088,19.2135009766,34.0301608,108.7562295,34.0301856995,108.75617218,20.0,-0.000671486883198,-0.0160800585974,0.974824363718,0.222392355881,-2.88961267471,1.47608876228,-0.0113511821255,1.37138688564,-3.00136613846,3.4858288765,230.101945466
1507,301.995868492,3.2,24.0,96771.25,14.7100000381,15.9300003052,0.449999988079,-27.1448841095,16.7510757446,19.1820697784,34.0301632,108.7562232,34.0301856995,108.75617218,20.0,-0.00326275744771,-0.00952342681545,0.975613816337,0.219263247407,-2.69962191582,1.34452033043,-0.0219650361687,-1.06457602978,-2.20172095299,14.6636123657,234.330305097
1508,302.197852421,3.2,24.0,96771.75,14.7159996033,16.3099994659,0.460000008345,-27.6628036499,16.9847240448,19.1424484253,34.0301653,108.7562173,34.0301856995,108.75617218,20.0,-0.000385798751106,-0.00726777852034,0.975652422851,0.219201797301,-2.42350196838,1.18552863598,0.055673558265,0.397318214178,0.419113337994,1.66223669052,240.01794567
1509,302.394839096,6.1,2.0,96775.0,14.7130002975,16.4599990845,0.460000008345,-28.1203346252,17.1828536987,19.1150798798,34.0301671,108.7562118,34.0301856995,108.75617218,20.0,0.00249082877993,-0.000509706122871,0.975215612913,0.221242126238,-2.22275447845,1.08596348763,0.102492958307,-2.18212842941,0.746434688568,16.3081264496,242.175971427
1510,302.59783082,6.1,2.0,96772.0,14.7150001526,16.2800006866,0.460000008345,-28.5416507721,17.3623542786,19.0995121002,34.0301687,108.7562069,34.0301856995,108.75617218,20.0,-0.00142533056054,-0.000905792862076,0.974308401998,0.22521206434,-1.93793475628,0.974645495415,0.135371923447,-2.27378487587,-1.17729961872,12.0217075348,239.560212588
1511,302.794819403,6.1,2.0,96769.7421875,14.7189998627,16.2199993134,0.460000008345,-28.919336319,17.5132369995,19.0875778198,34.03017,108.7562024,34.0301856995,108.75617218,20.0,-0.0109767245676,0.00275593698456,0.97282377926,0.231270378785,-1.76365876198,0.894091188908,0.0949765071273,0.598279476166,-0.409451633692,9.31650161743,238.742167666
1512,303.01680259700004,6.1,2.0,96767.9921875,14.718000412,16.5400009155,0.460000008345,-29.3101501465,17.6603450775,19.0715351105,34.0301711,108.7561985,34.0301856995,108.75617218,20.0,-0.0117377339912,0.00610105530116,0.9699545904,0.242926174034,-1.54311943054,0.80054295063,0.130668863654,-3.44113016129,0.282237559557,13.3094816208,243.435740289
1513,303.198795605,6.1,2.0,96767.7421875,14.718000412,16.7099990845,0.460000008345,-29.6131019592,17.7677593231,19.0690193176,34.0301723,108.7561949,34.0301856995,108.75617218,20.0,-0.0152966626118,0.00951721015529,0.966756529682,0.255063412734,-1.38025307655,0.734603941441,0.109589457512,1.13704013824,-0.206242978573,3.40042734146,245.93777341
1514,303.395786333,9.3,9.0,96772.75,14.7139997482,16.7999992371,0.460000008345,-29.8322906494,17.8492984772,19.0712661743,34.0301731,108.7561917,34.0301704407,108.756973267,20.0,-0.0150224240992,0.0130692169792,0.962302640392,0.271251321824,-1.25002706051,0.684577524662,0.11756811291,-0.350508779287,0.0647096633911,8.75039291382,247.195184544
1515,303.597775507,9.3,9.0,96767.25,14.7010002136,17.5100002289,0.460000008345,-30.0745944977,17.9352836609,19.0798492432,34.0301739,108.7561888,34.0301704407,108.756973267,20.0,-0.00605669310892,0.0200385992694,0.94968732999,0.31249926235,-1.08305025101,0.644343197346,0.189527690411,-3.01185321808,0.954224467278,13.69851017,257.414517105
1516,303.79476909600004,9.3,9.0,96764.5,14.6920003891,17.4699993134,0.460000008345,-30.2742767334,18.0087184906,19.0928573608,34.0301747,108.7561862,34.0301704407,108.756973267,20.0,0.030847061764,0.0366980729838,0.920936878352,0.386751873109,-0.866122603416,0.593344032764,0.129577770829,2.35918450356,0.710280299187,-0.805882513523,256.669236709
1517,303.997766066,9.3,9.0,96771.75,14.6890001297,17.6800003052,0.460000008345,-30.4219150543,18.0744495392,19.1009712219,34.0301754,108.7561842,34.0301704407,108.756973267,20.0,0.0697100985007,0.059147168399,0.881486859163,0.463274260248,-0.495256066322,0.529402971268,0.0957079008222,-0.183154180646,-0.937443733215,9.70473480225,259.701526776
1518,304.199757862,9.3,9.0,96765.5,14.6829996109,17.9899997711,0.460000008345,-30.4842739105,18.1309547424,19.1103191376,34.030176,108.7561828,34.0301704407,108.756973267,20.0,0.0909851578892,0.08035161206,0.835595431749,0.535766418219,0.0781324058771,0.447623163462,0.130968153477,-3.76923322678,0.851665794849,17.8635749817,264.147159639
1519,304.396747398,9.8,14.0,96768.4921875,14.670999527,18.1499996185,0.460000008345,-30.4378833771,18.1767940521,19.122171402,34.0301766,108.7561825,34.0301704407,108.756973267,20.0,0.0844657299207,0.0942291105985,0.787590487397,0.603065262589,0.624236941338,0.389426261187,0.150480881333,-3.96068572998,-0.523808956146,21.1216011047,266.278635818
1520,304.598737288,9.8,14.0,96769.2421875,14.6730003357,18.3400001526,0.460000008345,-30.3212566376,18.2106151581,19.1339645386,34.0301769,108.7561832,34.0301704407,108.756973267,20.0,0.0769494440326,0.103771479788,0.731956012525,0.668992419335,1.03390657902,0.362852960825,0.167613580823,-0.6932554245,-1.5386402607,11.7746772766,269.102828396
1521,304.79573159200004,9.8,14.0,96767.2421875,14.6750001907,18.2299995422,0.460000008345,-30.0945167542,18.2393875122,19.1383552551,34.0301772,108.7561851,34.0301704407,108.756973267,20.0,0.0716844360091,0.112859649514,0.672822967272,0.727621641161,1.50422811508,0.3318836689,0.116477310658,-0.426853835583,1.16535186768,3.49348473549,267.525246759
1522,304.997724104,9.8,14.0,96769.9921875,14.6639995575,18.4799995422,0.449999988079,-29.706785202,18.2532196045,19.1361541748,34.0301774,108.756188,34.0301704407,108.756973267,20.0,0.0649159669225,0.121597872639,0.607149529285,0.782540299226,2.05717730522,0.265707492828,0.136359974742,-2.83247280121,-0.553298950195,20.5807647705,270.99070511
1523,305.199727583,9.8,14.0,96770.7421875,14.6540002823,18.8099994659,0.449999988079,-29.3687458038,18.2532806396,19.1328792572,34.0301774,108.7561921,34.0301704407,108.756973267,20.0,0.0545173937249,0.124973390028,0.539215758447,0.831057101248,2.40751862526,0.244946956635,0.0928420647979,-4.45066404343,0.386889487505,19.0827655792,275.641737484
1524,305.396720457,6.8,12.0,96770.4921875,14.6479997635,19.0200004578,0.449999988079,-28.7750110626,18.2363681793,19.1273193359,34.0301773,108.7561971,34.0301704407,108.756973267,20.0,0.0441150536528,0.132388645969,0.472980911268,0.869951877855,2.89734768867,0.213046729565,0.116267077625,-1.99891757965,-1.05805385113,13.8197250366,278.604962207
1525,305.594705153,6.8,12.0,96763.7421875,14.6470003128,19.0799999237,0.449999988079,-28.2769432068,18.2156867981,19.1210918427,34.0301772,108.7562031,34.0301704407,108.756973267,20.0,0.0322549462869,0.136031002959,0.40396900824,0.904026656572,3.24333190918,0.193969875574,0.158132821321,1.6025916338,-0.190751999617,2.4906129837,279.464764851
1526,305.796700048,6.8,12.0,96761.5,14.6300001144,19.4400005341,0.449999988079,-27.5970840454,18.1829242706,19.1228122711,34.0301769,108.7562101,34.0301704407,108.756973267,20.0,0.0307279975755,0.133001972177,0.329970205803,0.934069583466,3.59985470772,0.157542586327,0.14647783339,-1.5298448801,-1.46170985699,12.2955598831,284.407210038
1527,305.99368434,6.8,12.0,96763.7421875,14.6210002899,19.5699996948,0.449999988079,-26.8338489532,18.1326160431,19.1398735046,34.0301765,108.756218,34.0301704407,108.756973267,20.0,0.0135920425434,0.150868648195,0.261831142934,0.953151906305,3.94533514977,0.120367124677,0.187884882092,-1.88061571121,1.72432136536,7.85642290115,286.132971212
1528,306.195676374,6.8,12.0,96764.75,14.6219997406,19.5699996948,0.449999988079,-26.0073051453,18.0740203857,19.1678771973,34.0301761,108.7562266,34.0301704407,108.756973267,20.0,0.00994939052537,0.165539929284,0.181492084708,0.969308142038,4.29847240448,0.107649669051,0.18234218657,-1.17843258381,1.79918944836,4.42048931122,286.152530461
1529,306.397663641,5.5,5.0,96763.5,14.6370000839,19.2600002289,0.449999988079,-24.9110069275,17.9900875092,19.2108478546,34.0301755,108.7562358,34.0301704407,108.756973267,20.0,-0.00397580178209,0.178688681811,0.103486992512,0.978440057558,4.68861722946,0.0864155441523,0.248462855816,-2.30149745941,0.532114624977,11.5743741989,281.908624967
1530,306.594658422,5.5,5.0,96762.75,14.6379995346,19.1299991608,0.449999988079,-23.9446296692,17.9276504517,19.244512558,34.0301749,108.7562461,34.0301704407,108.756973267,20.0,-0.0287681006311,0.193786415249,0.0331654815338,0.980060856764,5.16208553314,0.134156897664,0.245157524943,-1.39909052849,1.41027748585,7.75832891464,280.024918812
1531,306.79664855,5.5,5.0,96759.5,14.6280002594,18.7700004578,0.449999988079,-23.0089244843,17.8847732544,19.2809009552,34.0301743,108.7562571,34.0301704407,108.756973267,20.0,-0.0406557825726,0.198375917292,-0.0249500070878,0.978964575088,5.57255983353,0.222348421812,0.310211449862,-3.00773239136,-0.486526727676,14.4173679352,274.567571565
1532,306.99363331800004,5.5,5.0,96757.5,14.6339998245,17.9099998474,0.449999988079,-21.8611774445,17.8449192047,19.3286457062,34.0301739,108.756269,34.0301704407,108.756973267,20.0,-0.0463125956025,0.20560135173,-0.0322464273551,0.977007401883,5.99385738373,0.347910881042,0.226645216346,-1.3459187746,-0.693766474724,16.2910499573,262.094934624
1533,307.196620989,5.5,5.0,96756.9921875,14.6450004578,17.3500003815,0.449999988079,-20.5974788666,17.8293895721,19.3684329987,34.0301739,108.7562817,34.0301704407,108.756973267,20.0,-0.044284146809,0.195276179903,-0.029595601318,0.979300906939,6.44684743881,0.464334696531,0.161171987653,-3.23798751831,1.58025813103,11.5869970322,254.090763529
1534,307.398612309,4.1,355.0,96756.5,14.6610002518,16.4599990845,0.449999988079,-19.2651176453,17.8457679749,19.4091300964,34.0301743,108.7562953,34.0301704407,108.756973267,20.0,-0.03185005205,0.166788297863,-0.0214689724287,0.985244329075,6.77589178085,0.531927525997,0.121830418706,-2.56787252426,-1.0679038763,12.2781114578,241.320050722
1535,307.595603752,4.1,355.0,96755.4921875,14.6789999008,15.8900003433,0.449999988079,-17.9207324982,17.8822059631,19.438949585,34.0301746,108.7563099,34.0301704407,108.756973267,20.0,-0.0190862266899,0.147567185453,-0.0117670207826,0.988797898461,6.99580812454,0.579512834549,0.0530353039503,-1.8457531929,0.975709497929,0.506190240383,233.249313464
1536,307.797598886,4.1,355.0,96751.0,14.6789999008,15.2700004578,0.449999988079,-16.5277614594,17.918712616,19.4679222107,34.0301751,108.7563251,34.0301704407,108.756973267,20.0,-0.0139760793587,0.120196484657,-0.00408284950895,0.992643334772,7.14384269714,0.57403254509,0.0159236099571,-2.76101016998,-3.34043741226,14.5234947205,224.148335205
1537,307.999589491,4.1,355.0,96751.9921875,14.670999527,14.7600002289,0.449999988079,-15.0705919266,17.9638404846,19.4945659637,34.0301757,108.7563406,34.0301704407,108.756973267,20.0,-0.00722784734483,0.0884196416833,-0.00073929786973,0.99605685018,7.1886472702,0.560826063156,-0.0138299791142,-0.941075742245,2.20698451996,14.4128446579,216.543956376
1538,308.196584034,4.1,355.0,96755.25,14.6800003052,14.5100002289,0.449999988079,-13.5927858353,18.0102481842,19.5141372681,34.0301762,108.7563563,34.0301704407,108.756973267,20.0,-0.0054608775995,0.100249203121,-0.00113619474216,0.994946744337,7.19916009903,0.517448246479,-0.0348772406578,-3.21959090233,-1.28040790558,13.2441673279,213.006807788
1539,308.398574638,2.2,336.0,96760.5,14.6949996948,14.2399997711,0.449999988079,-12.1382627487,18.0491104126,19.5305423737,34.0301767,108.756372,34.0301704407,108.756973267,20.0,-0.000298515591291,0.0988631776657,-0.00172469118791,0.995099526663,7.23548364639,0.44605460763,-0.034774441272,-3.96032500267,-2.91866993904,16.5167655945,209.256792291
1540,308.59656648600003,2.2,336.0,96756.9921875,14.7100000381,14.0200004578,0.460000008345,-10.6694049835,18.0802593231,19.5453491211,34.0301771,108.7563878,34.0301704407,108.756973267,20.0,-0.00307802122524,0.103923407323,-0.00052814215869,0.994580446076,7.26257038116,0.409494996071,-0.065425619483,-0.0421434827149,-0.0716093480587,7.81687450409,206.234207269
1541,308.798553991,2.2,336.0,96759.5,14.7239999771,13.7399997711,0.460000008345,-9.15681648254,18.1046276093,19.5482978821,34.0301774,108.7564037,34.0301704407,108.756973267,20.0,-0.00253682934858,0.104032541319,-6.79407197997e-05,0.994570710154,7.31147623062,0.347415030003,-0.0844134837389,1.94714641571,-1.12532818317,4.84359741211,202.307756315
1542,308.995545197,2.2,336.0,96756.4921875,14.7239999771,13.8000001907,0.460000008345,-7.6372218132,18.1166973114,19.541053772,34.0301776,108.7564196,34.0301704407,108.756973267,20.0,-0.0040362825097,0.103995162333,-9.08686053896e-05,0.994569614336,7.35744380951,0.258940279484,-0.13758713007,-1.06720662117,2.39318370819,9.47200584412,203.191202493
1543,309.19754223800004,2.2,336.0,96753.5,14.7170000076,13.9300003052,0.449999988079,-6.14848804474,18.1174259186,19.5367908478,34.0301776,108.7564357,34.0301704407,108.756973267,20.0,-0.00229907370778,0.105651164694,-0.000300549176731,0.994400563327,7.3854804039,0.207333058119,-0.087305791676,-0.313516199589,-0.0784140825272,-1.61264955997,205.007814598
1544,309.394541311,0.6,27.0,96756.0078125,14.718000412,13.6999998093,0.449999988079,-4.38979530334,18.1078929901,19.5324516296,34.0301776,108.7564518,34.0301704407,108.756973267,20.0,-0.00844149745784,0.102343063823,-0.000785195787758,0.994713082209,7.42014837265,0.151097729802,-0.080429546535,-3.03919839859,-1.08756101131,7.31597948074,201.636602837
1545,309.596527863,0.6,27.0,96757.25,14.718000412,13.5399999619,0.449999988079,-3.08814930916,18.0994796753,19.5282344818,34.0301776,108.7564679,34.0301704407,108.756973267,20.0,-0.00778765232346,0.109260741973,-0.00240089522542,0.993979769191,7.43991994858,0.145810544491,-0.10464952141,-3.12511754036,0.968479335308,13.5761528015,199.281725017
1546,309.778515863,0.6,27.0,96760.25,14.7239999771,13.6300001144,0.449999988079,-1.58609735966,18.0857982635,19.5162715912,34.0301775,108.7564841,34.0301704407,108.756973267,20.0,-0.00705004559603,0.112448239637,-0.00426816920185,0.993623459734,7.48252820969,0.123374581337,-0.114596441388,-4.67083358765,0.537120819092,15.5610055923,200.688121373
1547,309.996501255,0.6,27.0,96757.9921875,14.7159996033,13.9300003052,0.449999988079,0.182808056474,18.0635585785,19.4922065735,34.0301774,108.7565004,34.0301704407,108.756973267,20.0,-0.00796744551086,0.110168506065,-0.00669110722904,0.993858470561,7.53294563293,0.0768032297492,-0.176136344671,-2.03091144562,3.05193018913,10.3544340134,204.993878965
1548,310.193486023,0.6,27.0,96755.75,14.7170000076,14.0600004196,0.449999988079,1.49612748623,18.0454425812,19.4711704254,34.0301772,108.7565168,34.0301704407,108.756973267,20.0,-0.00633718960539,0.110906060109,-0.00765673367528,0.993781215388,7.56696891785,0.071262717247,-0.177963867784,-1.20288205147,1.85422325134,4.39797830582,206.921026283
1549,310.395475674,3.6,53.0,96754.25,14.7239999771,14.2100000381,0.449999988079,3.01102662086,18.0171890259,19.4547920227,34.0301771,108.7565332,34.0301704407,108.756973267,20.0,-0.0117828996078,0.107168119334,-0.00823861306582,0.994137019083,7.59801673889,0.0449714511633,-0.0968761369586,-3.32773327827,-2.29058504105,9.52820587158,209.228040236
1550,310.597467232,3.6,53.0,96759.7421875,14.7279996872,14.279999733,0.449999988079,4.56499624252,17.9938259125,19.4438991547,34.030177,108.7565498,34.0301704407,108.756973267,20.0,-0.00838210727993,0.109619638193,-0.00991428746891,0.993888858439,7.59885311127,0.0389605276287,-0.134478017688,-3.99821066856,-0.41748726368,13.9136886597,210.3158316
1551,310.794458199,3.6,53.0,96755.5,14.7209997177,14.3100004196,0.449999988079,6.124563694,17.9689331055,19.4383602142,34.0301768,108.7565663,34.0301704407,108.756973267,20.0,-0.00652626036781,0.113886653625,-0.0104450427322,0.993417445938,7.62509775162,0.0247014388442,-0.0755521059036,-2.50499653816,-3.17444062233,19.5365447998,210.657512138
1552,310.996451187,3.6,53.0,96759.25,14.7159996033,14.2700004578,0.449999988079,7.88518571854,17.9389667511,19.4308586121,34.0301767,108.756583,34.0301704407,108.756973267,20.0,-0.00857097257646,0.109545665206,-0.00976538265313,0.993896908487,7.65112113953,0.0180219039321,-0.0779039785266,-1.2184278965,-2.66711902618,15.2602758408,209.997321075
1553,311.198445129,3.6,53.0,96757.75,14.720000267,14.3299999237,0.449999988079,9.18177032471,17.9164924622,19.4224319458,34.0301766,108.7565997,34.0301704407,108.756973267,20.0,-0.00758896681123,0.113428080108,-0.00818748893857,0.993483532197,7.67547130585,-0.0236713830382,-0.0711826458573,-0.896591246128,-1.64779293537,5.81511354446,210.937602703
1554,311.395439196,5.7,22.0,96761.0,14.7060003281,14.3500003815,0.449999988079,10.7564554214,17.8916015625,19.4119205475,34.0301765,108.7566164,34.0301704407,108.756973267,20.0,-0.0074365058551,0.111745593721,-0.00632388173797,0.99368891379,7.69005155563,-0.0425494499505,-0.0819456502795,-2.1383266449,-0.971587181091,14.5540761948,211.031110318
1555,311.593432474,5.7,22.0,96760.5,14.704000473,14.3299999237,0.449999988079,12.3370895386,17.8654766083,19.400352478,34.0301764,108.7566333,34.0301704407,108.756973267,20.0,-0.0116169885386,0.10940227109,-0.00360937181278,0.993923165974,7.70756721497,-0.0628456994891,-0.0705016851425,-0.71060192585,-0.643400073051,11.3300542831,210.708325657
1556,311.79542331700003,5.7,22.0,96759.0,14.6979999542,14.4300003052,0.439999997616,13.8824157715,17.8437690735,19.3863792419,34.0301763,108.7566502,34.0301704407,108.756973267,20.0,-0.0130907795373,0.111422538127,-0.00281473513095,0.993682928937,7.69945430756,-0.0693826824427,-0.1117477566,-4.37318849564,-0.171370208263,6.94469499588,212.092143825
1557,311.997413445,5.7,22.0,96754.5,14.6879997253,14.4600000381,0.439999997616,15.7024278641,17.8258285522,19.3785972595,34.0301762,108.7566672,34.0301704407,108.756973267,20.0,-0.00890867420016,0.1095474143,-0.00395463879578,0.99393378698,7.71402549744,-0.0592543445528,-0.0456000901759,-4.67853689194,-4.35108995438,19.4519786835,212.388476589
1558,312.194402981,5.7,22.0,96755.25,14.6960000992,14.5399999619,0.439999997616,17.0498542786,17.8165588379,19.3790779114,34.0301761,108.7566841,34.0301704407,108.756973267,20.0,-0.00739633990846,0.113523727113,-0.00636906315957,0.99348736756,7.70896100998,-0.0731501430273,-0.00459811231121,-4.06772994995,0.492180585861,18.2821235657,213.679840882
1559,312.396393108,7.8,5.0,96758.25,14.6829996109,14.3800001144,0.439999997616,18.8396511078,17.8028106689,19.3843955994,34.0301761,108.7567011,34.0301704407,108.756973267,20.0,-0.00741701293766,0.114075218625,-0.00788904710427,0.993413104813,7.70017433167,-0.0700911805034,-0.0719290748239,-4.83274126053,-0.912919640541,14.1608057022,211.141536085
1560,312.59838180500003,7.8,5.0,96759.75,14.6750001907,14.4600000381,0.439999997616,20.3888225555,17.7939243317,19.3819637299,34.030176,108.7567181,34.0301704407,108.756973267,20.0,-0.00897731034296,0.113665635551,-0.00887224878633,0.993438898684,7.71838665009,-0.0913038626313,-0.0461933538318,-1.07076466084,-0.124842688441,9.6649274826,212.200503318
1561,312.79537038800004,7.8,5.0,96761.9921875,14.6809997559,14.3199996948,0.439999997616,21.7418937683,17.7854385376,19.3800163269,34.0301759,108.7567351,34.0301704407,108.756973267,20.0,-0.00560823351861,0.101313779831,-0.0109908022736,0.994778072649,7.70366239548,-0.0900451540947,-0.0607353188097,-2.67641592026,1.28967106342,12.3239107132,210.231912024
1562,312.993356991,7.8,5.0,96755.75,14.6770000458,14.1400003433,0.439999997616,23.5653381348,17.7739467621,19.3807868958,34.030176,108.7567523,34.0301704407,108.756973267,20.0,-0.00421838323705,0.0569076547736,-0.0116230471481,0.99830294003,7.6141166687,-0.0828257054091,-0.0407799817622,-1.03439366817,0.343794882298,0.471937686205,207.532785686
1563,313.19535236400003,7.8,5.0,96758.5,14.6850004196,14.0200004578,0.439999997616,24.8485393524,17.7682094574,19.391242981,34.0301757,108.7567692,34.0301704407,108.756973267,20.0,-0.00137897326656,0.00600429321633,-0.0105146271791,0.999925804432,7.37849569321,-0.125393390656,0.0332695841789,-0.720477759838,2.3712644577,16.8659877777,205.883712605
1564,313.397344875,8.6,1.0,96758.5,14.7010002136,13.7700004578,0.439999997616,26.3146476746,17.7524032593,19.4083442688,34.0301756,108.7567857,34.0301704407,108.756973267,20.0,-0.000427478033017,-0.00686110423761,-0.00888320696694,0.9999369312,7.04237794876,-0.123344495893,0.000632763491013,-0.343942224979,3.11857533455,1.72741985321,202.432779671
1565,313.599335718,8.6,1.0,96758.75,14.7069997787,13.6700000763,0.439999997616,27.7596530914,17.7301692963,19.4164104462,34.0301754,108.7568016,34.0301704407,108.756973267,20.0,-0.00278567520818,-0.0130343432608,-0.00835051294861,0.999876366179,6.69662284851,-0.170104011893,-0.0499362386763,-2.66104269028,-1.33045458794,6.06740093231,201.044688098
1566,313.796326447,8.6,1.0,96759.75,14.7159996033,13.7299995422,0.439999997616,29.1446876526,17.7066116333,19.4099636078,34.0301753,108.7568167,34.0301704407,108.756973267,20.0,-0.00271832289789,-0.0178988366977,-0.00783366614533,0.999805433033,6.26847553253,-0.168392971158,-0.0731540620327,0.00231520272791,-2.7873904705,1.78628027439,202.050667816
1567,313.998319674,8.6,1.0,96758.25,14.7139997482,13.9200000763,0.449999988079,30.4295349121,17.6825618744,19.3970489502,34.030175,108.7568311,34.0301704407,108.756973267,20.0,-0.00495421452849,-0.0239997800463,-0.00744148971993,0.999672038257,5.89179849625,-0.207130804658,-0.0986688658595,-3.1432864666,-0.249581485987,10.4546890259,204.818877618
1568,314.195312071,8.6,1.0,96765.0,14.7189998627,14.1099996567,0.439999997616,31.6715011597,17.6471691132,19.3825912476,34.0301748,108.7568445,34.0301704407,108.756973267,20.0,-0.00905387272745,-0.0329578977681,-0.00688338115195,0.999392014596,5.57301712036,-0.213622003794,-0.145540565252,0.893473684788,0.556659162045,5.73524999619,207.685083009
1569,314.392306614,9.4,2.0,96761.0,14.7119998932,14.4200000763,0.449999988079,32.9917182922,17.6013622284,19.3654460907,34.0301745,108.7568572,34.0301704407,108.756973267,20.0,-0.00944691448033,-0.0362749245517,-0.00676334692739,0.999274340595,5.08496189117,-0.217420175672,-0.0944305732846,-4.54854679108,-1.66572475433,14.8671865463,212.147039582
1570,314.595294523,9.4,2.0,96765.0,14.7119998932,14.720000267,0.449999988079,33.8777542114,17.5622711182,19.3523864746,34.0301742,108.7568689,34.0301704407,108.756973267,20.0,-0.0127072636308,-0.0329824384292,-0.00534632773361,0.999360868075,4.74434423447,-0.226483285427,-0.111058600247,0.55750977993,-0.369105100632,8.7037153244,216.560642356
1571,314.79728179,9.4,2.0,96758.5,14.7069997787,15.0699996948,0.449999988079,34.8457603455,17.5131149292,19.3325595856,34.0301739,108.7568796,34.0301704407,108.756973267,20.0,-0.0207623021466,-0.0325830166972,-0.00367499445591,0.999246607969,4.26509332657,-0.233728960156,-0.10498033464,-1.35312843323,-2.4516928196,17.6564502716,221.634482178
1572,314.999271441,9.4,2.0,96765.5,14.6909999847,15.3999996185,0.439999997616,35.9157333374,17.4609394073,19.313621521,34.0301736,108.7568894,34.0301704407,108.756973267,20.0,-0.0233588186767,-0.0311176636292,-0.00105038375859,0.99924218255,3.87833166122,-0.216258600354,-0.130088672042,-2.20047473907,0.8613935709,12.3585977554,226.241394161
1573,315.196263838,9.4,2.0,96770.7421875,14.6840000153,15.7600002289,0.439999997616,36.5646057129,17.4325218201,19.302652359,34.0301734,108.7568983,34.0301704407,108.756973267,20.0,-0.0261308662941,-0.0277483477532,0.000297725337881,0.999273371217,3.59156417847,-0.187628373504,-0.1437587291,-4.24479532242,-0.34032779932,16.8907661438,231.419843601
1574,315.398250866,9.7,3.0,96770.2421875,14.6909999847,16.2600002289,0.449999988079,37.2873420715,17.4084911346,19.2746582031,34.0301732,108.7569062,34.0301704407,108.756973267,20.0,-0.0248921017631,-0.025312054608,-0.000820472699962,0.999369339591,3.24942874908,-0.146958306432,-0.152074724436,2.05374097824,0.521593630314,2.03268194199,238.875663114
1575,315.59523801800003,9.7,3.0,96768.25,14.6850004196,16.6599998474,0.449999988079,38.0354309082,17.3898620605,19.2317047119,34.0301732,108.7569135,34.0301704407,108.756973267,20.0,-0.0236395619216,-0.022970406039,-0.00383700694158,0.999449250016,2.85609483719,-0.109911032021,-0.114211082458,-1.06524217129,-0.45748090744,9.28504657745,244.65210475
1576,315.79722647700004,9.7,3.0,96767.75,14.6770000458,17.1399993896,0.449999988079,38.5279693604,17.3859481812,19.1990890503,34.0301732,108.7569199,34.0301704407,108.756973267,20.0,-0.0221208551005,-0.0147485573349,-0.0072117472487,0.999620492662,2.59356665611,-0.0724090710282,-0.0664583742619,-0.143393799663,-0.246957927942,11.1252889633,251.563771826
1577,315.99521784800004,9.7,3.0,96765.75,14.6719999313,17.3799991608,0.449999988079,39.0343322754,17.3880367279,19.1697616577,34.0301734,108.7569257,34.0301704407,108.756973267,20.0,-0.0157997461641,-0.00987949886746,-0.0122823924462,0.999750937158,2.33930540085,-0.0474657006562,-0.0767246335745,-1.60219144821,-0.21319976449,8.62853813171,254.999346493
1578,316.197206306,9.7,3.0,96762.7421875,14.6590003967,17.5799999237,0.449999988079,39.4966697693,17.4039440155,19.1510124207,34.0301737,108.7569308,34.0301704407,108.756973267,20.0,-0.013453899662,-0.00675479111714,-0.0203648935851,0.999679287515,2.10467410088,-0.0377392098308,-0.0458462685347,-0.0776340588927,-0.319426059723,3.40947461128,257.705225856
1579,316.394196796,10.3,359.0,96769.0,14.6590003967,17.6700000763,0.449999988079,39.9015426636,17.427444458,19.1428947449,34.0301739,108.7569353,34.0301704407,108.756973267,20.0,-0.00658978785159,-0.000901205976101,-0.0300563085191,0.999526125868,1.87565684319,-0.0435872860253,0.0268401671201,-1.22343695164,0.236930251122,9.00436019897,259.024538129
1580,316.596178579,10.3,359.0,96760.9921875,14.6560001373,17.6399993896,0.449999988079,40.2508277893,17.4504737854,19.1395969391,34.0301743,108.7569395,34.0301704407,108.756973267,20.0,-0.00797548502221,-0.000923627111692,-0.0415814485381,0.999102887215,1.68513596058,-0.043640486896,0.0373715162277,-1.41699886322,0.0547407418489,14.1305360794,258.531833477
1581,316.798165607,10.3,359.0,96764.75,14.6490001678,17.7099990845,0.449999988079,40.6216812134,17.4939727783,19.1513690948,34.0301748,108.7569431,34.0301704407,108.756973267,20.0,-0.00625378041596,0.00441818753408,-0.0554743563596,0.998430771422,1.51504516602,-0.0327392034233,0.0389274694026,-1.30878460407,0.305970132351,13.2039861679,259.433779561
1582,316.99515419,10.3,359.0,96770.7421875,14.638999939,17.7800006866,0.439999997616,40.8839035034,17.5315361023,19.163936615,34.0301752,108.7569464,34.0300254822,108.756561279,20.0,-0.00221398383044,0.00973745048782,-0.0721505999099,0.997343719905,1.34591400623,-0.0445496737957,0.00430046394467,-3.59875273705,0.16885098815,20.5038108826,260.281428967
1583,317.197146702,10.3,359.0,96767.25,14.6330003738,18.1299991608,0.449999988079,41.1279792786,17.5685920715,19.1797218323,34.0301757,108.7569494,34.0300254822,108.756561279,20.0,0.00912460567597,0.000799749621384,-0.125388686634,0.992065459332,1.20331251621,-0.0739522725344,0.0546817071736,-0.980026960373,0.837593913078,11.0001993179,265.296284497
1584,317.395136166,8.0,357.0,96769.9921875,14.640999794,18.3299999237,0.449999988079,41.3000144958,17.5965442657,19.1883354187,34.0301762,108.756952,34.0300254822,108.756561279,20.0,0.05767901059,-0.033455014578,-0.198726900442,0.977784084008,0.962265193462,-0.168854475021,0.060763463378,0.0329708978534,-0.163298383355,10.3924045563,268.369525107
1585,317.597125816,8.0,357.0,96766.0,14.6379995346,18.6499996185,0.449999988079,41.4488945007,17.6088199615,19.1980495453,34.0301765,108.7569542,34.0300254822,108.756561279,20.0,0.0847696350402,-0.0718089206774,-0.276864375889,0.954465159957,0.589070439339,-0.35315951705,0.0396551340818,-1.93689203262,0.248866155744,18.2570381165,272.998685736
1586,317.79911356,8.0,357.0,96769.2421875,14.640999794,18.9099998474,0.449999988079,41.5161132813,17.5743656158,19.2100086212,34.0301765,108.7569557,34.0300254822,108.756561279,20.0,0.102516980818,-0.08239066342,-0.351404449228,0.926939558957,0.00826278701425,-0.610597014427,0.0595784150064,3.40815401077,-0.677727162838,2.16987657547,276.861303871
1587,317.996105957,8.0,357.0,96772.5,14.6579999924,19.1800003052,0.449999988079,41.4805603027,17.5062713623,19.2160758972,34.0301761,108.7569561,34.0300254822,108.756561279,20.0,0.108300004561,-0.0744772007781,-0.424012342445,0.896068003947,-0.476367235184,-0.816031098366,0.0697862505913,0.292656958103,0.590884625912,13.5883169174,281.140444327
1588,318.1980937,8.0,357.0,96768.25,14.6379995346,19.0699996948,0.449999988079,41.3818740845,17.4216022491,19.2227191925,34.0301754,108.7569553,34.0300254822,108.756561279,20.0,0.112555743077,-0.0647934750098,-0.496603166187,0.858206436259,-0.860899567604,-0.980627655983,0.104944914579,-0.630310297012,-2.15594434738,18.0780849457,279.146646658
1589,318.395089197,6.1,351.0,96767.7421875,14.6350002289,18.8500003815,0.449999988079,41.138343811,17.2636260986,19.2393131256,34.0301744,108.7569535,34.0300254822,108.756561279,20.0,0.121441560514,-0.0557280698509,-0.5632999639,0.815376977389,-1.29923045635,-1.15930855274,0.10041988641,-0.201980173588,1.09199023247,4.27674007416,275.869759897
1590,318.59707670200004,6.1,351.0,96765.0,14.6239995956,18.6800003052,0.449999988079,40.8302688599,17.0904636383,19.2542819977,34.030173,108.7569508,34.0300254822,108.756561279,20.0,0.120830249453,-0.0456366418119,-0.629503801535,0.76618697956,-1.71601378918,-1.33106684685,0.0747913867235,-1.83214175701,0.37671995163,9.1029586792,273.176316909
1591,318.794063139,6.1,351.0,96767.25,14.6280002594,18.6000003815,0.449999988079,40.5123405457,16.9261798859,19.2649364471,34.0301714,108.7569469,34.0300254822,108.756561279,20.0,0.121780555519,-0.0410068526498,-0.689991076398,0.712320384543,-2.10765504837,-1.45996630192,0.0737197250128,-1.38162839413,0.967694580555,13.4912691116,272.080810405
1592,318.997054386,6.1,351.0,96764.5,14.6319999695,18.5900001526,0.449999988079,40.0369949341,16.7059078217,19.2765312195,34.0301696,108.7569421,34.0300254822,108.756561279,20.0,0.127515137387,-0.0292600333786,-0.746387981173,0.652524926491,-2.48543977737,-1.58216571808,0.0326600596309,-2.64167547226,1.16643750668,12.8319139481,272.008881665
1593,319.194042253,6.1,351.0,96756.25,14.6319999695,18.5300006866,0.449999988079,39.3710212708,16.4325256348,19.2982692719,34.0301675,108.7569363,34.0300254822,108.756561279,20.0,0.136705758199,-0.0170040828114,-0.795201439058,0.590488822117,-2.86327171326,-1.69177961349,0.0531513728201,1.34855425358,1.36160850525,2.10352873802,271.130969482
1594,319.396031904,4.2,339.0,96756.9921875,14.6379995346,18.4899997711,0.449999988079,38.8217849731,16.2098846436,19.3221511841,34.0301653,108.7569296,34.0300254822,108.756561279,20.0,0.138413353571,-0.00508825731182,-0.838368178082,0.527214158843,-3.21179103851,-1.81188356876,0.0271232780069,-3.36800813675,0.910557150841,14.3356800079,270.656608045
1595,319.59802227,4.2,339.0,96757.5,14.6319999695,18.5699996948,0.449999988079,38.0997695923,15.9365129471,19.3609085083,34.0301629,108.7569223,34.0300254822,108.756561279,20.0,0.151753352692,0.0111110893792,-0.873539860142,0.462358704258,-3.54992318153,-1.92388892174,0.0637115091085,-0.365902245045,0.720508098602,6.01221370697,271.716234968
1596,319.795008945,4.2,339.0,96760.25,14.638999939,18.4400005341,0.449999988079,37.2920761108,15.6268100739,19.4024600983,34.0301604,108.7569142,34.0300254822,108.756561279,20.0,0.171610935199,0.0217605970103,-0.901349573048,0.397045545435,-3.89766144753,-2.07802605629,0.0316582992673,-0.34906744957,0.110577985644,8.0257062912,269.943166693
1597,319.99700408,4.2,339.0,96764.0,14.638999939,18.3299999237,0.449999988079,36.2629013062,15.2441663742,19.4418830872,34.0301576,108.7569052,34.0300254822,108.756561279,20.0,0.185079566501,0.0322256858373,-0.926121825802,0.327116822012,-4.26714944839,-2.25256490707,0.00779490172863,-1.30303573608,-0.471305280924,7.99211168289,268.332867764
1598,320.1989923,4.2,339.0,96760.9921875,14.6350002289,18.3400001526,0.449999988079,35.3064613342,14.8841533661,19.4683094025,34.0301545,108.7568957,34.0300254822,108.756561279,20.0,0.195408731742,0.0465268859854,-0.946115279211,0.254000974977,-4.71746683121,-2.46324515343,-0.000623127561994,-0.900220692158,1.34144532681,6.03496360779,268.405906431
1599,320.39697938,3.6,313.0,96759.5,14.625,18.6399993896,0.449999988079,34.2554244995,14.478852272,19.4950847626,34.0301511,108.7568851,34.0300254822,108.756561279,20.0,0.198734544826,0.0633724913781,-0.959008210905,0.191812162034,-5.06833696365,-2.65220522881,0.032093256712,0.188931927085,0.967810869217,8.05967712402,272.609991074
1600,320.593975353,3.6,313.0,96755.5,14.6289997101,18.0300006866,0.449999988079,33.1221542358,14.0303621292,19.5172100067,34.0301474,108.7568738,34.0300254822,108.756561279,20.0,0.189551073174,0.0810666129301,-0.961150745949,0.183542486741,-5.44039583206,-2.9034576416,0.0151693532243,-3.88339948654,0.470190405846,11.0034122467,263.760874818
1601,320.795965481,3.6,313.0,96762.9921875,14.6459999084,17.3899993896,0.449999988079,32.1381797791,13.6201734543,19.5341510773,34.0301432,108.7568617,34.0300254822,108.756561279,20.0,0.176991328123,0.0883409324437,-0.962390242617,0.186212531741,-5.77220153809,-3.21167469025,-0.0311541222036,-0.320986866951,0.918303310871,6.37376832962,254.693929469
1602,320.99795084,3.6,313.0,96756.25,14.6450004578,16.6900005341,0.449999988079,30.6794528961,12.9828424454,19.5491924286,34.0301385,108.7568489,34.0300254822,108.756561279,20.0,0.151420202928,0.0699539061655,-0.967460845668,0.190258039142,-5.93631076813,-3.40239977837,-0.0849222913384,-3.68090128899,1.36495816708,13.6243572235,244.425065461
1603,321.194944668,3.6,313.0,96756.0,14.6520004272,16.2800006866,0.449999988079,29.6635951996,12.5039262772,19.55037117,34.0301333,108.7568356,34.0300254822,108.756561279,20.0,0.125291448587,0.0425354266491,-0.972664969934,0.190828623178,-6.08443593979,-3.53170132637,-0.0907851830125,-1.60905742645,3.24340486526,3.41170549393,238.534577016
1604,321.39693861,2.4,258.0,96750.0,14.6520004272,15.8000001907,0.449999988079,28.370344162,11.8929872513,19.5624027252,34.0301277,108.756822,34.0300254822,108.756561279,20.0,0.101962965104,0.0385914114933,-0.975238498651,0.192416421402,-6.13591957092,-3.58462023735,-0.153401777148,-4.74212503433,3.4168715477,12.8041572571,231.501609545
1605,321.593926239,2.4,258.0,96752.25,14.6529998779,15.5500001907,0.439999997616,27.095495224,11.2877511978,19.5752029419,34.030122,108.7568084,34.0300254822,108.756561279,20.0,0.101148645844,0.0372962388386,-0.974933608349,0.194634019983,-6.14756393433,-3.60780501366,-0.103270076215,0.694388151169,1.87311506271,3.95888590813,227.854150897
1606,321.795916128,2.4,258.0,96752.5,14.6499996185,15.1099996567,0.439999997616,25.5539264679,10.5341672897,19.5914936066,34.0301163,108.7567948,34.0300254822,108.756561279,20.0,0.106204958479,0.029651530186,-0.974425317356,0.195797441589,-6.16773748398,-3.61596679687,-0.105878546834,-2.89366531372,-0.617438435555,17.6926822662,221.361489206
1607,321.993904638,2.4,258.0,96748.9921875,14.6499996185,14.9300003052,0.439999997616,24.2345466614,9.88052463531,19.6011352539,34.0301105,108.7567811,34.0300254822,108.756561279,20.0,0.111347319173,0.0235862061928,-0.974056996047,0.195597960555,-6.23815393448,-3.59314036369,-0.14177967608,-2.83922529221,0.730794906616,11.9643306732,218.724498775
1608,322.215892363,2.4,258.0,96752.25,14.6540002823,14.6300001144,0.439999997616,22.9713134766,9.25782203674,19.6071395874,34.0301047,108.7567672,34.0300254822,108.756561279,20.0,0.0990262965062,0.0145119501957,-0.975585367215,0.195490528238,-6.28626441956,-3.57225227356,-0.152408614755,-0.263238400221,2.0297358036,3.6916115284,214.388025807
1609,322.397887039,3.1,117.0,96753.25,14.6660003662,14.4099998474,0.439999997616,21.8730373383,8.7220249176,19.6115341187,34.030099,108.7567534,34.0300254822,108.756561279,20.0,0.0589092507563,0.00570374881405,-0.978708785864,0.196535854375,-6.26699209213,-3.50717878342,-0.167686447501,-4.08821821213,2.09882426262,18.4120674133,211.337063039
1610,322.796878386,3.1,117.0,96748.25,14.6800003052,14.0100002289,0.439999997616,19.2909660339,7.48915576935,19.6138687134,34.0300878,108.7567259,34.0300254822,108.756561279,20.0,0.0024606922192,0.00324683598178,-0.980570327869,0.196125849833,-5.86278438568,-3.25578260422,-0.200409471989,-4.25350904465,-1.68309152126,11.5978193283,205.666807635
1611,323.014865446,3.1,117.0,96753.75,14.6829996109,14.220000267,0.439999997616,17.9147872925,6.84408807755,19.605348587,34.0300826,108.7567129,34.0300254822,108.756561279,20.0,-0.00051268430809,-0.00458069977272,-0.980659173426,0.195668977995,-5.56302165985,-3.04518961906,-0.173881843686,-2.9007973671,-1.06890940666,9.21161460876,208.792258388
1612,323.195863056,3.1,117.0,96757.5,14.6890001297,14.3400001526,0.439999997616,16.92694664,6.37607955933,19.5896320343,34.0300776,108.7567003,34.0300254822,108.756561279,20.0,-0.00287375257267,-0.00621252910566,-0.98104186681,0.19367543206,-5.31809043884,-2.89738059044,-0.225324288011,-3.04830908775,0.271917998791,10.6239690781,210.640264101
1613,323.393853235,3.1,117.0,96753.75,14.6809997559,14.4899997711,0.439999997616,15.8094511032,5.86043930054,19.5644779205,34.0300729,108.7566884,34.0300254822,108.756561279,20.0,0.0032662590935,-0.00734260975597,-0.981261873359,0.192511588985,-5.04632711411,-2.73829627037,-0.260965198278,0.233418092132,-2.07398223877,6.00672864914,212.727683102
1614,323.59584074,5.8,55.0,96742.5,14.670999527,14.7299995422,0.439999997616,14.5831460953,5.31581640244,19.5308094025,34.0300685,108.7566771,34.0300254822,108.756561279,20.0,0.00116742983744,-0.00778860556664,-0.981012364016,0.19378509816,-4.77207756042,-2.52976036072,-0.269757598639,-1.6698949337,3.28758454323,0.446634232998,216.103816317
1615,323.79782919900003,5.8,55.0,96746.5,14.6800003052,14.8500003815,0.439999997616,13.7854890823,4.95712089539,19.5114803314,34.0300644,108.7566664,34.0300254822,108.756561279,20.0,-0.00338540173111,-0.00388870309705,-0.981098132853,0.19344206496,-4.54323577881,-2.39434695244,-0.202290132642,-1.70616769791,-2.94065976143,13.087770462,217.998010132
1616,323.994820166,5.8,55.0,96753.75,14.6899995804,14.9300003052,0.439999997616,12.8418331146,4.54304456711,19.5090141296,34.0300606,108.7566562,34.0300254822,108.756561279,20.0,-0.00481978674357,-0.00639165691614,-0.981042035398,0.193630166345,-4.2734913826,-2.22454547882,-0.18217395246,1.41644668579,-1.90625107288,3.48875403404,219.321698218
1617,324.196814585,5.8,55.0,96759.25,14.6899995804,14.970000267,0.449999988079,11.8043251038,4.09954929352,19.5102024078,34.030057,108.7566468,34.0300254822,108.756561279,20.0,-0.00393750552563,-0.00586158011832,-0.981362899355,0.192034023045,-3.99446868896,-2.08865809441,-0.217095345259,-2.37972331047,0.30891752243,17.1287155151,219.909297641
1618,324.398803997,5.8,55.0,96758.75,14.7010002136,14.8400001526,0.449999988079,11.1490421295,3.81328988075,19.4993782043,34.0300537,108.7566379,34.0300254822,108.756561279,20.0,-0.00688965790429,-0.0098535201098,-0.981724814343,0.18992613271,-3.7363820076,-1.92781949043,-0.187108635902,-1.852632761,-2.72605657578,13.7756195068,218.162845413
1619,324.595792818,7.5,25.0,96762.7421875,14.6850004196,15.0799999237,0.439999997616,10.2712097168,3.4395647049,19.4611148834,34.0300506,108.7566296,34.0300254822,108.756561279,20.0,-0.0108057328276,-0.0123745755064,-0.981730504168,0.189566072184,-3.43528056145,-1.7508752346,-0.206060364842,1.2642134428,-0.35034352541,-0.464873045683,221.449805207
1620,324.798779774,7.5,25.0,96764.4921875,14.6820001602,15.4099998474,0.439999997616,9.66911315918,3.18778896332,19.4275035858,34.0300476,108.756622,34.0300254822,108.756561279,20.0,-0.0104916269359,-0.013048921049,-0.981478423867,0.190839707799,-3.21401929855,-1.62110984325,-0.199228674173,-0.18458597362,0.419483989477,9.76695537567,226.249620229
1621,324.995781231,7.5,25.0,96764.25,14.6829996109,15.7100000381,0.439999997616,9.01494312286,2.91446781158,19.3755245209,34.0300448,108.7566149,34.0300254822,108.756561279,20.0,-0.0152678242893,-0.00843395646468,-0.981201476926,0.192196204118,-2.96038627625,-1.46335160732,-0.191568359733,-0.208365127444,2.63242053986,1.66104960442,230.669924447
1622,325.197763968,7.5,25.0,96768.4921875,14.6840000153,16.0499992371,0.449999988079,8.44917678833,2.67311692238,19.3269786835,34.0300424,108.7566084,34.0300254822,108.756561279,20.0,-0.00840338863961,-0.00408037091206,-0.980492988402,0.196332074362,-2.7208571434,-1.31714642048,-0.128434345126,-2.29459261894,-0.0734836310148,19.1308288574,235.678189042
1623,325.394751835,7.5,25.0,96768.25,14.6789999008,16.2800006866,0.449999988079,7.90944099426,2.44429659843,19.2802238464,34.0300401,108.7566025,34.0300254822,108.756561279,20.0,-0.00295380170338,0.00177416096904,-0.979067666279,0.203505889447,-2.47834181786,-1.2030724287,-0.130149140954,-1.99831950665,-0.0381148308516,16.9341030121,238.974128465
1624,325.59674387,8.2,17.0,96766.2421875,14.6780004501,16.7299995422,0.449999988079,7.33332872391,2.1935210228,19.2240600586,34.030038,108.7565972,34.0300254822,108.756561279,20.0,0.0237821719162,0.0174947630073,-0.977194913212,0.210281753989,-2.28806090355,-1.12126123905,-0.068292170763,-2.09895443916,-1.91502940655,17.6233482361,245.562940812
1625,325.793733168,8.2,17.0,96766.0,14.6739997864,17.1700000763,0.449999988079,6.88621473312,1.98384594917,19.1906051636,34.0300359,108.7565923,34.0300254822,108.756561279,20.0,0.0563231938886,0.0128563587659,-0.974685616293,0.215986962138,-2.25094127655,-1.13466143608,-0.055463720113,-0.388320356607,1.64415681362,5.9215092659,251.952577452
1626,325.995721149,8.2,17.0,96768.2421875,14.6689996719,17.3299999237,0.449999988079,6.43557596207,1.75958657265,19.1717777252,34.030034,108.7565876,34.0301818848,108.75617218,20.0,0.059576166682,0.00925495270752,-0.973350952041,0.221253253006,-2.25682210922,-1.14379227161,0.0603390075266,-2.74676942825,-0.341995716095,10.6826448441,254.213763195
1627,326.192709494,8.2,17.0,96769.9921875,14.6579999924,17.8400001526,0.449999988079,6.07784128189,1.58077204227,19.164188385,34.0300318,108.7565829,34.0301818848,108.75617218,20.0,0.0647065418664,-0.00326919669591,-0.979914185731,0.18860187873,-2.29735636711,-1.13657128811,0.0955843701959,0.526932895184,-2.60315847397,7.81682395935,261.498722101
1628,326.395687866,8.2,17.0,96763.7421875,14.6579999924,18.1100006104,0.449999988079,5.54871606827,1.3252171278,19.1609573364,34.0300296,108.7565783,34.0301818848,108.75617218,20.0,0.0982196874852,-0.0571119747927,-0.987326762713,0.110802210274,-2.405626297,-0.994299888611,0.135573714972,-1.39875113964,-0.152037069201,11.3384160995,265.456388808
1629,326.592675018,6.9,18.0,96773.0,14.6579999924,18.4899997711,0.449999988079,5.06464338303,1.1483373642,19.1688289642,34.0300276,108.7565733,34.0301818848,108.75617218,20.0,0.139880681614,-0.0962362475746,-0.985189580319,0.0239506210159,-2.63183236122,-0.714522540569,0.142310276628,-0.861371397972,0.493942677975,7.45952320099,271.026416504
1630,326.794666338,6.9,18.0,96770.4921875,14.656999588,18.8600006104,0.449999988079,4.62738895416,1.06033301353,19.1853199005,34.0300258,108.7565677,34.0301818848,108.75617218,20.0,0.185048649154,-0.119665942763,-0.973133516449,-0.0666959126288,-3.07817602158,-0.166948527098,0.25580111146,-1.15238583088,-0.254445821047,3.46656942368,276.431021176
1631,326.99666028,6.9,18.0,96772.0,14.6510000229,19.1399993896,0.449999988079,4.00466632843,1.01952207088,19.2000045776,34.0300247,108.7565617,34.0301818848,108.75617218,20.0,0.217307728466,-0.112966925097,-0.957913657249,-0.149723981937,-3.50586414337,0.27327349782,0.234944626689,-1.86112391949,-1.3594199419,10.9612941742,280.420131496
1632,327.193649578,6.9,18.0,96765.0,14.642999649,19.2399997711,0.449999988079,3.2958521843,1.0579199791,19.2152118683,34.0300243,108.7565545,34.0301818848,108.75617218,20.0,0.227205594469,-0.104993189169,-0.942073565027,-0.223274573714,-4.09549570084,0.846067547798,0.19870762527,0.495921313763,-0.107121303678,-0.819293737411,281.731309896
1633,327.395643044,6.9,18.0,96763.5,14.6400003433,19.3899993896,0.449999988079,2.3793156147,1.18711078167,19.2353477478,34.0300249,108.7565462,34.0301818848,108.75617218,20.0,0.236490223826,-0.0850142606174,-0.938313412863,-0.237514539759,-4.60575151443,1.28788983822,0.228611320257,-0.803184866905,-0.601497411728,10.4694643021,283.869597721
1634,327.613625813,4.1,23.0,96760.0,14.6260004044,19.2900009155,0.449999988079,1.4344201088,1.39366948605,19.2635002136,34.0300262,108.7565367,34.0301818848,108.75617218,20.0,0.236527887304,-0.0972210152755,-0.936238228483,-0.240957642255,-5.0879945755,1.7055106163,0.202668011189,-0.87627774477,-0.299707710743,4.1090259552,282.135561191
1635,327.794619846,4.1,23.0,96760.0,14.6300001144,19.1900005341,0.439999997616,0.464114755392,1.66737449169,19.3042144775,34.0300282,108.756526,34.0301818848,108.75617218,20.0,0.230712849736,-0.104373604154,-0.937383653385,-0.239143599748,-5.42289400101,2.04909443855,0.190438255668,-1.39792215824,-1.44085407257,8.59633636475,280.749710009
1636,327.99261002500003,4.1,23.0,96760.7421875,14.6149997711,18.7299995422,0.439999997616,-0.473636835814,1.97582221031,19.3504276276,34.030031,108.7565143,34.0301818848,108.75617218,20.0,0.231766821245,-0.116756005803,-0.936412779656,-0.236184785615,-5.80698728561,2.48861074448,0.187889143825,-2.95653176308,-1.97639262676,14.3991880417,273.738939023
1637,328.194594669,4.1,23.0,96754.25,14.6210002899,17.8799991608,0.439999997616,-1.61781489849,2.39792537689,19.3890609741,34.0300345,108.7565016,34.0301818848,108.75617218,20.0,0.210365162602,-0.109982538364,-0.942477458276,-0.235343703106,-6.11055850983,2.87932443619,0.110220052302,-1.20884716511,0.533616304398,7.23517179489,261.423472913
1638,328.396583605,4.1,23.0,96759.75,14.6330003738,17.2199993134,0.449999988079,-3.05374670029,2.99067783356,19.4260921478,34.0300389,108.7564882,34.0301818848,108.75617218,20.0,0.183999540337,-0.0974635203393,-0.949698267097,-0.233919350361,-6.37096118927,3.26754808426,0.0429586395621,-0.839748680592,-0.884841322899,6.6730761528,251.98025639
1639,328.59857111,3.2,30.0,96755.7421875,14.6470003128,16.3999996185,0.449999988079,-4.35754489899,3.57895565033,19.4622535706,34.0300439,108.7564742,34.0301818848,108.75617218,20.0,0.149774502837,-0.0797664432396,-0.956922742694,-0.235592243072,-6.48749017715,3.48359155655,0.00578927248716,-3.1535153389,-3.37242937088,10.7481851578,240.210799543
1640,328.795558739,3.2,30.0,96754.0,14.6510000229,15.4499998093,0.439999997616,-5.65735721588,4.19994020462,19.4954223633,34.0300496,108.7564597,34.0301818848,108.75617218,20.0,0.113079810162,-0.0556227922917,-0.96342077521,-0.236515343348,-6.52804899216,3.64409303665,0.0222336668521,-1.0622304678,-0.57175219059,9.04605579376,226.357947559
1641,328.997546721,3.2,30.0,96754.2578125,14.6520004272,14.8900003433,0.439999997616,-6.97547054291,4.85469532013,19.5341758728,34.0300557,108.7564451,34.0301818848,108.75617218,20.0,0.0973493497951,-0.04056072299,-0.965148458824,-0.239512658627,-6.50042295456,3.68783640862,0.0295584723353,-6.03254795074,-2.66536521912,16.4819488525,218.168291392
1642,329.194533157,3.2,30.0,96753.75,14.6529998779,14.2700004578,0.439999997616,-8.12720394135,5.44698429108,19.5690193176,34.0300619,108.7564304,34.0301818848,108.75617218,20.0,0.103113516116,-0.0438034435625,-0.963982845582,-0.241218004411,-6.4810295105,3.72876667976,-0.023003667593,-1.31320416927,-2.87453436852,11.7899589539,209.098314966
1643,329.392525244,3.2,30.0,96754.25,14.6529998779,13.7299995422,0.430000007153,-9.6939458847,6.27302694321,19.6017589569,34.0300683,108.756416,34.0301818848,108.75617218,20.0,0.111263101867,-0.0378647339705,-0.963163890168,-0.241872081353,-6.45476198196,3.75320792198,-0.118111118674,0.326374769211,2.51032519341,0.859631299973,201.185681616
1644,329.594519424,5.1,4.0,96749.75,14.6619997025,13.6899995804,0.430000007153,-11.0197677612,6.98514509201,19.6139144897,34.0300748,108.7564016,34.0301818848,108.75617218,20.0,0.113929493262,-0.0385611553244,-0.962264813596,-0.244089258466,-6.44261360168,3.75814652443,-0.208616837859,-1.95412564278,0.895858407021,14.2594118118,200.722769774
1645,329.796506453,5.1,4.0,96756.9921875,14.6599998474,13.6599998474,0.430000007153,-12.1684818268,7.61547470093,19.6115512848,34.0300813,108.7563873,34.0301818848,108.75617218,20.0,0.120912604395,-0.0384392034183,-0.96107222637,-0.245444448233,-6.44095134735,3.76393342018,-0.205813154578,-2.77355694771,-0.0893200188875,17.1147098541,200.255595679
1646,329.993495274,5.1,4.0,96756.25,14.6579999924,13.5900001526,0.430000007153,-13.7185840607,8.47141742706,19.5978527069,34.0300878,108.7563731,34.0301818848,108.75617218,20.0,0.0959465709677,-0.0274010913072,-0.963669104441,-0.247760712587,-6.41187286377,3.75171613693,-0.223819479346,-3.360683918,-0.160313263535,16.2066993713,199.202222133
1647,330.195486116,5.1,4.0,96753.75,14.6630001068,13.5699996948,0.430000007153,-15.0113391876,9.1903295517,19.5832462311,34.0300943,108.7563589,34.0301818848,108.75617218,20.0,0.0468743406533,-0.0220687787179,-0.966799814496,-0.250228115539,-6.2853140831,3.70584917068,-0.203892812133,-1.92056667805,0.607981204987,13.0603733063,198.976906975
1648,330.397475052,5.1,4.0,96756.7421875,14.6599998474,13.4499998093,0.430000007153,-16.1004524231,9.80774402618,19.5769557953,34.0301008,108.7563449,34.0301818848,108.75617218,20.0,0.0167936603897,-0.0128249715469,-0.96767318149,-0.251320899027,-6.06758785248,3.58210158348,-0.17575070262,-2.5266931057,-1.82065880299,6.35343885422,197.176995152
1649,330.595471191,9.3,358.0,96757.4921875,14.654999733,13.3599996567,0.430000007153,-17.3390693665,10.5165042877,19.5709228516,34.0301071,108.7563315,34.0301818848,108.75617218,20.0,0.00713610880215,-0.00357865532129,-0.968289958472,-0.249701869988,-5.72035264969,3.44064760208,-0.168593481183,-2.90333509445,-0.00885599851608,6.83145952225,195.790791401
1650,330.79745798100004,9.3,358.0,96755.5078125,14.6599998474,13.6099996567,0.430000007153,-18.6655464172,11.2848968506,19.551158905,34.0301132,108.7563185,34.0301818848,108.75617218,20.0,0.00693817864046,-0.00310466264331,-0.969230802571,-0.246036737895,-5.48673343658,3.30045580864,-0.164264038205,-0.39321154356,-2.10652041435,1.36027622223,199.52259289
1651,330.99445014,9.3,358.0,96756.4921875,14.6680002213,13.7700004578,0.430000007153,-19.5902500153,11.8209352493,19.5354061127,34.030119,108.7563063,34.0301818848,108.75617218,20.0,0.00477715989843,0.0116709993957,-0.969590441629,-0.244408141522,-5.21967172623,3.14669275284,-0.239889442921,-1.98570239544,2.60959076881,11.8677501678,201.978369761
1652,331.19644002900003,9.3,358.0,96762.7421875,14.6660003662,13.7600002289,0.430000007153,-20.6596279144,12.4380550385,19.5044136047,34.0301245,108.7562947,34.0301818848,108.75617218,20.0,0.00156342582098,0.0104594737473,-0.970374204424,-0.241375170009,-4.92292833328,2.9444963932,-0.181600645185,-0.743582606316,0.266660004854,5.23561573029,201.804168396
1653,331.393427658,9.3,358.0,96762.25,14.6529998779,14.0,0.419999986887,-21.817533493,13.0952596664,19.4660606384,34.0301296,108.7562837,34.0301818848,108.75617218,20.0,0.00118332216278,0.0143922524874,-0.970455589989,-0.240847449319,-4.60832452774,2.71344590187,-0.165612787008,-5.61684370041,-2.04171442986,11.5262327194,205.141998291
1654,331.595421362,10.3,4.0,96753.5,14.6590003967,14.1300001144,0.419999986887,-22.5983200073,13.5315084457,19.4365768433,34.0301344,108.7562735,34.0301818848,108.75617218,20.0,-0.0054986135169,0.0132147781998,-0.970806378209,-0.239437089327,-4.35264253616,2.53374481201,-0.144804567099,-0.133301287889,0.829457581043,-1.5834300518,207.131677283
1655,331.792413521,10.3,4.0,96758.75,14.6610002518,14.3000001907,0.430000007153,-23.4777297974,14.0221939087,19.4081268311,34.0301388,108.7562639,34.0301818848,108.75617218,20.0,-0.00705166363989,0.0156364221871,-0.970709187576,-0.239644704703,-4.06004810333,2.30642724037,-0.144350573421,-3.57883000374,1.52370870113,5.39276075363,209.652306397
1656,331.99440722500003,10.3,4.0,96761.7421875,14.6660003662,14.4899997711,0.430000007153,-24.2726097107,14.4606285095,19.3792495728,34.0301429,108.756255,34.0301818848,108.75617218,20.0,-0.00278587441789,0.0175970580184,-0.97128647296,-0.237245073883,-3.75799179077,2.12628483772,-0.145956575871,-1.88673496246,-3.76921486855,10.2288761139,212.51034195
1657,332.196400213,10.3,4.0,96761.2421875,14.6639995575,14.7399997711,0.430000007153,-25.0221862793,14.8679056168,19.3461151123,34.0301465,108.7562467,34.0301818848,108.75617218,20.0,0.0014180965726,0.0166812471715,-0.971659683304,-0.235790881169,-3.48522686958,1.91783976555,-0.179660215974,0.415013760328,-1.32933950424,9.0746049881,216.147350121
1658,332.39438991500003,10.3,4.0,96763.9921875,14.6599998474,15.1700000763,0.430000007153,-25.6976966858,15.2198152542,19.3136177063,34.0301497,108.756239,34.0301818848,108.75617218,20.0,0.00317261324128,0.0171612879222,-0.971808883147,-0.235123359382,-3.20638203621,1.72520577908,-0.136436194181,-0.183507978916,2.71266341209,1.47322976589,222.392198804
1659,332.59637908900004,10.5,8.0,96763.2421875,14.6630001068,15.4899997711,0.430000007153,-26.4264907837,15.5768089294,19.269569397,34.0301526,108.756232,34.0301818848,108.75617218,20.0,0.00434614482286,0.0129216929666,-0.971613869679,-0.236179264378,-2.95665478706,1.5221118927,-0.12599503994,-0.00382224842906,-2.04741001129,6.74894666672,227.129868298
1660,332.793365526,10.5,8.0,96768.9921875,14.6420001984,15.7399997711,0.430000007153,-26.9976348877,15.8479156494,19.2438545227,34.0301551,108.7562256,34.0301818848,108.75617218,20.0,0.00584215599821,0.00530594094819,-0.97070619515,-0.240140140907,-2.70691633224,1.35636770725,-0.0675118938088,-3.01004242897,0.552104413509,14.2504606247,230.465079771
1661,332.995356607,10.5,8.0,96773.0,14.6420001984,16.0200004578,0.430000007153,-27.5062541962,16.0774021149,19.2211723328,34.0301572,108.7562197,34.0301818848,108.75617218,20.0,0.00714000524536,-0.0017315797281,-0.969043291242,-0.246781599149,-2.45669722557,1.19016861916,-0.000109032931505,0.533769667149,-1.20041513443,4.53740692139,234.56484988
1662,333.197345781,10.5,8.0,96774.75,14.638999939,16.0799999237,0.430000007153,-27.8993206024,16.2499885559,19.1996574402,34.0301591,108.7562142,34.0301818848,108.75617218,20.0,0.00861933509731,-0.00576492595248,-0.967687890741,-0.251937886743,-2.2725944519,1.0917725563,-0.0168567113578,-0.0923372507095,-0.325111955404,4.45621347427,235.395117902
1663,333.394331264,10.5,8.0,96772.75,14.6450004578,16.3400001526,0.439999997616,-28.3994197845,16.4566135406,19.1490192413,34.0301606,108.7562092,34.0301818848,108.75617218,20.0,0.0131446124228,-0.0117557035306,-0.965932895969,-0.258191636125,-2.0290389061,0.983612239361,-0.00323650776409,-0.715718269348,-1.48452150822,10.9538011551,239.299309715
1664,333.59632926,9.0,6.0,96774.0,14.6520004272,16.8199996948,0.439999997616,-28.7330036163,16.5875682831,19.1110992432,34.0301621,108.7562047,34.0301818848,108.75617218,20.0,0.0140332983153,-0.0145659488697,-0.963500095579,-0.266942923456,-1.85773956776,0.906139433384,0.0479763746262,-0.939939260483,-0.395950883627,8.77039146423,246.446642715
1665,333.794319439,9.0,6.0,96773.0,14.6479997635,16.9799995422,0.439999997616,-29.1287479401,16.740480423,19.0684757233,34.0301633,108.7562005,34.0301818848,108.75617218,20.0,0.0204984724239,-0.0163450618465,-0.96072685402,-0.276254742799,-1.65063261986,0.824349880219,0.0938907042146,-2.68026518822,1.53420305252,10.6116867065,248.723029279
1666,333.996307182,9.0,6.0,96775.5,14.640999794,17.1299991608,0.439999997616,-29.4481124878,16.8549041748,19.0358581543,34.0301644,108.7561967,34.0301818848,108.75617218,20.0,0.0208808198255,-0.0196626967136,-0.957185528294,-0.288051118861,-1.48615860939,0.759817063808,0.160236805677,-0.343531608582,-0.540223836899,1.56517720222,250.800314184
1667,334.19329505,9.0,6.0,96769.7421875,14.6400003433,17.4099998474,0.439999997616,-29.7354259491,16.9540901184,19.0120201111,34.0301653,108.7561933,34.0301818848,108.75617218,20.0,0.0254168012157,-0.0204369205736,-0.952138211378,-0.303922926587,-1.35609149933,0.723257184029,0.14313903451,-2.47276902199,-0.73132121563,13.2161102295,254.882403743
1668,334.395288038,9.0,6.0,96770.75,14.6359996796,17.6000003815,0.439999997616,-29.9490089417,17.0310955048,18.9990959167,34.0301662,108.7561901,34.030166626,108.756973267,20.0,0.0248492247945,-0.0261380094852,-0.945709679015,-0.32300546016,-1.20012831688,0.682618021965,0.158631771803,-3.8953025341,-0.512218117714,22.0379810333,257.593599944
1669,334.597283649,7.3,4.0,96768.7421875,14.6239995956,18.2999992371,0.430000007153,-30.1786708832,17.1118335724,18.9946651459,34.0301669,108.7561872,34.030166626,108.756973267,20.0,0.0146211605827,-0.0346982333394,-0.930437241621,-0.364511697647,-1.02003931999,0.677225828171,0.22573184967,-0.563682615757,-1.64772689342,5.79220199585,267.619181443
1670,334.794274855,7.3,4.0,96763.5,14.609000206,18.1399993896,0.430000007153,-30.4057006836,17.197429657,19.0063877106,34.0301677,108.7561846,34.030166626,108.756973267,20.0,-0.0222122531756,-0.0491453116327,-0.898455138227,-0.435740440613,-0.762229502201,0.644470334053,0.239641919732,1.81414747238,-0.523430168629,1.72857522964,265.00725482
1671,334.99626689,7.3,4.0,96766.25,14.6020002365,18.4099998474,0.430000007153,-30.5372543335,17.2726554871,19.0238952637,34.0301685,108.7561826,34.030166626,108.756973267,20.0,-0.0606977588583,-0.0674429589332,-0.855992167278,-0.508964457534,-0.357583940029,0.600870013237,0.197510689497,-0.0210166219622,0.512878775597,8.39481639862,268.822822126
1672,335.193255949,7.3,4.0,96766.25,14.6049995422,18.7000007629,0.430000007153,-30.5794010162,17.3270931244,19.0437431335,34.0301694,108.7561812,34.030166626,108.756973267,20.0,-0.0767007005767,-0.0900543065443,-0.807390191743,-0.578038421796,0.122378975153,0.547602593899,0.168135732412,-3.25307416916,0.762567698956,18.7039699554,273.113502583
1673,335.39624505,7.3,4.0,96769.7421875,14.6020002365,18.9599990845,0.430000007153,-30.5480709076,17.3929214478,19.076166153,34.03017,108.7561811,34.030166626,108.756973267,20.0,-0.0702079502462,-0.0953554284901,-0.75439960185,-0.645646550277,0.563215613365,0.49468177557,0.178477212787,0.554696440697,0.318161040545,2.36271429062,276.853911116
1674,335.593236256,5.8,8.0,96772.0,14.5830001831,19.1399993896,0.430000007153,-30.4183654785,17.4452171326,19.0965423584,34.0301706,108.7561821,34.030166626,108.756973267,20.0,-0.0643041540499,-0.102430222189,-0.698969458522,-0.704850943889,1.0295740366,0.426240563393,0.16290704906,-2.97076582909,0.933323502541,12.1809425354,279.118614604
1675,335.795226145,5.8,8.0,96769.7421875,14.5769996643,19.2099990845,0.430000007153,-30.198217392,17.4853057861,19.104057312,34.0301711,108.756184,34.030166626,108.756973267,20.0,-0.0573751002021,-0.109920324347,-0.639928592707,-0.758364756284,1.4670766592,0.381714105606,0.140603885055,-0.658791124821,0.42503207922,11.0933589935,280.024150206
1676,335.99721651100003,5.8,8.0,96768.0,14.5670003891,19.1599998474,0.430000007153,-29.8945617676,17.5147895813,19.1078529358,34.0301715,108.7561869,34.030166626,108.756973267,20.0,-0.0498505337754,-0.115902063237,-0.577080297489,-0.806882954421,1.88816154003,0.33097833395,0.125283807516,1.27290141582,1.07171654701,6.71859264374,279.103725232
1677,336.194206285,5.8,8.0,96768.75,14.5620002747,19.4300003052,0.430000007153,-29.4284496307,17.5313625336,19.1146755219,34.0301717,108.7561908,34.030166626,108.756973267,20.0,-0.0424956452925,-0.118507223164,-0.512849480272,-0.849196988944,2.35936403275,0.26778241992,0.142897590995,-3.80620718002,0.938962101936,18.4490642548,282.939669781
1678,336.396194983,5.8,8.0,96768.7421875,14.5679998398,19.3299999237,0.430000007153,-29.0104579926,17.5295944214,19.1215991974,34.0301718,108.7561957,34.030166626,108.756973267,20.0,-0.033028398909,-0.130107616381,-0.445057739046,-0.885383988584,2.69724774361,0.229660436511,0.142670080066,-2.19691896439,0.173049300909,11.054441452,281.599435792
1679,336.593186903,4.4,1.0,96765.75,14.5710000992,19.4699993134,0.430000007153,-28.3550376892,17.510635376,19.134349823,34.0301717,108.7562015,34.030166626,108.756973267,20.0,-0.023329113051,-0.137628184126,-0.376369102346,-0.915893396798,3.14962506294,0.181729853153,0.180960386992,0.71241158247,-0.24103936553,7.38356781006,283.697361926
1680,336.796177435,4.4,1.0,96771.5,14.5690002441,19.2800006866,0.430000007153,-27.7858848572,17.4882335663,19.1478481293,34.0301716,108.7562082,34.030166626,108.756973267,20.0,-0.0166304878779,-0.140836797361,-0.303837874247,-0.942109790243,3.48634839058,0.166037425399,0.17651745677,-3.73362421989,-0.344335198402,20.6901092529,280.890334711
1681,336.993169355,4.4,1.0,96766.1953125,14.5600004196,19.3700008392,0.430000007153,-26.943151474,17.4467945099,19.1693687439,34.0301712,108.7562159,34.030166626,108.756973267,20.0,-0.00683257312607,-0.147259149942,-0.232701812201,-0.961310651092,3.90911865234,0.150822579861,0.180143907666,-1.22854316235,-1.1696549654,13.5317058563,282.027220347
1682,337.195158768,4.4,1.0,96763.75,14.5600004196,19.5300006866,0.419999986887,-26.2353916168,17.4078598022,19.1868305206,34.0301709,108.7562241,34.030166626,108.756973267,20.0,0.00353433461736,-0.157207370892,-0.15762053118,-0.974899680136,4.24726867676,0.148803427815,0.194856077433,0.00710708647966,-0.287290036678,6.37070178986,284.356818193
1683,337.397151279,4.4,1.0,96763.4921875,14.5609998703,19.3600006104,0.430000007153,-25.2077274323,17.3517036438,19.2140159607,34.0301704,108.7562334,34.030166626,108.756973267,20.0,0.0062206957161,-0.176728595206,-0.080139029283,-0.980972029482,4.6532330513,0.154500693083,0.209325611591,1.43244719505,1.32668304443,-1.83879876137,281.900966376
1684,337.59414176900003,3.1,331.0,96768.75,14.5419998169,19.2199993134,0.419999986887,-24.3553447723,17.3130550385,19.2359485626,34.0301701,108.7562434,34.030166626,108.756973267,20.0,0.0284885985368,-0.184920535905,-0.00677641245043,-0.982317146152,5.10379600525,0.180379271507,0.153134688735,-2.61249017715,2.42868232727,12.1041946411,279.497226496
1685,337.816128063,3.1,331.0,96764.5,14.531999588,19.5200004578,0.409999996424,-23.1233291626,17.2766475677,19.263168335,34.0301698,108.7562544,34.030166626,108.756973267,20.0,0.0438036674676,-0.191434373489,0.0222611224465,-0.98027475202,5.64325428009,0.270433098078,0.169082269073,-2.3346657753,-1.35909354687,7.10221767426,283.66463861
1686,337.99312501,3.1,331.0,96765.25,14.5419998169,19.2000007629,0.419999986887,-22.1196346283,17.2620220184,19.2855739594,34.0301697,108.7562664,34.030166626,108.756973267,20.0,0.0412514808611,-0.19730176798,0.0232795167471,-0.979197857894,6.04744434357,0.349122405052,0.17845197022,-0.653944134712,-2.48650288582,5.45208120346,279.206407579
1687,338.195117044,3.1,331.0,96767.25,14.5439996719,18.7800006866,0.419999986887,-20.854598999,17.2622718811,19.3098907471,34.0301697,108.7562793,34.030166626,108.756973267,20.0,0.0358487711809,-0.185264153893,0.0187219672833,-0.98185618607,6.48147010803,0.423242300749,0.123860895634,-2.82649898529,1.61123776436,13.5366411209,273.136323826
1688,338.398109245,3.1,331.0,96759.25,14.5500001907,18.4699993134,0.419999986887,-19.5153179169,17.275686264,19.3274421692,34.03017,108.7562932,34.030166626,108.756973267,20.0,0.0279379236193,-0.164830023572,0.0133927511702,-0.985835270038,6.83717393875,0.474887132645,0.104065902531,-0.157007426023,1.42239320278,6.11068964005,268.738493532
1689,338.595099735,2.0,25.0,96760.5,14.5640001297,17.6700000763,0.419999986887,-17.936542511,17.3100738525,19.3636379242,34.0301704,108.7563079,34.030166626,108.756973267,20.0,0.0216910020267,-0.13727238043,0.00765184464085,-0.990266252516,7.09049272537,0.506618142128,0.104048997164,-1.00002563,-2.01306414604,9.60266304016,257.345883403
1690,338.797093678,2.0,25.0,96756.75,14.5729999542,16.8700008392,0.430000007153,-16.7468986511,17.3416500092,19.3948020935,34.0301708,108.7563231,34.030166626,108.756973267,20.0,0.0144170196878,-0.109120303405,0.00552654765784,-0.993908667458,7.17675638199,0.518257677555,0.114315204322,-1.51448392868,-1.26132392883,4.7330789566,245.846521458
1691,338.994084883,2.0,25.0,96748.25,14.5880002975,15.8800001144,0.430000007153,-15.06483078,17.3946743011,19.4434108734,34.0301714,108.7563387,34.030166626,108.756973267,20.0,0.0083155732112,-0.0843447579288,0.00672533047003,-0.996379273571,7.18587112427,0.511505663395,0.0547434352338,-4.30752563477,-0.124218374491,17.3192386627,231.657446395
1692,339.19607954,2.0,25.0,96749.5,14.5979995728,15.3100004196,0.430000007153,-13.5892219543,17.4446277618,19.4920845032,34.0301719,108.7563544,34.030166626,108.756973267,20.0,-0.000755556016543,-0.091374683673,0.0085647453796,-0.99577948177,7.18752574921,0.483685284853,0.0988222956657,-0.0581415146589,-0.281977117062,1.08437812328,223.495379584
1693,339.398069191,2.0,25.0,96760.9921875,14.609000206,14.6300001144,0.430000007153,-12.136797905,17.4840564728,19.5346088409,34.0301724,108.7563701,34.030166626,108.756973267,20.0,-0.00109707719838,-0.100665930085,0.0114979553017,-0.994853304774,7.21016120911,0.435369819403,0.00568217039108,-0.500808298588,0.338691532612,3.82552313805,213.729674686
1694,339.595057058,6.3,3.0,96753.75,14.6160001755,14.470000267,0.430000007153,-10.8632459641,17.5191688538,19.5483474731,34.0301728,108.7563859,34.030166626,108.756973267,20.0,-0.00605383107449,-0.109301924712,0.0134891410128,-0.993898678655,7.23953342438,0.402172535658,-0.105471268296,-2.46865797043,-0.394260883331,7.71899080276,211.493526442
1695,339.813045311,6.3,3.0,96754.75,14.6199998856,14.4399995804,0.430000007153,-9.35293388367,17.5494728088,19.5524730682,34.0301732,108.7564016,34.030166626,108.756973267,20.0,-0.00699179865139,-0.110362276201,0.014872358434,-0.993755590104,7.31110620499,0.326306700706,-0.127539262176,-0.240770116448,-0.764872610569,4.00803518295,211.112792213
1696,339.995041656,6.3,3.0,96755.25,14.6300001144,14.5600004196,0.430000007153,-7.65136384964,17.5717353821,19.5513286591,34.0301735,108.7564174,34.030166626,108.756973267,20.0,-0.00908896261302,-0.111869120865,0.0160218715803,-0.993552273707,7.36369895935,0.275882184505,-0.137412294745,-2.28745627403,-0.533052265644,7.87635803223,213.012807805
1697,340.19702796900003,6.3,3.0,96757.0,14.6300001144,14.6899995804,0.419999986887,-6.39627122879,17.5820064545,19.5475139618,34.0301737,108.7564333,34.030166626,108.756973267,20.0,-0.00491002882618,-0.106845111156,0.0166539057206,-0.994124122147,7.41234588623,0.201296448708,-0.109687522054,-1.91149234772,-0.449254393578,11.2134933472,214.914695542
1698,340.394017506,6.3,3.0,96751.2421875,14.625,14.720000267,0.430000007153,-4.64280891418,17.5859851837,19.5426845551,34.0301739,108.7564493,34.030166626,108.756973267,20.0,-0.00840230088872,-0.105839787647,0.0161922712889,-0.994215875837,7.43741750717,0.154289782047,-0.100960113108,-1.90845692158,-2.65052604675,7.56700086594,215.280003905
1699,340.616003084,8.2,7.0,96755.75,14.6400003433,14.4799995422,0.430000007153,-3.11377096176,17.5830974579,19.5420913696,34.030174,108.7564654,34.030166626,108.756973267,20.0,-0.0058144791218,-0.102019318075,0.0178180859702,-0.994605860626,7.47706604004,0.111307963729,-0.0636659711599,-3.25038576126,-0.894953012466,9.41821670532,211.98719827
1700,340.79299788500003,8.2,7.0,96747.75,14.6350002289,14.279999733,0.430000007153,-1.61742806435,17.5747375488,19.5471439362,34.0301739,108.7564815,34.030166626,108.756973267,20.0,-0.00558057991763,-0.0970875625481,0.0196418643989,-0.995066357093,7.49219226837,0.0814506933093,-0.00898201204836,-4.65822505951,-3.20066666603,9.26580047607,208.98779936
1701,340.994988966,8.2,7.0,96757.25,14.6499996185,13.8299999237,0.430000007153,-0.0815777778625,17.5649166107,19.5610694885,34.0301739,108.7564978,34.030166626,108.756973267,20.0,-0.00869356722207,-0.0950478974245,0.0247283146646,-0.995127554317,7.49462175369,0.0806646496057,-0.0272081214935,-4.004986763,-2.85766100883,20.1429653168,202.609493607
1702,341.197978783,8.2,7.0,96753.1953125,14.6420001984,13.529999733,0.419999986887,1.45508110523,17.5459079742,19.5678749084,34.0301739,108.756514,34.030166626,108.756973267,20.0,-0.0119326420922,-0.0971068499996,0.0251637759034,-0.994884282707,7.49997758865,-0.0124463811517,-0.0140746133402,-3.34995508194,-1.34354066849,11.9970626831,198.106258774
1703,341.394969034,8.2,7.0,96757.75,14.6420001984,13.4200000763,0.419999986887,2.72125220299,17.5214271545,19.5697059631,34.0301737,108.7565303,34.030166626,108.756973267,20.0,-0.00879375554934,-0.105535650719,0.019606503193,-0.99418333847,7.5148062706,-0.0689019486308,-0.0856605991721,-4.89670133591,-1.37748515606,15.0120477676,196.495643779
1704,341.5969594,8.3,11.0,96757.0,14.640999794,13.3800001144,0.419999986887,4.49541807175,17.4754867554,19.553319931,34.0301735,108.7565466,34.030166626,108.756973267,20.0,0.000147013475962,-0.105045145696,0.0126800479619,-0.99438661272,7.54907417297,-0.107528865337,-0.118673853576,0.383257836103,2.87352776527,7.63526201248,195.896578919
1705,341.798951674,8.3,11.0,96760.0,14.6459999084,13.4099998474,0.419999986887,5.73310422897,17.4420928955,19.5380477905,34.0301732,108.7565629,34.030166626,108.756973267,20.0,-0.000888060439905,-0.103063790738,0.00869556919737,-0.994636374944,7.57892751694,-0.14266563952,-0.129909738898,-2.0543627739,1.58404064178,11.104757309,196.402856537
1706,341.99594264,8.3,11.0,96758.75,14.6479997635,13.5200004578,0.419999986887,7.31827497482,17.3944091797,19.5270900726,34.0301728,108.7565794,34.030166626,108.756973267,20.0,0.000833295878621,-0.10778279951,0.00783948241042,-0.994143256817,7.60609197617,-0.169694170356,-0.131248295307,-3.27266073227,-0.657732725143,13.503408432,198.040963508
1707,342.192931461,8.3,11.0,96761.2421875,14.6440000534,13.720000267,0.419999986887,9.0630865097,17.3379878998,19.5088787079,34.0301725,108.756596,34.030166626,108.756973267,20.0,0.00534541630801,-0.108279990077,0.00655703810393,-0.99408450411,7.61748313904,-0.167868927121,-0.161279767752,0.886019825935,-0.393185675144,1.85052525997,200.915684643
1708,342.394924688,8.3,11.0,96761.0,14.6440000534,13.9200000763,0.430000007153,10.6234350204,17.291305542,19.4838104248,34.030172,108.7566124,34.030166626,108.756973267,20.0,0.00618848498713,-0.102453183002,0.00686993630728,-0.99469487477,7.63923931122,-0.180282607675,-0.103058204055,0.278814375401,-0.796799659729,2.2256333828,203.844481861
1709,342.596913385,9.1,8.0,96757.7421875,14.6529998779,13.7299995422,0.419999986887,12.1849012375,17.2433605194,19.4750595093,34.0301715,108.7566291,34.030166626,108.756973267,20.0,0.00978320023333,-0.102124932809,0.00572362632148,-0.994707097356,7.65468645096,-0.182998776436,-0.0587256997824,-1.53562521935,2.49422287941,7.99442243576,201.185681616
1710,342.794904518,9.1,8.0,96761.0,14.6459999084,13.7100000381,0.419999986887,13.7178936005,17.1967258453,19.4710235596,34.0301712,108.7566459,34.030166626,108.756973267,20.0,0.0120894599788,-0.101517328035,0.00466434957785,-0.994749370645,7.68760347366,-0.166216239333,-0.0576154738665,-1.06719350815,-2.66513681412,9.77671527863,200.796659304
1711,342.99689393,9.1,8.0,96762.0,14.6529998779,13.4399995804,0.430000007153,15.0187349319,17.16314888,19.4702167511,34.0301708,108.7566627,34.030166626,108.756973267,20.0,0.00895411377121,-0.0992984334386,0.00459990704648,-0.995006845743,7.70205450058,-0.177260637283,-0.0276682078838,-0.889989078045,-1.03996968269,1.61627030373,196.936312211
1712,343.193882513,9.1,8.0,96754.25,14.6770000458,13.4300003052,0.430000007153,16.8405895233,17.1228084564,19.4567241669,34.0301706,108.7566796,34.030166626,108.756973267,20.0,0.00640052578199,-0.103960680942,0.00410927558296,-0.994552376275,7.7345662117,-0.183374717832,-0.0771927461028,0.0538862124085,1.39071083069,-0.107060626149,197.112115094
1713,343.395871449,9.1,8.0,96758.0,14.670999527,13.5399999619,0.430000007153,18.4741802216,17.0865497589,19.4443912506,34.0301704,108.7566967,34.030166626,108.756973267,20.0,0.00922817892201,-0.103295045227,-0.000586937012363,-0.994607799381,7.73550796509,-0.205835714936,-0.0691185593605,-0.87345212698,-4.95641374588,12.0394964218,198.645333036
1714,343.592862892,9.5,6.0,96755.0,14.6680002213,13.7100000381,0.430000007153,19.7468166351,17.0607433319,19.4358158112,34.0301701,108.7567137,34.030166626,108.756973267,20.0,0.0127545372483,-0.101243710695,-0.00264677993964,-0.994776428922,7.72820091248,-0.180914506316,-0.0551339313388,-1.32531678677,0.467069238424,5.26687908173,201.098283593
1715,343.79485540400003,9.5,6.0,96756.9921875,14.6700000763,13.5799999237,0.430000007153,21.5808753967,17.0352344513,19.4313869476,34.0301699,108.7567306,34.030166626,108.756973267,20.0,0.00990113765218,-0.0978063243659,0.000223841912441,-0.995156256321,7.72755432129,-0.135739728808,-0.0464250892401,-1.47349977493,0.564432263374,8.37207126617,199.218599917
1716,343.997841167,9.5,6.0,96760.5,14.6739997864,13.3599996567,0.430000007153,23.1244659424,17.0207767487,19.4353256226,34.0301697,108.7567478,34.030166626,108.756973267,20.0,0.00673969727702,-0.0557273744279,0.00522435475402,-0.998409613704,7.63293504715,-0.123333282769,-0.00463147554547,-3.67533397675,-3.01390051842,5.84220314026,196.044632108
1717,344.19483261100004,9.5,6.0,96757.75,14.6829996109,13.2700004578,0.430000007153,24.7254428864,17.0085926056,19.4387168884,34.0301696,108.7567649,34.030166626,108.756973267,20.0,0.00399534985262,0.00106420710172,0.00885311411711,-0.999952272653,7.41348838806,-0.110318221152,-0.0591174885631,0.238868668675,4.34371376038,3.23877882957,194.843411558
1718,344.396822262,9.5,6.0,96763.5,14.6759996414,13.6599998474,0.430000007153,26.2357406616,17.0005207062,19.4307231903,34.0301694,108.7567814,34.030166626,108.756973267,20.0,0.000625550111044,0.0316015766217,0.0127601269741,-0.999418946432,7.11993074417,-0.111873440444,-0.0903904736042,0.171063631773,4.74897193909,1.46771776676,200.474152862
1719,344.593813467,9.9,2.0,96765.25,14.6739997864,13.8699998856,0.430000007153,27.6001319885,16.98072052,19.4179859161,34.0301694,108.7567975,34.030166626,108.756973267,20.0,-0.000190796149031,0.0287766933198,0.0140977415053,-0.99948650783,6.67329216003,-0.117978520691,-0.109229691327,-1.77141165733,-5.93724632263,9.37415599823,203.528375358
1720,344.795806932,9.9,2.0,96761.7578125,14.6770000458,14.6400003433,0.419999986887,29.0129241943,16.9640712738,19.3929138184,34.0301693,108.7568127,34.030166626,108.756973267,20.0,-0.00530585358815,0.032845386756,0.0138811488508,-0.999349994188,6.36881923676,-0.124220825732,-0.138609260321,0.98475253582,6.50289440155,5.85005044937,214.871285709
1721,344.997798014,9.9,2.0,96760.2421875,14.6639995575,14.8100004196,0.430000007153,30.0623683929,16.9515304565,19.3696231842,34.0301693,108.7568271,34.030166626,108.756973267,20.0,6.72624189564e-05,0.033016725549,0.0121440243425,-0.999381014268,5.98563861847,-0.146545663476,-0.103115580976,-1.19338238239,-1.34076762199,11.2342681885,217.1738396
1722,345.194788027,9.9,2.0,96761.2578125,14.6599998474,15.029999733,0.430000007153,31.4943161011,16.9264278412,19.3332901001,34.0301691,108.7568407,34.030166626,108.756973267,20.0,0.00684833670596,0.0166802889892,0.00917646473888,-0.999795317789,5.57246732712,-0.144897654653,-0.12242538482,0.842107772827,2.32599949837,7.8765296936,220.339793792
1723,345.396780539,9.9,2.0,96763.2578125,14.6510000229,15.1000003815,0.419999986887,32.4935836792,16.9039306641,19.3063373566,34.0301689,108.7568534,34.030166626,108.756973267,20.0,0.00527853288142,0.0162918132547,0.00542354076008,-0.99983864475,5.2822394371,-0.171640589833,-0.097944252193,-2.82512545586,-0.140205174685,24.0988254547,221.230105935
1724,345.59377174400004,8.6,4.0,96757.25,14.6560001373,15.0900001526,0.430000007153,33.761177063,16.8740520477,19.2903327942,34.0301689,108.7568652,34.030166626,108.756973267,20.0,0.0080528995633,0.0272487449379,0.0036455338088,-0.999589641169,4.85697078705,-0.181406632066,-0.0660273954272,-1.66046321392,0.939398348331,19.3211460114,221.159044309
1725,345.796760607,8.6,4.0,96762.7421875,14.6540002823,15.25,0.430000007153,34.5725822449,16.8551712036,19.2826347351,34.0301686,108.7568763,34.030166626,108.756973267,20.0,0.00850406445445,0.0349584506163,0.00544305475094,-0.999337813749,4.56570386887,-0.192255839705,-0.0856720730662,-3.60848259926,0.597153544426,16.8624229431,223.473504305
1726,345.993750381,8.6,4.0,96764.4921875,14.642999649,15.3900003433,0.430000007153,35.511844635,16.8251781464,19.278470993,34.0301685,108.7568865,34.030166626,108.756973267,20.0,0.0151187541788,0.0357388363949,0.00621181326778,-0.999227557593,4.17996168137,-0.205354750156,-0.125831156969,-0.588918447495,-0.223992884159,7.04944038391,225.355769626
1727,346.215739059,8.6,4.0,96764.4921875,14.6440000534,15.8999996185,0.430000007153,36.5127372742,16.7936382294,19.257478714,34.0301685,108.756896,34.030166626,108.756973267,20.0,0.0149150242156,0.0377707227908,0.00426070920966,-0.999166065341,3.73518419266,-0.199610605836,-0.132104709744,-2.32677412033,0.104684457183,13.4082536697,232.839595263
1728,346.397736597,8.6,4.0,96767.4921875,14.640999794,16.4500007629,0.430000007153,37.2600021362,16.7756652832,19.2287807465,34.0301685,108.7569047,34.030166626,108.756973267,20.0,0.0140597678533,0.035581222328,0.0047520571696,-0.999256596772,3.43309521675,-0.184663072228,-0.166892066598,-5.41207122803,-0.382613182068,21.1726531982,240.844457782
1729,346.594729233,6.5,358.0,96761.2578125,14.6359996796,16.9699993134,0.430000007153,37.9482078552,16.7642612457,19.1965923309,34.0301684,108.7569124,34.030166626,108.756973267,20.0,0.0156190003921,0.0342870249777,0.0068522346309,-0.999266543428,3.01840090752,-0.156384542584,-0.12970982492,-2.80324530602,1.30404925346,13.3772211075,248.372904512
1730,346.796720552,6.5,358.0,96766.7421875,14.6260004044,17.3799991608,0.430000007153,38.5577659607,16.7575798035,19.1684379578,34.0301683,108.7569193,34.030166626,108.756973267,20.0,0.0124281573218,0.0303487997453,0.0110069023697,-0.999401497637,2.69806194305,-0.146003454924,-0.119336053729,2.35770487785,-1.14813506603,-1.51527369022,254.199874753
1731,346.998710442,6.5,358.0,96767.25,14.609000206,17.7399997711,0.430000007153,39.0850639343,16.7546710968,19.1513233185,34.0301684,108.7569253,34.030166626,108.756973267,20.0,0.010821984389,0.0280485103643,0.0193795002669,-0.999360151578,2.39412283897,-0.136214062572,-0.0480415076017,-2.72742271423,0.439565598965,15.9859085083,259.163660311
1732,347.190697241,6.5,358.0,96767.0,14.6029996872,18.0,0.430000007153,39.4716796875,16.7554187775,19.1380653381,34.0301686,108.7569308,34.030166626,108.756973267,20.0,0.00997769871959,0.0260749446701,0.0285187071917,-0.999203365302,2.18387794495,-0.122954197228,-0.0392876826227,0.663888573647,1.74574029446,8.35325336456,262.85399437
1733,347.393689203,6.5,358.0,96768.0,14.6129999161,18.3400001526,0.439999997616,39.9628181458,16.7672557831,19.1294784546,34.0301687,108.7569356,34.030166626,108.756973267,20.0,0.00123792999047,0.019183564178,0.0374507623561,-0.999113634662,1.90899288654,-0.122481867671,-0.0156215606257,-2.93506455421,0.0146699249744,19.9532260895,268.002420691
1734,347.5956779,4.6,349.0,96770.4921875,14.6160001755,18.3999996185,0.439999997616,40.3401908875,16.7803382874,19.1229839325,34.0301689,108.7569398,34.030166626,108.756973267,20.0,0.00997804939454,0.0181215469014,0.0472490616979,-0.998668901116,1.67442297935,-0.111392006278,0.0161058269441,-1.94703626633,0.941547095776,8.86319160461,268.934397653
1735,347.79266958200003,4.6,349.0,96769.9921875,14.6129999161,18.4300003052,0.430000007153,40.5981292725,16.7961387634,19.1180877686,34.0301693,108.7569434,34.030166626,108.756973267,20.0,0.00233202529932,0.0125340308638,0.0586382781305,-0.998197910084,1.51677405834,-0.102021865547,0.0148601634428,-1.16008961201,-0.0134441405535,9.39798164368,269.317592913
1736,347.99466209400003,4.6,349.0,96768.7421875,14.593000412,18.5599994659,0.430000007153,40.9185829163,16.8291683197,19.1152496338,34.0301695,108.7569467,34.0300216675,108.75655365,20.0,-0.000379244257618,0.0093063030448,0.0762103529459,-0.997048270497,1.31758737564,-0.0961279273033,0.0543027743697,0.549229800701,0.219631940126,3.22660899162,270.846079853
1737,348.196651745,4.6,349.0,96770.4921875,14.595000267,19.0200004578,0.430000007153,41.1214599609,16.8538608551,19.1155147552,34.0301699,108.7569497,34.0300216675,108.75655365,20.0,-0.0182797061197,0.0173923775697,0.131204825288,-0.991034168096,1.18456888199,-0.116331212223,0.0874124616385,-1.09018135071,0.555162250996,11.1365528107,277.59691176
1738,348.393641758,4.6,349.0,96771.25,14.5889997482,19.0900001526,0.430000007153,41.358921051,16.8796024323,19.1227092743,34.0301703,108.7569522,34.0300216675,108.75655365,20.0,-0.0636671031175,0.05257648657,0.205569525591,-0.975153024843,0.922731935978,-0.228104189038,0.106503471732,1.05497181416,-2.31441020966,8.71339035034,278.50400742
1739,348.595633078,3.0,323.0,96766.7421875,14.5830001831,19.4400005341,0.430000007153,41.4773025513,16.8720226288,19.1348781586,34.0301705,108.7569542,34.0300216675,108.75655365,20.0,-0.0905541362642,0.0906831075243,0.284362152725,-0.950113055307,0.523674249649,-0.397925853729,0.123964682221,1.63021051884,0.650666594505,2.22762775421,283.493531348
1740,348.79362397200003,3.0,323.0,96767.4921875,14.5740003586,19.4599990845,0.430000007153,41.5076751709,16.8332767487,19.1495552063,34.0301705,108.7569557,34.0300216675,108.75655365,20.0,-0.102401647613,0.0957460497627,0.358400362466,-0.922982012029,-0.102652736008,-0.620610833168,0.131414443254,-0.889931917191,1.61322212219,6.69199752808,283.610033635
1741,348.99561386100004,3.0,323.0,96769.25,14.5670003891,19.4400005341,0.430000007153,41.466632843,16.7784481049,19.1669120789,34.0301702,108.7569559,34.0300216675,108.75655365,20.0,-0.11297481446,0.0816388907417,0.432036428051,-0.89101982302,-0.544048070908,-0.766898989677,0.128451064229,1.37712740898,0.152904897928,4.95656013489,283.182495344
1742,349.192606258,3.0,323.0,96770.4921875,14.5699996948,19.5100002289,0.430000007153,41.3015937805,16.6680088043,19.1965866089,34.0301695,108.7569549,34.0300216675,108.75655365,20.0,-0.112115834029,0.0712966929053,0.504020526836,-0.853410862468,-1.07515490055,-0.964798271656,0.113159656525,-0.281249433756,0.656041026115,8.17167377472,284.260697381
1743,349.394602346,3.0,323.0,96765.0,14.5640001297,19.2099990845,0.430000007153,41.0708084106,16.550699234,19.2193698883,34.0301685,108.7569527,34.0300216675,108.75655365,20.0,-0.122628407866,0.0581608359964,0.572129423098,-0.808855732496,-1.49057614803,-1.10875511169,0.114270083606,0.828472673893,0.671074271202,5.09455299377,279.774429158
1744,349.596594858,1.9,286.0,96768.25,14.5640001297,19.0200004578,0.430000007153,40.8044090271,16.4285259247,19.2366447449,34.0301674,108.7569496,34.0300216675,108.75655365,20.0,-0.126787232338,0.0470148753684,0.637613287194,-0.758395702608,-1.82772326469,-1.22969758511,0.0939270108938,-1.15424883366,0.623864233494,11.2115688324,277.007289134
1745,349.793586063,1.9,286.0,96765.5,14.5690002441,18.9300003052,0.430000007153,40.3234863281,16.224615097,19.2574768066,34.0301658,108.7569454,34.0300216675,108.75655365,20.0,-0.129773681632,0.0311779889403,0.696666345632,-0.704870793408,-2.25673341751,-1.40047216415,0.0616622753441,-3.95678329468,-0.214055120945,19.5174808502,275.791179068
1746,349.995577145,1.9,286.0,96757.7421875,14.5769996643,18.8600006104,0.430000007153,39.807636261,16.0189418793,19.2823181152,34.030164,108.7569403,34.0300216675,108.75655365,20.0,-0.136102299622,0.0199834119225,0.751396185815,-0.645353071234,-2.55829143524,-1.50964415073,0.0779901668429,-3.29182124138,-1.19276273251,17.59466362,274.922222566
1747,350.193569469,1.9,286.0,96754.7578125,14.5710000992,18.8799991608,0.430000007153,39.224609375,15.796916008,19.3179798126,34.0301621,108.7569341,34.0300216675,108.75655365,20.0,-0.134081885072,0.00704741668636,0.798429508332,-0.586926528334,-2.93463206291,-1.63987028599,0.0816318541765,-1.83476817608,1.42175745964,9.24337005615,275.100469644
1748,350.395560074,1.9,286.0,96752.25,14.5769996643,18.5799999237,0.430000007153,38.6531295776,15.5853805542,19.364774704,34.03016,108.7569273,34.0300216675,108.75655365,20.0,-0.148016381296,-0.005375777844,0.838329466202,-0.52465788926,-3.20563054085,-1.74820256233,0.0944759994745,-1.72656977177,1.04193937778,12.4800071716,270.840652651
1749,350.592549849,5.7,77.0,96754.0,14.5740003586,18.3899993896,0.430000007153,37.9092712402,15.3140916824,19.4226779938,34.0301576,108.7569197,34.0300216675,108.75655365,20.0,-0.170502241275,-0.0151153455524,0.871333219741,-0.459868499861,-3.53371500969,-1.90320122242,0.061426512897,-3.94860696793,0.0972700119019,21.7008934021,268.015857699
1750,350.794543552,5.7,77.0,96755.25,14.5760002136,18.2299995422,0.430000007153,36.9777412415,14.9781656265,19.486995697,34.030155,108.7569115,34.0300216675,108.75655365,20.0,-0.182665716388,-0.0277562812389,0.901401329378,-0.39158449398,-3.92531037331,-2.08697104454,0.0296042598784,-0.443087875843,-2.03051614761,4.7847533226,265.720477222
1751,351.016527462,5.7,77.0,96755.75,14.5769996643,17.9699993134,0.430000007153,36.0490264893,14.6360397339,19.5251369476,34.0301522,108.7569026,34.0300216675,108.75655365,20.0,-0.197981970699,-0.0404422034178,0.929053118043,-0.309883586785,-4.24370574951,-2.24065971375,-0.0165329407901,0.450555890799,-2.22546672821,1.46280038357,261.948673958
1752,351.19352440800003,5.7,77.0,96757.0,14.5880002975,17.9400005341,0.430000007153,35.114490509,14.2870674133,19.5544319153,34.0301491,108.7568928,34.0300216675,108.75655365,20.0,-0.206208856405,-0.0516862134205,0.946654484918,-0.24218124956,-4.70343112946,-2.44143652916,-0.0255021713674,-4.51708078384,1.74522197247,19.789484024,261.708733129
1753,351.395518827,5.7,77.0,96754.5,14.5729999542,18.1000003815,0.430000007153,34.0464859009,13.8736600876,19.5785274506,34.0301457,108.7568823,34.0300216675,108.75655365,20.0,-0.204015745142,-0.0696545950525,0.959055331082,-0.183681276313,-5.14300203323,-2.69493079185,0.00053564296104,-0.135201603174,2.23958873749,6.59739923477,263.771304731
1754,351.59350996,6.8,30.0,96755.9921875,14.5749998093,17.4400005341,0.419999986887,32.9329948425,13.4297237396,19.5925636292,34.030142,108.7568709,34.0300216675,108.75655365,20.0,-0.194798008102,-0.085879856787,0.960868909973,-0.177226992226,-5.50501012802,-2.96229839325,-0.0232224818319,-3.79970169067,-3.26244616508,15.8888158798,254.188004457
1755,351.795497942,6.8,30.0,96748.25,14.5690002441,16.7000007629,0.419999986887,31.7329978943,12.917842865,19.6046733856,34.0301377,108.7568585,34.0300216675,108.75655365,20.0,-0.173964915713,-0.0841228073561,0.964242765196,-0.181371460428,-5.79402494431,-3.22745680809,-0.0118446815759,0.0381291657686,0.124639242887,2.59770798683,243.302315192
1756,351.99248867,6.8,30.0,96743.7421875,14.5749998093,15.8900003433,0.419999986887,30.4835739136,12.3642416,19.6210594177,34.030133,108.7568458,34.0300216675,108.75655365,20.0,-0.152910691982,-0.0714950820725,0.967431890783,-0.188633320279,-6.00157117844,-3.42967367172,-0.0238011628389,-2.57723808289,-1.13575434685,5.70252943039,231.596751973
1757,352.194476891,6.8,30.0,96752.5,14.5810003281,15.0799999237,0.419999986887,29.2383899689,11.7923879623,19.6434631348,34.0301278,108.7568325,34.0300216675,108.75655365,20.0,-0.126075019086,-0.0404985774619,0.971957914404,-0.194326390135,-6.11756563187,-3.52933168411,-0.0668543279171,1.12143039703,-0.53022134304,-0.444876760244,219.881483835
1758,352.396466303,6.8,30.0,96749.75,14.5979995728,14.4499998093,0.419999986887,27.9057731628,11.181681633,19.6630840302,34.0301224,108.7568187,34.0300216675,108.75655365,20.0,-0.0940182051344,-0.0384121556782,0.974323743451,-0.200943571792,-6.16971445084,-3.51222395897,-0.0575840994716,-2.59805679321,0.660344004631,13.5067577362,210.941091042
1759,352.593459177,8.6,13.0,96750.0,14.611000061,13.9399995804,0.419999986887,26.6553230286,10.5991888046,19.6771850586,34.0301168,108.7568048,34.0300216675,108.75655365,20.0,-0.101757183116,-0.0369017337998,0.972661598187,-0.205458468645,-6.1882648468,-3.5118701458,-0.109204530716,-0.917411625385,0.339057683945,-2.7319715023,203.67733472
1760,352.795446444,8.6,13.0,96750.5,14.6239995956,13.5600004196,0.419999986887,25.3249320984,9.97562503815,19.6855297089,34.0301113,108.7567909,34.0300216675,108.75655365,20.0,-0.108893463798,-0.0381307806834,0.97157454667,-0.206715624843,-6.23311948776,-3.50343108177,-0.199242338538,-2.24951148033,1.57417345047,14.3358726501,198.301440653
1761,352.992442179,8.6,13.0,96748.5,14.623000145,13.6199998856,0.419999986887,24.0141181946,9.36749172211,19.6837463379,34.0301057,108.7567771,34.0300216675,108.75655365,20.0,-0.109493637555,-0.0331328572388,0.972177415191,-0.204412805334,-6.28243017197,-3.48061323166,-0.14886868,-4.76681137085,-1.40571200848,11.9114179611,199.165260301
1762,353.195437002,8.6,13.0,96751.0,14.638999939,13.3299999237,0.419999986887,22.6692008972,8.73458003998,19.6802711487,34.0301001,108.7567632,34.0300216675,108.75655365,20.0,-0.105558518019,-0.0275760428754,0.973352932943,-0.201695555863,-6.30509996414,-3.49977517128,-0.208458974957,1.873919487,-1.76599538326,3.18405437469,195.13786807
1763,353.39242868400004,8.6,13.0,96750.25,14.6400003433,13.2299995422,0.419999986887,21.3279914856,8.10485458374,19.6707420349,34.0300945,108.7567491,34.0300216675,108.75655365,20.0,-0.0604068823833,-0.018307567615,0.977971258162,-0.198967769681,-6.26401996613,-3.4469063282,-0.226226821542,-2.40702700615,-0.256256222725,13.8885669708,193.68719784
1764,353.594418097,8.9,12.0,96755.75,14.6379995346,13.2399997711,0.419999986887,20.2387046814,7.59438657761,19.6690292358,34.0300888,108.7567352,34.0300216675,108.75655365,20.0,-0.0131981469876,-0.00912954377196,0.979924174535,-0.198723739428,-6.10129261017,-3.34235405922,-0.235754013062,-2.88222575188,0.606743574142,21.9181156158,193.807110488
1765,353.816399622,8.9,12.0,96760.25,14.6450004578,13.3599996567,0.419999986887,18.7955589294,6.92212724686,19.6575069427,34.0300834,108.7567215,34.0300216675,108.75655365,20.0,0.00314457443292,-0.00315972284992,0.980334179077,-0.197294371208,-5.84051847458,-3.19802188873,-0.255171269178,-0.223075702786,-4.28507518768,-0.609191000462,195.657201088
1766,353.993395376,8.9,12.0,96761.5,14.6319999695,13.4099998474,0.409999996424,17.573381424,6.35090112686,19.6310768127,34.0300782,108.7567084,34.0300216675,108.75655365,20.0,-0.00147395828961,-0.00121803764521,0.981051391998,-0.193738652333,-5.58264398575,-3.03124022484,-0.278340548277,-5.05388975143,-2.87736463547,20.9837760925,196.215117358
1767,354.195388842,8.9,12.0,96755.75,14.6309995651,13.5699996948,0.419999986887,16.5708637238,5.88508558273,19.5981807709,34.0300732,108.7566959,34.0300216675,108.75655365,20.0,-0.00598651317316,-0.00806605086176,0.981695985899,-0.190189550514,-5.32580566406,-2.88040208817,-0.266244649887,0.953920543194,-0.898544669151,0.973911941051,198.542659634
1768,354.392385769,8.9,12.0,96755.75,14.6300001144,13.8500003815,0.409999996424,15.4664344788,5.37942743301,19.5571804047,34.0300684,108.756684,34.0300216675,108.75655365,20.0,-0.00123927095173,-0.00239642650703,0.982006439585,-0.188828038719,-5.09933376312,-2.73476433754,-0.26439961791,-3.46635293961,-1.16193413734,12.4956912994,202.625507166
1769,354.615377951,7.4,15.0,96752.25,14.6190004349,14.220000267,0.409999996424,14.2382860184,4.81266498566,19.529132843,34.0300639,108.7566726,34.0300216675,108.75655365,20.0,0.0131021167103,0.00354991874387,0.982719564262,-0.184602311394,-4.82487487793,-2.58768773079,-0.23314011097,-2.94901752472,-3.43297624588,9.68791484833,207.882190088
1770,354.792372274,7.4,15.0,96757.4921875,14.6149997711,14.2100000381,0.409999996424,13.2412919998,4.36299800873,19.5147762299,34.0300598,108.7566619,34.0300216675,108.75655365,20.0,0.0170316106304,0.0136068222578,0.982364940679,-0.185698803805,-4.47976303101,-2.34928107262,-0.196861311793,-3.51453733444,-3.4507162571,12.77871418,207.679147305
1771,355.075359154,7.4,15.0,96757.0,14.607000351,14.4399995804,0.409999996424,12.0153245926,3.83657026291,19.489982605,34.0300523,108.7566426,34.0300216675,108.75655365,20.0,0.00177231543921,0.0029657298789,0.981660582546,-0.190606045671,-4.0996632576,-2.08095765114,-0.201391562819,-1.31527471542,-2.79267549515,5.65605926514,210.925078938
1772,355.27735285800003,7.4,15.0,96758.75,14.6099996567,14.6800003052,0.409999996424,11.1832675934,3.48233866692,19.4621582031,34.0300491,108.7566339,34.0300216675,108.75655365,20.0,-0.00404500056885,-0.00587115519083,0.980859413103,-0.194586604778,-3.86581778526,-1.92026805878,-0.219880580902,-1.87308764458,-1.10360121727,14.0706119537,214.474799419
1773,355.474345493,7.4,15.0,96759.2421875,14.6059999466,14.7100000381,0.409999996424,10.3919639587,3.14502477646,19.4333457947,34.030046,108.7566257,34.0300216675,108.75655365,20.0,-0.00417256442668,-0.0062448135093,0.980083489622,-0.198444390116,-3.59987020493,-1.79433691502,-0.195876419544,-1.38300001621,-1.93941497803,7.22328329086,214.854259772
1774,355.67633872,6.5,11.0,96756.9921875,14.607000351,14.8400001526,0.409999996424,9.67818450928,2.84107398987,19.4067745209,34.0300431,108.7566181,34.0300216675,108.75655365,20.0,-0.000177826917547,-0.000286531789345,0.979365855232,-0.202095276575,-3.34929418564,-1.64947986603,-0.209464490414,-1.25908255577,-0.0727390050888,8.03127861023,216.767887437
1775,355.87333374,6.5,11.0,96757.75,14.5959997177,15.1000003815,0.409999996424,9.00658607483,2.55290675163,19.3796539307,34.0300405,108.756611,34.0300216675,108.75655365,20.0,0.00160577146762,-0.000890025948307,0.979185171693,-0.202960762109,-3.08646726608,-1.49219751358,-0.216724336147,-3.15987539291,0.758047103882,17.3646793365,220.399601305
1776,356.07532482100004,6.5,11.0,96761.5,14.6040000916,15.4600000381,0.409999996424,8.38901329041,2.29201173782,19.3554763794,34.030038,108.7566047,34.0300216675,108.75655365,20.0,-0.000849798016174,0.00162886242529,0.979385537811,-0.201992143236,-2.83123207092,-1.32834994793,-0.154936477542,0.363808959723,3.11803007126,2.95380043983,225.777841973
1777,356.272313643,6.5,11.0,96767.25,14.6149997711,15.7100000381,0.419999986887,7.84094142914,2.06058883667,19.3332614899,34.0300358,108.7565988,34.0300216675,108.75655365,20.0,-0.00134853089423,-0.00476497616649,0.979677025415,-0.200520881049,-2.59444594383,-1.22953975201,-0.162732824683,-2.44244503975,-2.38160729408,18.3226146698,229.601646962
1778,356.475303221,6.5,11.0,96771.25,14.6160001755,15.8500003815,0.419999986887,7.33279323578,1.84189903736,19.3004741669,34.0300338,108.7565934,34.0300216675,108.75655365,20.0,-0.00299192920781,-0.00607852567036,0.979692493308,-0.200391448077,-2.3638792038,-1.1221653223,-0.145216554403,-3.21151661873,-0.6297057271,18.4404239655,231.663608357
1779,356.672294426,5.3,12.0,96768.2421875,14.611000061,16.2800006866,0.419999986887,6.88298273087,1.64073884487,19.2557792664,34.0300318,108.7565885,34.0300216675,108.75655365,20.0,-0.0373215170695,-0.0203833190019,0.978586222829,-0.201396734707,-2.18893694878,-1.05180191994,-0.0849267840385,-0.335147827864,0.375134646893,1.98329663277,237.867091026
1780,356.874284554,5.3,12.0,96769.9921875,14.6049995422,16.9099998474,0.419999986887,6.44725704193,1.43603253365,19.2103309631,34.0300298,108.7565842,34.0300216675,108.75655365,20.0,-0.0715269767001,-0.0154821996244,0.97655541908,-0.202444842536,-2.14323735237,-1.0289260149,-0.0873860418797,-2.27784872055,-1.56579184532,15.6893796921,246.970540031
1781,357.076276588,5.3,12.0,96768.9921875,14.6120004654,17.3400001526,0.430000007153,6.03453874588,1.2332662344,19.1708183289,34.0300279,108.7565798,34.0300216675,108.75655365,20.0,-0.0753154436431,-0.0174166108963,0.976423204416,-0.201549264152,-2.16000270844,-1.02963268757,-0.00245068757795,-1.64277338982,1.02400302887,14.3995752335,253.3720903
1782,357.27326731700003,5.3,12.0,96772.0,14.595000267,17.8600006104,0.419999986887,5.61072063446,1.02151489258,19.1404590607,34.030026,108.7565753,34.0302009583,108.75617218,20.0,-0.0859782933859,0.00358000863025,0.982525857346,-0.165039008721,-2.22301125526,-0.986449122429,0.0553429797292,-1.79611480236,-0.0325522571802,14.7683115005,260.666713677
1783,357.47525816,5.3,12.0,96769.75,14.6000003815,18.0300006866,0.430000007153,5.17323637009,0.826549589634,19.1257038116,34.0300241,108.7565704,34.0302009583,108.75617218,20.0,-0.106196165593,0.0408992649165,0.989604167673,-0.0879394415648,-2.36090278625,-0.850245058537,0.125977650285,-1.0897578001,-1.00322914124,7.87257289886,263.238016903
1784,357.67225461000004,5.3,2.0,96768.7421875,14.5869998932,18.3099994659,0.419999986887,4.70534086227,0.670368254185,19.1190624237,34.0300224,108.7565654,34.0302009583,108.75617218,20.0,-0.14916027574,0.0783778099483,0.985691760019,-0.004470389781,-2.60611104965,-0.561042368412,0.145521402359,-3.72138881683,-0.429244577885,18.6693840027,267.087960254
1785,357.874244976,5.3,2.0,96771.25,14.5679998398,18.9099998474,0.419999986887,4.18125343323,0.575542747974,19.1244544983,34.0300212,108.7565599,34.0302009583,108.75617218,20.0,-0.191267016257,0.106459248855,0.972188415518,0.0832654403587,-2.96826815605,-0.118593230844,0.230104759336,-2.25851249695,-3.26877808571,11.9663190842,275.480874747
1786,358.07223897,5.3,2.0,96763.0,14.5609998703,19.3400001526,0.419999986887,3.56939315796,0.562839090824,19.1356678009,34.0300207,108.7565535,34.0302009583,108.75617218,20.0,-0.221855863377,0.116375461908,0.953817067868,0.165740543014,-3.43213152885,0.419477850199,0.211392715573,0.0772989690304,0.369742870331,5.74962282181,281.609739713
1787,358.27423052800003,5.3,2.0,96768.9921875,14.5509996414,19.8899993896,0.419999986887,2.86684942245,0.642986893654,19.1477184296,34.030021,108.7565458,34.0302009583,108.75617218,20.0,-0.234934341303,0.107534744233,0.934780537581,0.243777435007,-3.89225363731,0.970248520374,0.174224331975,-2.62194085121,-0.617732465267,17.8989448547,289.419373987
1788,358.476226854,5.3,2.0,96769.4921875,14.5389995575,20.3999996185,0.419999986887,2.06622862816,0.812467694283,19.16264534,34.0300223,108.7565373,34.0302009583,108.75617218,20.0,-0.245498675422,0.0827854878529,0.927831323051,0.268339480355,-4.3896484375,1.46998000145,0.187130123377,0.0408515743911,-1.06660234928,3.11362218857,296.595585427
1789,358.693219709,6.9,341.0,96765.75,14.5260000229,20.7399997711,0.409999996424,1.19342577457,1.05464684963,19.1748390198,34.0300243,108.7565275,34.0302009583,108.75617218,20.0,-0.245530796589,0.0847059458838,0.926656585016,0.271748507123,-4.85945129395,1.90062868595,0.156325086951,-2.18509030342,0.0608060956001,7.19365262985,301.26923715
1790,358.895211506,6.9,341.0,96763.4921875,14.5170001984,20.6700000763,0.409999996424,0.19852347672,1.38599514961,19.1954612732,34.0300272,108.7565167,34.0302009583,108.75617218,20.0,-0.243948229843,0.0920002113935,0.927165571432,0.269052520738,-5.31197023392,2.34376859665,0.179784491658,1.12490463257,-0.838981330395,-3.58061814308,300.066395208
1791,359.072201061,6.9,341.0,96764.5,14.5150003433,20.7900009155,0.409999996424,-0.886231422424,1.80158472061,19.2251396179,34.0300309,108.7565049,34.0302009583,108.75617218,20.0,-0.240186033557,0.103051325807,0.927788881175,0.266268847834,-5.70326662064,2.76655817032,0.132541686296,-1.77408099174,-0.441692709923,10.8145303726,301.766870427
1792,359.295194435,6.9,341.0,96757.0,14.5200004578,20.3799991608,0.409999996424,-2.02121591568,2.28632545471,19.2598896027,34.0300353,108.7564923,34.0302009583,108.75617218,20.0,-0.215594069216,0.105615113334,0.933612121573,0.265956645054,-6.01273727417,3.15196824074,0.112526059151,0.797078549862,0.0739031732082,-3.32909440994,295.917597144
1793,359.472188282,6.9,341.0,96758.5,14.5220003128,19.7099990845,0.409999996424,-3.21396970749,2.85126566887,19.2956752777,34.0300405,108.7564791,34.0302009583,108.75617218,20.0,-0.191727615456,0.101876456063,0.938862944548,0.267204444651,-6.20724201202,3.49491500854,0.0375296846032,-5.25278139114,-0.45979821682,17.5579395294,286.22861287
1794,359.674180794,10.4,356.0,96762.25,14.5279998779,18.9699993134,0.409999996424,-4.48373746872,3.49997758865,19.3278064728,34.0300464,108.7564653,34.0302009583,108.75617218,20.0,-0.162514770743,0.0863131421948,0.945827163355,0.26748864085,-6.3320016861,3.75246477127,0.0410176031291,-0.282085895538,-1.75970995426,7.90146780014,275.596147709
1795,359.896170664,10.4,356.0,96757.0,14.5380001068,18.1399993896,0.419999986887,-5.74431562424,4.18526124954,19.3554935455,34.0300528,108.7564514,34.0302009583,108.75617218,20.0,-0.120930319242,0.069297943152,0.952768391057,0.269825873261,-6.34011030197,3.9263510704,0.028185877949,-1.22574400902,0.246615335345,9.16047477722,263.719313064
1796,360.07316165000003,10.4,356.0,96760.7578125,14.5520000458,17.4599990845,0.419999986887,-7.04167842865,4.9291806221,19.3833332062,34.0300595,108.7564375,34.0302009583,108.75617218,20.0,-0.103452937858,0.0497012391013,0.955404718578,0.272083047733,-6.27798175812,3.99759507179,0.0210064910352,-3.90377902985,-1.17936611176,15.560921669,254.077907477
1797,360.27515487700003,10.4,356.0,96759.0,14.5590000153,17.1499996185,0.419999986887,-8.33428096771,5.69556570053,19.3999996185,34.0300662,108.7564238,34.0302009583,108.75617218,20.0,-0.125055995217,0.0449480070883,0.952778527374,0.273045702826,-6.21591377258,4.01512336731,-0.0639194920659,-1.28666687012,-0.297845810652,4.75482273102,249.686844708
1798,360.472147512,10.4,356.0,96759.25,14.5600004196,17.2000007629,0.419999986887,-9.59397697449,6.45851325989,19.4047088623,34.0300731,108.7564101,34.0302009583,108.75617218,20.0,-0.124621126669,0.0491992306228,0.951495956627,0.276955792403,-6.20756959915,4.05329084396,-0.113386243582,-0.932108342648,1.46499443054,10.5215740204,250.432018326
1799,360.674140263,10.9,5.0,96753.75,14.5579996109,17.25,0.409999996424,-10.8540678024,7.23507881165,19.4061584473,34.03008,108.7563966,34.0302009583,108.75617218,20.0,-0.124117967054,0.0425721233833,0.950964527014,0.280087176807,-6.2272310257,4.08950185776,-0.0928797125816,-3.97665166855,-0.354616463184,16.8960437775,251.125493288
1800,360.871132421,10.9,5.0,96755.4921875,14.5620002747,17.1800003052,0.419999986887,-12.14133358,8.03873348236,19.4101066589,34.0300871,108.7563831,34.0302009583,108.75617218,20.0,-0.126803645901,0.0386100272295,0.950213027631,0.282002266383,-6.23433828354,4.10177135468,-0.0730294659734,1.22622644901,-0.198292165995,-0.704497694969,250.175169163
1801,361.053123522,10.9,5.0,96759.5,14.5740003586,17.0699996948,0.419999986887,-13.4278268814,8.8474187851,19.4124565125,34.0300941,108.7563695,34.0302009583,108.75617218,20.0,-0.127143486477,0.0424117994057,0.949406315877,0.284013029305,-6.23348236084,4.10997533798,-0.108216814697,-1.37137317657,-2.61115932465,6.72350072861,248.778181673
1802,361.256113577,10.9,5.0,96759.5,14.5760002136,16.7099990845,0.419999986887,-14.6754541397,9.63841438293,19.4108333588,34.0301014,108.7563559,34.0302009583,108.75617218,20.0,-0.0907591895366,0.0310140666756,0.954108618692,0.283685822247,-6.18129062653,4.10685968399,-0.084558814764,-2.89623427391,-5.18289661407,18.274187088,243.564950225
1803,361.47310953100003,10.9,5.0,96752.5,14.5609998703,16.3400001526,0.409999996424,-15.9285516739,10.4480276108,19.4105625153,34.0301086,108.7563427,34.0302009583,108.75617218,20.0,-0.0433973586771,0.0209510008314,0.957765300343,0.283484423531,-6.00146245956,4.02686786652,-0.031133942306,-1.1677428484,0.994511604309,5.0273475647,237.926740103
1804,361.675100374,8.2,11.0,96753.75,14.5690002441,15.6499996185,0.409999996424,-17.1353168488,11.2407827377,19.4202156067,34.0301156,108.7563297,34.0302009583,108.75617218,20.0,-0.0281912610817,0.0117331156186,0.958556902451,0.283260455178,-5.75060892105,3.87993979454,-0.0208839382976,-4.29301595688,-1.11780166626,14.6962194443,228.004848263
1805,361.872095394,8.2,11.0,96756.25,14.5889997482,15.1499996185,0.419999986887,-18.2640132904,11.9846229553,19.4374923706,34.0301224,108.7563173,34.0302009583,108.75617218,20.0,-0.0245457872004,0.00425106811807,0.958641154001,0.283525516709,-5.48189401627,3.70664548874,0.00320030585863,-0.0870465710759,1.11547827721,6.15787220001,221.02334062
1806,362.074084568,8.2,11.0,96758.5,14.5860004425,14.9200000763,0.409999996424,-19.3707790375,12.7145614624,19.4488353729,34.0301288,108.7563055,34.0302009583,108.75617218,20.0,-0.0185685540718,0.00232783366353,0.958647560322,0.283980112617,-5.22451305389,3.53453016281,-0.0207586698234,-2.17522716522,3.16464924812,3.81809353828,217.623127715
1807,362.27107815700003,8.2,11.0,96761.7578125,14.5959997177,14.7899999619,0.419999986887,-20.4248867035,13.4091806412,19.4535255432,34.0301349,108.7562944,34.0302009583,108.75617218,20.0,-0.017506744566,-0.00128068862683,0.959273019554,0.281934473177,-4.98489046097,3.33607292175,-0.0923450663686,-2.07137107849,1.70495903492,12.4122743607,215.874835268
1808,362.47406868900003,8.2,11.0,96759.0,14.6009998322,14.7600002289,0.419999986887,-21.3984203339,14.0527582169,19.4541378021,34.0301407,108.7562837,34.0302009583,108.75617218,20.0,-0.0103767083674,-0.00526772237941,0.959935083324,0.279980692794,-4.73593139648,3.15828704834,-0.136143267155,-3.72148776054,0.623018085957,12.6350679398,215.510760864
1809,362.671066809,6.9,8.0,96753.75,14.5979995728,14.6999998093,0.419999986887,-22.3188610077,14.653845787,19.4562740326,34.0301461,108.7562736,34.0302009583,108.75617218,20.0,-0.00089076376511,-0.0123569508798,0.959986291745,0.279772782391,-4.46083927155,2.94295597076,-0.088906660676,-2.93060851097,4.15983724594,20.4474449158,214.590590935
1810,362.893058825,6.9,8.0,96751.5,14.5939998627,14.5500001907,0.409999996424,-23.3341636658,15.3036022186,19.4652996063,34.0301511,108.7562642,34.0302009583,108.75617218,20.0,-0.000312732579401,-0.00858489980499,0.959638200923,0.281106350824,-4.14379262924,2.65768742561,-0.0547047182918,0.298106014729,1.73146247864,4.47855567932,212.342700785
1811,363.075058031,6.9,8.0,96761.2578125,14.611000061,14.5100002289,0.419999986887,-24.0347194672,15.7448816299,19.4634590149,34.0301556,108.7562554,34.0302009583,108.75617218,20.0,-0.00171807470892,-0.00439098651782,0.95948525001,0.281719798204,-3.9020550251,2.4749519825,-0.0936915427446,-1.04215157032,0.861013770103,7.74103879929,212.00561423
1812,363.272054958,6.9,8.0,96759.25,14.6079998016,14.6000003815,0.419999986887,-24.7852172852,16.2113456726,19.4495315552,34.0301598,108.7562471,34.0302009583,108.75617218,20.0,0.000414291337789,-0.00629049912904,0.959462153537,0.281767171262,-3.63947606087,2.27182579041,-0.139165326953,-2.93640184402,-2.31892156601,12.4648885727,213.276802676
1813,363.474051762,6.9,8.0,96756.0,14.609000206,14.8699998856,0.419999986887,-25.4816265106,16.6364479065,19.428560257,34.0301636,108.7562396,34.0302009583,108.75617218,20.0,0.00084587506654,-0.010215193906,0.959813890061,0.280450356201,-3.36543750763,2.08092617989,-0.149578526616,-2.93959593773,-2.02330422401,10.9203863144,217.235831391
1814,363.692045736,5.3,3.0,96765.5,14.6040000916,15.1499996185,0.419999986887,-26.1356925964,17.0306339264,19.3992767334,34.030167,108.7562324,34.0302009583,108.75617218,20.0,-0.00302857556331,-0.00463248409084,0.960576832313,0.277959646041,-3.09388065338,1.89325869083,-0.15311396122,-1.67158794403,3.08429265022,1.65562748909,221.250595816
1815,363.87303452500004,5.3,3.0,96757.5,14.609000206,15.5399999619,0.419999986887,-26.7360019684,17.3853282928,19.3627052307,34.03017,108.7562259,34.0302009583,108.75617218,20.0,-0.00507231423225,-0.00493333904316,0.960619253116,0.277778309225,-2.84510827065,1.70397949219,-0.138689219952,-4.44174575806,0.933709740639,13.5292139053,227.023862644
1816,364.07603173300004,5.3,3.0,96764.2421875,14.611000061,15.8999996185,0.419999986887,-27.2733268738,17.6949958801,19.3305397034,34.0301728,108.7562199,34.0302009583,108.75617218,20.0,-0.00497456266886,0.00441491224239,0.959790161386,0.280639721991,-2.61457872391,1.55563807487,-0.101474300027,-1.80758690834,-1.80145120621,12.0182142258,232.314895397
1817,364.273032236,5.3,3.0,96769.2421875,14.6040000916,16.0499992371,0.419999986887,-27.7767353058,17.9824829102,19.3036422729,34.0301752,108.7562143,34.0302009583,108.75617218,20.0,-0.0093133962277,0.00441103615232,0.958625875769,0.28448218695,-2.40030884743,1.44334566593,-0.102121576667,-2.93848443031,0.575209975243,19.1905899048,234.394190327
1818,364.475026894,5.3,3.0,96767.9921875,14.5900001526,16.4200000763,0.419999986887,-28.2356472015,18.2382144928,19.2673568726,34.0301775,108.7562092,34.0302009583,108.75617218,20.0,-0.0106106758956,0.0026622280767,0.957636183472,0.287773012881,-2.18512105942,1.32039856911,-0.0642841458321,-0.255989164114,0.42248570919,6.92472171783,239.567803619
1819,364.677019167,3.9,353.0,96771.75,14.5889997482,16.7600002289,0.419999986887,-28.646282196,18.461271286,19.2189941406,34.0301795,108.7562045,34.0302009583,108.75617218,20.0,-0.0110735161223,0.00603698748161,0.95610907671,0.292739302482,-1.97325003147,1.21081566811,-0.027413142845,-1.21774828434,-0.108107700944,8.56496238708,244.511639119
1820,364.874014187,3.9,353.0,96774.75,14.5729999542,17.1599998474,0.419999986887,-29.0187454224,18.6624755859,19.1696567535,34.0301813,108.7562003,34.0302009583,108.75617218,20.0,-0.0137937944035,0.00933837696116,0.95425790283,0.298520164224,-1.7882475853,1.11398267746,-0.0113583290949,-1.09395134449,-0.742844581604,7.78745269775,250.072676991
1821,365.056009102,3.9,353.0,96771.25,14.5780000687,17.3600006104,0.419999986887,-29.3616809845,18.8493766785,19.130235672,34.0301829,108.7561964,34.0302009583,108.75617218,20.0,-0.0144025343428,0.00829338289546,0.952479811585,0.304148201493,-1.59864521027,1.02002727985,0.0688465982676,0.626166343689,0.127314567566,7.40739107132,253.07409009
1822,365.273006248,3.9,353.0,96768.9921875,14.5749998093,17.5499992371,0.419999986887,-29.6686439514,19.0149536133,19.1005821228,34.0301844,108.7561929,34.0302009583,108.75617218,20.0,-0.0177891752077,0.0128429751659,0.949637870663,0.312580500401,-1.45788526535,0.942066788673,0.0791828632355,-1.0029168129,2.26624965668,5.90822887421,255.791235533
1823,365.475998688,3.9,353.0,96769.7421875,14.5810003281,17.7600002289,0.419999986887,-29.9383716583,19.1578559875,19.0859737396,34.0301858,108.7561897,34.0302009583,108.75617218,20.0,-0.0165812424135,0.0111075406475,0.945486089983,0.325050804571,-1.26809549332,0.857155501842,0.137599661946,-0.624187707901,0.841712474823,4.11782026291,258.958569164
1824,365.672991562,1.8,352.0,96769.0,14.5729999542,18.3199996948,0.419999986887,-30.1855316162,19.289899826,19.0847587585,34.030187,108.7561868,34.0301704407,108.756958008,20.0,-0.0162898892346,0.0137349856381,0.938233565659,0.345345755461,-1.11002290249,0.785254299641,0.186782762408,-2.24455165863,0.139604330063,13.8661117554,266.977354714
1825,365.874985743,1.8,352.0,96768.75,14.5710000992,18.2199993134,0.419999986887,-30.3984527588,19.4072132111,19.0856609344,34.0301881,108.7561843,34.0301704407,108.756958008,20.0,0.0172981104219,0.0292866906017,0.910148233437,0.412884078225,-0.908819854259,0.713579058647,0.158196642995,-3.20428872108,1.6788905859,16.9568862915,265.483611802
1826,366.071978378,1.8,352.0,96767.7421875,14.5600004196,18.2800006866,0.419999986887,-30.5557670593,19.5060424805,19.0891017914,34.0301892,108.7561823,34.0301704407,108.756958008,20.0,0.058376091147,0.0524424194205,0.87118606402,0.484641047643,-0.572819948196,0.627594590187,0.151021137834,-3.69227671623,-0.34183204174,20.1238956451,266.156817668
1827,366.273969936,1.8,352.0,96764.2421875,14.5570001602,18.5799999237,0.419999986887,-30.6332416534,19.5916786194,19.1007137299,34.0301901,108.7561812,34.0301704407,108.756958008,20.0,0.0927137272458,0.0799857029994,0.822534987406,0.555376229939,-0.0763322934508,0.518456935883,0.17738763988,-1.66922771931,-0.235330834985,9.61796569824,270.469061866
1828,366.475966024,1.8,352.0,96767.9921875,14.5640001297,18.8199996948,0.419999986887,-30.6072807312,19.6629905701,19.1217021942,34.0301908,108.7561811,34.0301704407,108.756958008,20.0,0.0851724008613,0.0919932887736,0.771269889491,0.624039884095,0.486794352531,0.410131961107,0.181677907705,1.96750676632,-0.985577702522,1.00012874603,274.094477996
1829,366.67296104400003,2.7,38.0,96769.25,14.5509996414,18.8299999237,0.419999986887,-30.4783859253,19.7151737213,19.1410140991,34.0301913,108.7561824,34.0301704407,108.756958008,20.0,0.0759565986248,0.103479541739,0.716862502992,0.68529621777,1.00489652157,0.335146486759,0.146236538887,-0.133673131466,1.7188590765,5.94634914398,273.995322138
1830,366.890960026,2.7,38.0,96766.75,14.5489997864,18.8099994659,0.419999986887,-30.2563171387,19.7489433289,19.1521644592,34.0301916,108.7561846,34.0301704407,108.756958008,20.0,0.0643277839439,0.112338728954,0.652088769829,0.747008909619,1.47173345089,0.268483817577,0.147083982825,0.968527138233,0.429175585508,3.78154230118,273.666678212
1831,367.072955418,2.7,38.0,96772.5,14.5450000763,18.9200000763,0.419999986887,-29.9336776733,19.7683506012,19.1599636078,34.0301917,108.7561878,34.0301704407,108.756958008,20.0,0.0570259030255,0.115281677432,0.594865192816,0.793469361635,1.9193803072,0.218725204468,0.122311122715,-3.40611815453,0.60391253233,15.4105968475,275.191402553
1832,367.25495605500004,2.7,38.0,96770.2421875,14.5380001068,18.7800006866,0.419999986887,-29.5221672058,19.7667655945,19.1664924622,34.0301918,108.7561922,34.0301704407,108.756958008,20.0,0.0459150454539,0.122242355904,0.535489344836,0.834385985784,2.33902597427,0.162070438266,0.120235227048,-3.89062452316,-0.601083397865,21.7377700806,273.023651988
1833,367.471949148,2.7,38.0,96766.5,14.531999588,18.8700008392,0.409999996424,-29.0355377197,19.7506351471,19.1712741852,34.0301917,108.7561974,34.0301704407,108.756958008,20.0,0.0353328516083,0.130007538689,0.461527947727,0.876836207311,2.73773694038,0.106729254127,0.15803013742,0.055117521435,0.93334197998,7.31839704514,274.218844422
1834,367.673942137,5.0,9.0,96765.75,14.531999588,19.0200004578,0.409999996424,-28.4512634277,19.7208003998,19.176115036,34.0301915,108.7562035,34.0301704407,108.756958008,20.0,0.0279167448279,0.138789414096,0.389664051754,0.910011150812,3.13248968124,0.0691195726395,0.16449983418,-0.609728395939,-0.687592029572,7.08165311813,276.398638816
1835,367.870931911,5.0,9.0,96763.25,14.5279998779,18.9500007629,0.409999996424,-27.7826786041,19.6773395538,19.1837329865,34.0301911,108.7562105,34.0301704407,108.756958008,20.0,0.0179172100895,0.148844298183,0.317991755355,0.936165356582,3.52820134163,0.0453003831208,0.172012448311,-1.90020680428,0.277053773403,12.5063676834,275.305608771
1836,368.072924662,5.0,9.0,96767.25,14.529999733,18.8700008392,0.409999996424,-27.0497303009,19.6256809235,19.1987361908,34.0301906,108.7562184,34.0301704407,108.756958008,20.0,0.00739849993445,0.153717142952,0.243286023827,0.957668194004,3.91120457649,0.0305282659829,0.177425950766,0.416720539331,1.05939269066,6.36102771759,274.181107155
1837,368.269919205,5.0,9.0,96766.25,14.5200004578,18.7900009155,0.409999996424,-26.237821579,19.5669231415,19.218252182,34.0301901,108.7562272,34.0301704407,108.756958008,20.0,-0.00206274579146,0.158282695049,0.169585304976,0.97271946581,4.28398370743,0.0375367291272,0.16100050509,-3.13874173164,-1.25169241428,16.1739864349,272.830821895
1838,368.492914486,5.0,9.0,96762.5,14.5170001984,18.6800003052,0.409999996424,-25.3242092133,19.5066452026,19.2462482452,34.0301897,108.7562367,34.0301704407,108.756958008,20.0,-0.0117434501576,0.167765941429,0.0852236672342,0.982066119523,4.67153978348,0.044075243175,0.187640920281,-0.780150055885,-1.3897203207,10.3124694824,271.177568136
1839,368.674905825,7.1,352.0,96767.4921875,14.5010004044,18.7299995422,0.40000000596,-24.333486557,19.4489784241,19.2777328491,34.0301892,108.756247,34.0301704407,108.756958008,20.0,-0.017842394165,0.181392143994,0.0157617833782,0.983122656721,5.09173440933,0.0704168081284,0.182583227754,0.375738739967,-2.23319172859,3.12228012085,271.603730936
1840,368.876905489,7.1,352.0,96762.7421875,14.5039997101,18.8899993896,0.40000000596,-23.2838783264,19.3942432404,19.2984981537,34.0301888,108.7562583,34.0301704407,108.756958008,20.0,-0.0287653452809,0.189364489075,-0.0366377496483,0.980801419039,5.51937389374,0.0828677415848,0.148245662451,-1.4747364521,2.44331502914,15.4123058319,273.980545671
1841,369.073896933,7.1,352.0,96764.4921875,14.5050001144,18.9400005341,0.40000000596,-22.1477451324,19.3469486237,19.311290741,34.0301885,108.7562704,34.0301704407,108.756958008,20.0,-0.0339516730408,0.198357646633,-0.0398949845418,0.97872876347,5.95993709564,0.117934338748,0.0963238477707,-2.01028823853,-2.32719802856,9.95598888397,274.724709914
1842,369.275892305,7.1,352.0,96767.9921875,14.5240001678,18.8600006104,0.409999996424,-20.8942108154,19.3121490479,19.3290843964,34.0301883,108.7562835,34.0301704407,108.756958008,20.0,-0.0337114728828,0.19603087191,-0.0335482170651,0.979443784755,6.40386915207,0.160083562136,0.0752971842885,-0.819259881973,0.748696088791,10.1449270248,273.92265203
1843,369.472887087,7.1,352.0,96760.2421875,14.5340003967,18.4200000763,0.409999996424,-19.5612564087,19.2902088165,19.3451099396,34.0301881,108.7562975,34.0301704407,108.756958008,20.0,-0.0372043771481,0.170182373037,-0.0237246296142,0.98442419355,6.75199222565,0.204474940896,0.0539395436645,-1.9756706953,-0.183713406324,10.8139314651,267.716288417
1844,369.690884876,7.8,358.0,96761.0,14.5349998474,18.1000003815,0.409999996424,-18.2047920227,19.2793598175,19.360496521,34.0301881,108.7563122,34.0301704407,108.756958008,20.0,-0.0275825835395,0.140947996552,-0.0147139284305,0.989523330017,6.97524356842,0.254122287035,0.0299318097532,-0.449234962463,0.812651515007,10.2320222855,263.083502783
1845,369.87187891,7.8,358.0,96761.25,14.5500001907,17.4400005341,0.419999986887,-16.7756175995,19.2786483765,19.3843994141,34.0301882,108.7563274,34.0301704407,108.756958008,20.0,-0.0223017098616,0.119152596782,-0.00823595781436,0.992591367708,7.11200141907,0.266115248203,0.0489860326052,-5.10744905472,0.0212370753288,16.9830150604,253.752011097
1846,370.074874926,7.8,358.0,96756.25,14.5629997253,16.5799999237,0.419999986887,-15.3281927109,19.281162262,19.4096488953,34.0301883,108.7563429,34.0301704407,108.756958008,20.0,-0.0146660443422,0.0923921454745,-0.00485371536821,0.995602886474,7.12551021576,0.273600518703,0.0800420418382,-3.29759263992,-1.56370985508,6.6152510643,241.454534335
1847,370.276869345,7.8,358.0,96756.75,14.5600004196,16.1900005341,0.409999996424,-13.9071063995,19.2799453735,19.4342536926,34.0301883,108.7563584,34.0301704407,108.756958008,20.0,-0.00824280140889,0.0995155213186,-0.00332681934036,0.994996393324,7.13127708435,0.231898352504,0.0348975323141,-1.33554434776,-2.71431469917,14.4708347321,235.726414569
1848,370.473864365,7.8,358.0,96755.75,14.5579996109,15.7899999619,0.409999996424,-12.4386100769,19.2769794464,19.4539680481,34.0301884,108.7563739,34.0301704407,108.756958008,20.0,-0.00694942526357,0.106361439191,-0.00509808279588,0.994290180731,7.16036272049,0.198097154498,-0.00619592051953,-2.59722208977,0.197293579578,10.2536878586,229.870813301
1849,370.675858784,8.0,4.0,96756.9921875,14.5509996414,15.5699996948,0.409999996424,-10.9591722488,19.2677440643,19.4690189362,34.0301883,108.7563894,34.0301704407,108.756958008,20.0,-0.00562207348999,0.103695924977,-0.00799913467258,0.994561016379,7.20051050186,0.159210801125,-0.0433479174972,-0.153524816036,-0.696363568306,9.443318367,226.559059976
1850,370.872855473,8.0,4.0,96757.0,14.5480003357,15.529999733,0.40000000596,-9.50850200653,19.2492313385,19.4807338715,34.0301883,108.756405,34.0301704407,108.756958008,20.0,-0.00292805746989,0.110993936288,-0.0116907349868,0.993748045818,7.25662374496,0.122688084841,-0.0679994001985,-2.74734687805,-2.64489865303,8.87594413757,225.930441329
1851,371.074853706,8.0,4.0,96757.9921875,14.5590000153,15.5699996948,0.409999996424,-8.01226902008,19.2290039063,19.4850254059,34.0301882,108.7564207,34.0301704407,108.756958008,20.0,-0.000560368692733,0.112049783332,-0.0157672624685,0.993577351082,7.32125663757,0.0818512737751,-0.0719455480576,-4.11153268814,0.411250472069,20.824798584,226.683625795
1852,371.271838474,8.0,4.0,96757.9921875,14.5570001602,15.5699996948,0.409999996424,-6.58202934265,19.2046432495,19.4852390289,34.030188,108.7564365,34.0301704407,108.756958008,20.0,0.00185803327989,0.107835546291,-0.0193497867387,0.99397871552,7.38345479965,0.031516391784,-0.128834590316,-0.558277487755,0.435708343983,4.99870109558,226.652488052
1853,371.474836874,8.0,4.0,96756.9921875,14.5539999008,15.5200004578,0.40000000596,-5.02985620499,19.1694889069,19.4803600311,34.0301877,108.7564526,34.0301704407,108.756958008,20.0,-0.000185799113304,0.109495578945,-0.0222295966038,0.993738647071,7.45286178589,-0.0217082630843,-0.1063144207,-4.14603853226,1.44786942005,14.0666656494,225.878085123
1854,371.676833677,8.2,6.0,96757.9921875,14.5550003052,15.4300003052,0.40000000596,-3.54197359085,19.1299266815,19.4720287323,34.0301874,108.7564687,34.0301704407,108.756958008,20.0,0.000465432916462,0.107932036232,-0.0242249969997,0.993862980274,7.50843191147,-0.0574105083942,-0.10856936872,-0.827958643436,-1.33546769619,12.424118042,224.583659151
1855,371.87382845900004,8.2,6.0,96756.25,14.5629997253,15.4499998093,0.409999996424,-2.00670051575,19.0836009979,19.4635486603,34.030187,108.756485,34.0301704407,108.756958008,20.0,0.0014421387155,0.103185336981,-0.0258985640604,0.994323898209,7.55232191086,-0.0977653563023,-0.097319625318,-0.259695112705,1.27578747272,7.29612779617,224.998342979
1856,372.07582311600004,8.2,6.0,96755.25,14.5740003586,15.4799995422,0.409999996424,-0.459884166718,19.0291938782,19.4560394287,34.0301866,108.7565014,34.0301704407,108.756958008,20.0,0.000930386412522,0.098940195763,-0.0268503663403,0.994730657444,7.58770608902,-0.131686210632,-0.0671371147037,-1.65242338181,1.15934932232,5.80916500092,225.605518879
1857,372.272816706,8.2,6.0,96752.25,14.5729999542,15.4300003052,0.409999996424,1.05418241024,18.9717178345,19.4552497864,34.0301861,108.7565179,34.0301704407,108.756958008,20.0,-0.000374806655451,0.0964336067782,-0.0303655820935,0.994876064072,7.59593391418,-0.160133168101,-0.052534032613,-1.48087728024,0.808112680912,8.62452411652,224.861393741
1858,372.474814224,8.2,6.0,96754.4921875,14.5609998703,15.1800003052,0.409999996424,2.61046409607,18.9127521515,19.4605045319,34.0301856,108.7565344,34.0301704407,108.756958008,20.0,0.0026407529403,0.0954538769428,-0.032333839919,0.994905061103,7.60564661026,-0.189284935594,-0.0358665250242,-2.02169680595,1.8903144598,6.88746500015,221.035982475
1859,372.67180590600003,9.4,7.0,96760.75,14.5690002441,14.9600000381,0.409999996424,4.17079925537,18.8490619659,19.4691448212,34.0301851,108.7565509,34.0301704407,108.756958008,20.0,0.00176953016637,0.097089011346,-0.0319733157768,0.994760497413,7.62931108475,-0.218719512224,-0.0311017297208,-2.07937765121,-1.07081115246,8.04441547394,217.952244208
1860,372.990792084,9.4,7.0,96755.9921875,14.5869998932,14.5600004196,0.409999996424,6.71002101898,18.7465133667,19.4831905365,34.0301846,108.7565674,34.0301704407,108.756958008,20.0,0.00017674280923,0.095443477208,-0.032584782255,0.994901436475,7.65686035156,-0.218498513103,-0.0297077838331,0.862919032574,0.960187077522,4.08966827393,212.386724566
1861,373.192786741,9.4,7.0,96755.4921875,14.5900001526,14.3100004196,0.409999996424,8.26523399353,18.6848049164,19.4905471802,34.0301841,108.7565841,34.0301704407,108.756958008,20.0,0.000460675590936,0.0955919500185,-0.0335322434095,0.994855580703,7.65327978134,-0.226385056973,-0.0453434586525,-1.8000125885,1.66224372387,5.14428043365,208.782908306
1862,373.394778299,9.4,7.0,96754.9921875,14.6000003815,14.2899999619,0.409999996424,9.78521156311,18.6238861084,19.4938926697,34.0301836,108.7566009,34.0301704407,108.756958008,20.0,-0.00161275969498,0.100487548817,-0.0330764673897,0.994387076335,7.64166307449,-0.238413512707,-0.0405160039663,-3.26206493378,-0.962360322475,9.68050289154,208.634004894
1863,373.596775341,9.4,7.0,96759.0,14.595000267,14.0900001526,0.409999996424,11.3063840866,18.5643253326,19.4996547699,34.0301832,108.7566175,34.0301704407,108.756958008,20.0,0.00519172782491,0.100158260758,-0.033920500178,0.99437965849,7.64645195007,-0.250538259745,-0.0234888158739,-3.14760923386,-1.74597740173,12.458024025,205.643555989
1864,373.79376845400003,7.4,4.0,96758.25,14.6000003815,13.9200000763,0.409999996424,12.8648891449,18.5044364929,19.505645752,34.0301826,108.7566343,34.0301704407,108.756958008,20.0,0.00682118820862,0.100292329884,-0.0335987932833,0.99436722517,7.66541862488,-0.25361981988,-0.0219224188477,-1.78599834442,0.563747167587,5.45797872543,203.232006424
1865,373.99076061200003,7.4,4.0,96754.25,14.607000351,13.8400001526,0.409999996424,14.4279823303,18.4414672852,19.5129699707,34.0301822,108.756651,34.0301704407,108.756958008,20.0,0.00241797523578,0.0962405900171,-0.0333266932293,0.994797123024,7.66526031494,-0.290607005358,-0.0183338355273,-2.53862547874,4.44420957565,9.58512878418,202.160887086
1866,374.193754721,7.4,4.0,96759.25,14.6049995422,13.5100002289,0.409999996424,15.7178668976,18.3895816803,19.518409729,34.0301817,108.7566679,34.0301704407,108.756958008,20.0,0.00383420417616,0.0999358887173,-0.032368611069,0.994459863943,7.65819406509,-0.299366295338,-0.0252633653581,-2.62569093704,2.49809932709,14.3811483383,197.313547158
1867,374.395748663,7.4,4.0,96754.0,14.6020002365,13.3800001144,0.409999996424,17.5573616028,18.3173561096,19.5198860168,34.0301811,108.7566848,34.0301704407,108.756958008,20.0,0.00566728125337,0.103657576613,-0.0318320395406,0.994087412242,7.66690444946,-0.302562713623,-0.0829199180007,1.18012094498,2.36730194092,3.03031492233,195.374764836
1868,374.59274559,7.4,4.0,96756.4921875,14.6099996567,13.3400001526,0.409999996424,18.8134689331,18.264623642,19.5209789276,34.0301805,108.7567018,34.0301704407,108.756958008,20.0,0.00320740678182,0.104117562049,-0.031198698848,0.994070342769,7.67935943604,-0.338940083981,-0.0872731804848,-2.80425572395,-0.0955097526312,4.33621406555,194.897397649
1869,374.794734526,4.9,0.0,96755.75,14.6140003204,13.3400001526,0.409999996424,20.630273819,18.1844959259,19.5164337158,34.0301801,108.7567186,34.0301704407,108.756958008,20.0,0.00471597419892,0.0867967298662,-0.0315387396218,0.995715587147,7.67606449127,-0.352088391781,-0.0862940102816,-2.04433465004,1.68351554871,3.54848790169,194.950766505
1870,374.996731567,4.9,0.0,96756.5,14.6169996262,13.2899999619,0.409999996424,22.1552581787,18.1231975555,19.507068634,34.0301795,108.7567356,34.0301704407,108.756958008,20.0,0.00267494061989,0.0430937235608,-0.0316411143168,0.998566357834,7.59708309174,-0.361624121666,-0.0834609866142,-5.1679391861,3.38653373718,23.0166397095,194.259924474
1871,375.19372921,4.9,0.0,96754.75,14.6319999695,13.4799995422,0.409999996424,23.6902923584,18.0572147369,19.4920387268,34.030179,108.7567526,34.0301704407,108.756958008,20.0,0.00744450289033,-0.000632153007553,-0.0302337046045,0.999514956953,7.30259037018,-0.368107140064,-0.0749835669994,-2.89666438103,0.730773508549,0.322010993958,197.239352891
1872,375.395721245,4.9,0.0,96759.5,14.6300001144,13.9499998093,0.409999996424,24.9572277069,18.0028591156,19.475818634,34.0301784,108.7567691,34.0301704407,108.756958008,20.0,0.00311539757734,-0.0200048040823,-0.0293854571314,0.999363144005,6.97992753983,-0.394900351763,-0.165432825685,-2.82728266716,1.22313868999,10.0084724426,204.088498806
1873,375.59371690800003,4.9,0.0,96761.7421875,14.625,14.2899999619,0.409999996424,26.5769348145,17.9326972961,19.4552650452,34.0301778,108.7567851,34.0301704407,108.756958008,20.0,-0.00132787070665,-0.0283809344123,-0.0291548295763,0.999171038669,6.62530374527,-0.38798135519,-0.164875999093,0.339249581099,1.48058009148,0.816960275173,208.991249442
1874,375.79570775,2.7,0.0,96769.0,14.626999855,14.6499996185,0.409999996424,27.9775447845,17.8656711578,19.4185810089,34.0301771,108.7568002,34.0301704407,108.756958008,20.0,-0.000244044740857,-0.0334735789476,-0.0303380602014,0.998979017627,6.29108095169,-0.376624405384,-0.184988036752,-1.58827412128,-3.70697832108,12.3150863647,214.285542297
1875,375.992705154,2.7,0.0,96766.0,14.6120004654,15.0399999619,0.409999996424,29.0134544373,17.8100242615,19.3827514648,34.0301765,108.7568145,34.0301704407,108.756958008,20.0,0.00217570329674,-0.0419075294854,-0.0306194325621,0.998649850741,5.8428812027,-0.372458845377,-0.157626211643,2.3183350563,-0.790757656097,3.05400133133,219.764486442
1876,376.19470005,2.7,0.0,96762.25,14.609000206,15.4899997711,0.409999996424,30.4227466583,17.716583252,19.3310565948,34.0301758,108.756828,34.0301704407,108.756958008,20.0,-0.00247090904333,-0.040994382451,-0.0295341090661,0.998719772362,5.50316429138,-0.395770788193,-0.146584525704,-2.64866280556,-0.754810571671,6.67075634003,226.293409847
1877,376.411687422,2.7,0.0,96756.75,14.6020002365,15.8199996948,0.409999996424,31.5335006714,17.6374378204,19.2934322357,34.0301752,108.7568406,34.0301704407,108.756958008,20.0,-0.0059638620409,-0.037086599097,-0.0272879349215,0.998921655767,5.06971645355,-0.386438041925,-0.139398753643,0.839990496635,-1.45983886719,11.8188667297,231.003639285
1878,376.59368352900003,2.7,0.0,96758.5,14.6099996567,16.2199993134,0.419999986887,32.5858421326,17.5565814972,19.274892807,34.0301745,108.7568522,34.0301704407,108.756958008,20.0,-0.00663171046569,-0.0286499195508,-0.0244062284483,0.999269578001,4.69089365005,-0.381952852011,-0.0848594605923,0.437232166529,-4.77991247177,7.25584125519,236.974184399
1879,376.790675926,1.8,299.0,96769.4921875,14.6009998322,16.3299999237,0.409999996424,33.5625648499,17.4720458984,19.2722053528,34.0301739,108.756863,34.0301704407,108.756958008,20.0,-0.0171434209512,-0.0331510613847,-0.0170952253714,0.999157088062,4.33586549759,-0.391299158335,-0.0086438478902,-1.85963368416,-3.34169244766,14.4919910431,238.434326145
1880,376.992667723,1.8,299.0,96769.2421875,14.6009998322,16.1499996185,0.419999986887,34.4395370483,17.3988456726,19.2607803345,34.0301734,108.756873,34.0301704407,108.756958008,20.0,-0.0242129479401,-0.0317393168031,-0.0110005381956,0.999142336665,3.99474167824,-0.354445815086,-0.0228165239096,-1.65051281452,0.185822024941,11.0704555511,235.806141719
1881,377.1956604,1.8,299.0,96768.9921875,14.5939998627,16.2299995422,0.409999996424,35.2863426208,17.3394126892,19.2356185913,34.0301729,108.7568821,34.0301704407,108.756958008,20.0,-0.021442054422,-0.0367015724893,-0.00709242952056,0.999071108491,3.64066457748,-0.285323709249,-0.0459166616201,-0.347627401352,0.931784689426,10.185084343,236.860611091
1882,377.392658997,1.8,299.0,96773.5,14.5760002136,16.6000003815,0.409999996424,35.9905204773,17.2971572876,19.2019729614,34.0301725,108.7568904,34.0301704407,108.756958008,20.0,-0.0210268954518,-0.0381153114729,-0.00850430679883,0.999015938267,3.31372284889,-0.208570495248,-0.0630679950118,0.119254842401,1.41158866882,6.75062990189,241.961609106
1883,377.594651508,1.8,299.0,96768.1953125,14.5670003891,16.9899997711,0.409999996424,36.5603752136,17.2699584961,19.1731491089,34.0301723,108.7568979,34.0301704407,108.756958008,20.0,-0.0185676999396,-0.0349780851208,-0.0131094822014,0.999129608317,3.00710439682,-0.163786500692,-0.0562535487115,-2.02463245392,-1.0384054184,16.9742145538,247.493333277
1884,377.791648912,1.7,202.0,96772.0,14.5609998703,17.2900009155,0.409999996424,37.2355117798,17.2541809082,19.1414051056,34.0301723,108.7569046,34.0301704407,108.756958008,20.0,-0.0123499380393,-0.0233744393524,-0.0195902345095,0.999458606617,2.64573168755,-0.103762000799,0.0127122113481,1.55341637135,-0.374034613371,0.593944251537,251.759701088
1885,377.99364404700003,1.7,202.0,96769.2421875,14.579000473,17.5200004578,0.419999986887,37.6912651062,17.2531032562,19.1218852997,34.0301724,108.7569106,34.0301704407,108.756958008,20.0,-0.00919255495685,-0.0243767302641,-0.0280490227119,0.999267007043,2.42612886429,-0.0764738470316,-0.0208179019392,-1.29270291328,1.69598722458,11.6775388718,255.424094961
1886,378.190636206,1.7,202.0,96769.9921875,14.5710000992,17.7999992371,0.419999986887,38.1723098755,17.2631664276,19.1095504761,34.0301725,108.7569159,34.0301704407,108.756958008,20.0,-0.00368203561379,-0.0269111368275,-0.0392028489956,0.998862060123,2.16422772408,-0.0672806575894,0.0183693692088,-1.69857859612,-0.160925939679,12.7386360168,259.363790649
1887,378.413627672,1.7,202.0,96767.25,14.5690002441,17.8799991608,0.419999986887,38.6445770264,17.2762241364,19.0993270874,34.0301728,108.7569207,34.0301704407,108.756958008,20.0,0.00310786251108,-0.0233395667866,-0.0475370932606,0.998591940971,1.91558480263,-0.0854365825653,-0.00577584886923,-0.969668030739,-0.477934539318,7.8644657135,260.493712138
1888,378.59062604900004,1.7,202.0,96764.75,14.5670003891,18.1200008392,0.419999986887,39.0149345398,17.2909736633,19.0970096588,34.0301731,108.7569249,34.0301704407,108.756958008,20.0,0.0015861979608,-0.0213417192393,-0.0527565589802,0.998378087861,1.72133493423,-0.111108966172,0.0523497350514,0.0949967950583,-1.48401713371,5.74164295197,263.954059276
1889,378.792614746,4.3,89.0,96768.2421875,14.5719995499,18.0400009155,0.419999986887,39.3315505981,17.3083248138,19.1037712097,34.0301733,108.7569286,34.0301704407,108.756958008,20.0,-0.0011805984227,-0.0171082533574,-0.0626057295682,0.997890996733,1.51663815975,-0.151441395283,0.0933987721801,-0.522641003132,1.18462777138,5.64598703384,262.878885221
1890,378.994608212,4.3,89.0,96768.75,14.5670003891,17.9400005341,0.419999986887,39.5756835938,17.3244743347,19.1151218414,34.0301735,108.7569319,34.0300331116,108.756576538,20.0,-0.000135774096844,-0.0166243877801,-0.0898689242897,0.995814842975,1.37237679958,-0.158539146185,0.114012889564,-2.59050250053,-1.94639062881,15.1675424576,261.33199476
1891,379.191605139,4.3,89.0,96768.25,14.5559997559,17.9300003052,0.419999986887,39.8166847229,17.3409233093,19.1281661987,34.0301738,108.7569349,34.0300331116,108.756576538,20.0,0.0390239846852,-0.0435503263832,-0.156554131619,0.985936843943,1.14229202271,-0.208327993751,0.126080825925,2.2040169239,-1.03004014492,-0.258299201727,260.989080065
1892,379.39359788900003,4.3,89.0,96771.0,14.5620002747,18.1000003815,0.419999986887,40.0230407715,17.3383693695,19.1457462311,34.0301739,108.7569374,34.0300331116,108.756576538,20.0,0.0733803909488,-0.0790019929209,-0.233398752488,0.966384541597,0.77004635334,-0.367148220539,0.141712620854,0.921164274216,-1.59487998486,7.7295923233,263.572210526
1893,379.59559207,4.3,89.0,96768.7421875,14.5570001602,18.3700008392,0.419999986887,40.1037101746,17.3048343658,19.1631412506,34.0301739,108.7569392,34.0300331116,108.756576538,20.0,0.0942361280488,-0.104700200083,-0.309950031292,0.940259775401,0.176576942205,-0.579785883427,0.165958017111,-2.07070302963,-1.11545574665,17.1089496613,267.41210516
1894,379.81358056100004,6.2,40.0,96765.25,14.5500001907,18.3899993896,0.419999986887,40.1006317139,17.2317733765,19.1955757141,34.0301736,108.7569401,34.0300331116,108.756576538,20.0,0.106349812587,-0.0939627787359,-0.391002235268,0.909383310283,-0.352253466845,-0.767345786095,0.135464921594,-2.00869297981,0.636072039604,18.0853919983,267.574494627
1895,379.989577103,6.2,40.0,96763.7421875,14.5439996719,18.2600002289,0.419999986887,40.0010719299,17.1279830933,19.2297801971,34.0301727,108.7569399,34.0300331116,108.756576538,20.0,0.11005520875,-0.0822401879756,-0.456371196518,0.879118712039,-0.838088393211,-0.949649691582,0.112363733351,0.895799040794,-0.291789710522,2.95968675613,265.573437338
1896,380.19256835,6.2,40.0,96761.2578125,14.5570001602,18.0900001526,0.419999986887,39.8207702637,16.9896965027,19.2701797485,34.0301719,108.7569382,34.0300331116,108.756576538,20.0,0.112476256755,-0.0740855669934,-0.528945835871,0.837900147866,-1.28927886486,-1.10985386372,0.143055334687,1.65174019337,1.89522147179,2.5839509964,263.33613512
1897,380.394563246,6.2,40.0,96756.4921875,14.5590000153,18.0300006866,0.419999986887,39.5234909058,16.8304347992,19.3008937836,34.0301706,108.7569354,34.0300331116,108.756576538,20.0,0.119485646447,-0.0638254962426,-0.597676187414,0.790210514624,-1.60916495323,-1.21737587452,0.0594250038266,0.203039720654,1.78959918022,8.48871421814,262.498780272
1898,380.591560173,6.2,40.0,96766.0,14.5609998703,17.8899993896,0.419999986887,39.1609153748,16.6579399109,19.3245239258,34.0301691,108.7569317,34.0300331116,108.756576538,20.0,0.130255923238,-0.0512471828705,-0.660083442204,0.73803600889,-2.09021377563,-1.35204529762,0.00478662224486,-0.843977272511,0.842400968075,10.0735836029,260.496278792
1899,380.793556976,8.7,16.0,96762.0,14.5489997864,17.9200000763,0.419999986887,38.6853256226,16.4614505768,19.3479862213,34.0301673,108.7569268,34.0300331116,108.756576538,20.0,0.136635004177,-0.0410370376959,-0.721534681347,0.677521019841,-2.45898222923,-1.43765199184,-0.0260959267616,-1.60830748081,-1.12636876106,11.8963651657,260.718077282
1900,380.995551157,8.7,16.0,96755.75,14.5380001068,18.2099990845,0.409999996424,38.2181167603,16.2846412659,19.3584499359,34.0301655,108.756921,34.0300331116,108.756576538,20.0,0.147304362974,-0.0185859172563,-0.77271974108,0.617138843413,-2.83650660515,-1.51861870289,-0.0524565130472,1.32523870468,1.81344544888,3.86479139328,264.736968635
1901,381.21254282,8.7,16.0,96749.75,14.5360002518,18.1599998474,0.409999996424,37.4646034241,16.019203186,19.3865509033,34.0301635,108.7569144,34.0300331116,108.756576538,20.0,0.147535612195,-6.30832955087e-05,-0.820591701588,0.552143629879,-3.19819259644,-1.60631608963,0.0386189706624,-0.259269505739,2.4252409935,3.37952852249,263.973762354
1902,381.389533567,8.7,16.0,96756.75,14.529999733,17.8500003815,0.409999996424,36.708065033,15.7679672241,19.4304180145,34.0301614,108.7569069,34.0300331116,108.756576538,20.0,0.153644302661,0.0147702787669,-0.85438015569,0.496195374354,-3.49766373634,-1.72507238388,0.0310740228742,-4.42040109634,3.26154971123,16.8869667053,259.360500776
1903,381.592528152,8.7,16.0,96753.25,14.5290002823,17.6499996185,0.409999996424,35.9388122559,15.5110797882,19.4807243347,34.0301591,108.7568986,34.0300331116,108.756576538,20.0,0.181139052168,0.0313242648464,-0.886221741492,0.425227604674,-3.75552821159,-1.84169650078,0.0297837164253,-3.88249921799,0.493260145187,21.9039363861,256.43684944
1904,381.794522095,8.7,12.0,96750.25,14.5419998169,17.2299995422,0.409999996424,35.0514068604,15.2099304199,19.5271606445,34.0301567,108.7568897,34.0300331116,108.756576538,20.0,0.189612022785,0.0549468358669,-0.915042135825,0.35174706096,-4.16110706329,-2.0514421463,0.0494410544634,-1.67997574806,-0.509453892708,10.1480474472,250.558650188
1905,381.996516037,8.7,12.0,96757.75,14.545999527,16.9400005341,0.409999996424,34.2638626099,14.9478359222,19.5626602173,34.030154,108.7568801,34.0300331116,108.756576538,20.0,0.204496767124,0.0663522419577,-0.938095387216,0.271580025096,-4.44188022614,-2.24299812317,-0.00971123017371,0.516614019871,-1.59875118732,4.6536564827,246.409239755
1906,382.213510561,8.7,12.0,96753.0,14.5419998169,17.0699996948,0.409999996424,33.0868644714,14.5249156952,19.5891876221,34.0301509,108.7568698,34.0300331116,108.756576538,20.0,0.206590122065,0.085126276404,-0.955546563796,0.192366603827,-4.90928077698,-2.54098892212,-0.0345524102449,-1.99977791309,2.94221711159,0.0288411807269,248.231932437
1907,382.395507145,8.7,12.0,96747.75,14.5249996185,17.0400009155,0.40000000596,32.17345047,14.1830568314,19.6020145416,34.0301474,108.7568587,34.0300331116,108.756576538,20.0,0.197574547651,0.106195196215,-0.956963962312,0.18413869606,-5.30725049973,-2.88458323479,-0.0277278609574,-5.19667482376,2.22880673409,13.7405185699,247.506006798
1908,382.59250621800004,8.7,12.0,96750.25,14.5209999084,16.5100002289,0.40000000596,30.8286190033,13.6283979416,19.6122493744,34.0301433,108.7568468,34.0300331116,108.756576538,20.0,0.187302678417,0.105958886738,-0.958025599279,0.189413247711,-5.5500793457,-3.1518008709,-0.0879678204656,-1.20305228233,-0.895687162876,15.0664825439,239.741711812
1909,382.789498615,7.9,11.0,96756.25,14.5190000534,16.0300006866,0.40000000596,29.6040821075,13.0726203918,19.6237678528,34.0301387,108.7568344,34.0300331116,108.756576538,20.0,0.171305215131,0.088041181423,-0.961384197343,0.196579982125,-5.8122549057,-3.48374819756,-0.139008149505,-2.91578555107,1.90296697617,17.2480239868,232.739580826
1910,382.991497564,7.9,11.0,96749.75,14.5249996185,15.5699996948,0.40000000596,28.3757553101,12.4909105301,19.6255149841,34.0301334,108.7568213,34.0300331116,108.756576538,20.0,0.138659488533,0.0595481205885,-0.967641402767,0.20223162163,-5.96425056458,-3.63327312469,-0.158752426505,-1.15635025501,0.617987394333,6.68223142624,226.154239628
1911,383.19449882500004,7.9,11.0,96753.25,14.5290002823,15.0900001526,0.40000000596,27.0526218414,11.8493671417,19.6257209778,34.0301277,108.7568079,34.0300331116,108.756576538,20.0,0.108951692304,0.0515037202006,-0.970305547208,0.209723603274,-6.03799533844,-3.70180463791,-0.163540571928,-2.31895160675,-3.83684492111,9.74268341064,219.242616477
1912,383.39649539,7.9,11.0,96753.0,14.5340003967,14.5600004196,0.40000000596,25.7564029694,11.1988754272,19.6340026855,34.0301218,108.7567943,34.0300331116,108.756576538,20.0,0.100697959056,0.0433145032413,-0.970510128011,0.21469490835,-6.05423784256,-3.72775506973,-0.146952793002,0.341046094894,1.55677318573,3.36669254303,211.615051875
1913,383.593488503,7.9,11.0,96751.25,14.5559997559,14.1800003052,0.40000000596,24.7187194824,10.6657094955,19.6405715942,34.0301158,108.7567806,34.0300331116,108.756576538,20.0,0.111551204553,0.0370969896122,-0.969432854563,0.215360491381,-6.06808280945,-3.72412705421,-0.16243891418,-2.01885676384,-2.36740875244,15.5773897171,206.40408098
1914,383.790481377,6.8,14.0,96754.25,14.5679998398,13.8400001526,0.409999996424,23.2070198059,9.90032291412,19.6367588043,34.0301098,108.7567671,34.0300331116,108.756576538,20.0,0.0836748759185,0.0254197231777,-0.972338247565,0.216588945575,-6.07775735855,-3.69793915749,-0.204471513629,-0.261809408665,-0.0785750150681,-1.28634786606,201.621120005
1915,383.99247365,6.8,14.0,96757.75,14.5810003281,13.6700000763,0.409999996424,21.938041687,9.25686740875,19.629076004,34.0301037,108.7567532,34.0300331116,108.756576538,20.0,0.0349040212541,0.0198530115489,-0.975440339909,0.216572845479,-5.96474933624,-3.59884428978,-0.149683237076,-1.20324921608,3.21208286285,4.16669750214,199.322275597
1916,384.194469738,6.8,14.0,96756.9921875,14.5889997482,13.5699996948,0.40000000596,20.6648292542,8.6071100235,19.6122303009,34.0300977,108.7567397,34.0300331116,108.756576538,20.0,0.000157393454497,0.0116563431584,-0.976273878132,0.216225766181,-5.7713766098,-3.48924398422,-0.139224678278,-3.62882351875,0.262550979853,6.71106719971,197.972722131
1917,384.391463327,6.8,14.0,96753.25,14.5719995499,13.8199996948,0.40000000596,19.4423427582,7.97920179367,19.5865383148,34.030092,108.7567265,34.0300331116,108.756576538,20.0,-0.00167670140326,0.00557635897661,-0.977299479544,0.211782561117,-5.4798951149,-3.29139852524,-0.18492975831,-1.92397511005,2.16232943535,1.2838037014,201.385029332
1918,384.61445241,6.8,14.0,96751.5,14.5670003891,14.0600004196,0.40000000596,18.2635154724,7.38703393936,19.5563583374,34.0300865,108.756714,34.0300331116,108.756576538,20.0,0.00385515568736,-0.00110501076639,-0.977897248296,0.209047778558,-5.21855258942,-3.10550045967,-0.182743415236,-3.96161484718,-2.97087001801,18.1111545563,204.812031583
1919,384.791452456,5.0,8.0,96753.25,14.5679998398,14.0900001526,0.40000000596,17.1420154572,6.82699728012,19.5212860107,34.0300814,108.7567019,34.0300331116,108.756576538,20.0,0.00458220619329,0.000792145572587,-0.978293765847,0.207170810807,-4.9645190239,-2.91677570343,-0.194937735796,-1.9409725666,0.425633311272,18.8077850342,205.263119965
1920,384.99344949700003,5.0,8.0,96750.5,14.5760002136,14.2700004578,0.40000000596,16.1229972839,6.32763910294,19.4919872284,34.0300765,108.7566906,34.0300331116,108.756576538,20.0,0.00655063079514,-0.00207950673701,-0.978462395388,0.20631097295,-4.77579545975,-2.75896024704,-0.217732787132,-0.318738937378,3.4776096344,7.01865720749,207.999529721
1921,385.19044284800003,5.0,8.0,96750.9921875,14.5780000687,14.3999996185,0.40000000596,15.083316803,5.82867717743,19.4705314636,34.0300721,108.7566799,34.0300331116,108.756576538,20.0,0.00190836501346,-0.00350971311993,-0.979001116405,0.203815542343,-4.52063274384,-2.55269837379,-0.180963099003,-3.03184580803,1.02852296829,15.3614692688,209.923195428
1922,385.39243607500003,5.0,8.0,96750.5,14.5839996338,14.4799995422,0.40000000596,14.1824026108,5.4011220932,19.4540042877,34.0300679,108.7566698,34.0300331116,108.756576538,20.0,0.00286800076262,0.000248585158286,-0.979305627386,0.202366997307,-4.22002983093,-2.34815740585,-0.224987328053,-4.80626583099,0.0979045554996,15.8680706024,211.176308021
1923,385.594432402,5.0,8.0,96754.25,14.5729999542,14.6099996567,0.40000000596,13.2970523834,4.98515081406,19.4375267029,34.030064,108.7566602,34.0300331116,108.756576538,20.0,-0.00182410749522,0.000603554930272,-0.979834191013,0.199803162365,-3.9655008316,-2.21918606758,-0.190476313233,0.116255126894,3.82524418831,9.37819957733,212.911524328
1924,385.796434212,7.1,346.0,96753.75,14.5780000687,14.8000001907,0.409999996424,12.491894722,4.61177825928,19.4266452789,34.0300604,108.7566515,34.0300331116,108.756576538,20.0,0.00325377794639,-0.00492713937654,-0.980245923576,0.197694681975,-3.66510629654,-2.00405550003,-0.169521957636,-0.776900351048,0.721542000771,9.60349941254,215.754403797
1925,385.99443273500003,7.1,346.0,96744.75,14.5900001526,14.9899997711,0.409999996424,11.7120885849,4.25630187988,19.4191207886,34.0300571,108.7566432,34.0300331116,108.756576538,20.0,-0.00619063793376,-0.00379668014546,-0.980661196474,0.19557836227,-3.37179279327,-1.8349032402,-0.13147585094,-2.81298875809,-3.0733833313,15.9466915131,218.704098948
1926,386.191430378,7.1,346.0,96749.0,14.6000003815,15.0200004578,0.409999996424,11.0163288116,3.93711233139,19.4193439484,34.030054,108.7566357,34.0300331116,108.756576538,20.0,1.38788255058e-05,-0.0115421126866,-0.980930177662,0.194017411589,-3.09639716148,-1.67728888988,-0.143906280398,0.0360513776541,2.82879042625,6.43175363541,219.292012413
1927,386.393428373,7.1,346.0,96756.0,14.6040000916,15.0500001907,0.409999996424,10.4112195969,3.66272377968,19.4198074341,34.0300513,108.7566288,34.0300331116,108.756576538,20.0,0.0049005204313,-0.0104328981837,-0.981519011282,0.191017272471,-2.90897011757,-1.53643417358,-0.20219540596,-2.6057882309,0.4112226367,17.7312965393,219.790204163
1928,386.595427799,7.1,346.0,96759.25,14.5830001831,15.1899995804,0.409999996424,9.84220409393,3.41256856918,19.4083328247,34.0300488,108.7566225,34.0300331116,108.756576538,20.0,0.00715944078711,-0.00500347061191,-0.982145566332,0.187919731987,-2.63755178452,-1.37108719349,-0.213187858462,-1.35434138775,1.40443873405,-0.195123612881,221.515766662
1929,386.792423773,10.6,4.0,96770.2421875,14.5740003586,15.5600004196,0.409999996424,9.30724430084,3.17612171173,19.3888950348,34.0300465,108.7566168,34.0300331116,108.756576538,20.0,0.00755862832429,-0.00135126484175,-0.982344373017,0.186924602747,-2.43156075478,-1.24485528469,-0.173399969935,-2.95773148537,2.04516434669,8.88993740082,226.771451695
1930,386.994421053,10.6,4.0,96772.0,14.5810003281,15.8500003815,0.409999996424,8.82159137726,2.95562815666,19.349905014,34.0300444,108.7566114,34.0300331116,108.756576538,20.0,0.0281449719882,0.0124698096034,-0.981784114959,0.18749000272,-2.27297139168,-1.18167591095,-0.196770578623,-0.877798557281,-2.27416944504,13.5928125381,231.108860762
1931,387.191416788,10.6,4.0,96771.75,14.5649995804,16.4799995422,0.40000000596,8.37353229523,2.74984645844,19.2907047272,34.0300423,108.7566066,34.0300331116,108.756576538,20.0,0.0619880253564,0.010012816264,-0.979974582165,0.188963119369,-2.20553016663,-1.14239764214,-0.134265705943,-1.78138577938,0.959772109985,6.83093881607,240.031186417
1932,387.393409538,10.6,4.0,96770.0,14.5450000763,17.0,0.40000000596,7.91402292252,2.53180646896,19.2335929871,34.0300403,108.756602,34.0300331116,108.756576538,20.0,0.0726748671927,0.00914013152129,-0.979073103223,0.18987049887,-2.2359316349,-1.12235832214,-0.105765394866,1.52271127701,-0.188086971641,1.01403748989,247.265001297
1933,387.793402958,10.6,4.0,96771.75,14.5369997025,17.9699993134,0.409999996424,7.05174303055,2.11705064774,19.158788681,34.0300362,108.7565929,34.0301933289,108.756156921,20.0,0.0979353938211,-0.0246989119694,-0.98850502001,0.112501234031,-2.34208250046,-1.02398598194,0.0442977324128,-2.76707172394,-0.0750806629658,12.9680480957,261.229874671
1934,387.99539785400003,11.4,7.0,96770.4921875,14.5469999313,18.4400005341,0.409999996424,6.57260608673,1.92713153362,19.1347332001,34.0300342,108.756588,34.0301933289,108.756156921,20.0,0.134052790575,-0.0644639656798,-0.988407028587,0.0304289709537,-2.57976555824,-0.761266112328,0.101270399988,-0.105601124465,0.044192045927,5.05166625977,268.246686503
1935,388.19239454300003,11.4,7.0,96767.2421875,14.531999588,19.2299995422,0.409999996424,6.0738286972,1.80586922169,19.1240940094,34.0300325,108.7565828,34.0301933289,108.756156921,20.0,0.171113046575,-0.0909545823263,-0.979636985909,-0.0525267743622,-2.90762329102,-0.379552602768,0.179753601551,-1.17171764374,0.684461772442,7.13843679428,279.450345425
1936,388.39439253800003,11.4,7.0,96768.2421875,14.5209999084,19.9300003052,0.40000000596,5.47992515564,1.74301159382,19.1262798309,34.0300312,108.756577,34.0301933289,108.756156921,20.0,0.209318113713,-0.0944014964773,-0.963905927583,-0.134758478967,-3.35157871246,0.084580026567,0.192674398422,-3.1127679348,0.833356678486,18.3051071167,289.403532607
1937,388.59638433500004,11.4,7.0,96769.0,14.5120000839,20.3799991608,0.40000000596,4.8193602562,1.7532094717,19.1319961548,34.0300306,108.7565703,34.0301933289,108.756156921,20.0,0.227870245002,-0.087506762018,-0.945908464626,-0.213717059317,-3.76599884033,0.482201099396,0.223434314132,0.161301210523,0.360607385635,9.43198394775,295.754549531
1938,388.793380308,11.4,7.0,96767.75,14.4960002899,20.8299999237,0.40000000596,4.02891349792,1.83753144741,19.1365966797,34.0300307,108.7565625,34.0301933289,108.756156921,20.0,0.244725507291,-0.0675130768011,-0.939275857222,-0.230894892512,-4.27549314499,0.910185158253,0.15414096415,-0.0519053079188,-0.784187018871,6.38867092133,301.951684933
1939,388.990369129,10.5,10.0,96762.0,14.484000206,21.2299995422,0.40000000596,3.15626335144,1.98754274845,19.1447372437,34.0300316,108.7565536,34.0301933289,108.756156921,20.0,0.243214363648,-0.0747937446839,-0.938117703972,-0.234921223097,-4.77021217346,1.27155649662,0.200539290905,-3.88573241234,-0.765478253365,16.2895317078,307.495317743
1940,389.193367767,10.5,10.0,96764.2421875,14.4779996872,21.5300006866,0.40000000596,2.23563742638,2.19975948334,19.1595954895,34.0300332,108.7565434,34.0301933289,108.756156921,20.0,0.245944141269,-0.0905405132473,-0.936498485273,-0.232990159865,-5.24133014679,1.68454420567,0.204871550202,-3.35099196434,-1.0996183157,17.802110672,311.711343207
1941,389.395349789,10.5,10.0,96763.0,14.4659996033,21.7999992371,0.40000000596,1.14665031433,2.50347709656,19.1859607697,34.0300354,108.7565322,34.0301933289,108.756156921,20.0,0.241915244994,-0.104244977241,-0.936463187287,-0.231617668817,-5.65975284576,2.07537865639,0.169043511152,-2.22912836075,1.19448518753,9.34813022614,315.358780315
1942,389.592344809,10.5,10.0,96762.2421875,14.4569997787,21.8299999237,0.40000000596,0.0551570802927,2.8660993576,19.2105712891,34.0300383,108.7565199,34.0301933289,108.756156921,20.0,0.233855750766,-0.113120455529,-0.937107781188,-0.233118349505,-6.06990861893,2.55859422684,0.157269015908,0.314177542925,-1.83299589157,-4.81638431549,315.596304067
1943,389.79433898900004,10.5,10.0,96762.0,14.4530000687,21.4300003052,0.40000000596,-1.17093753815,3.32243895531,19.2418785095,34.0300421,108.7565067,34.0301933289,108.756156921,20.0,0.212307916316,-0.106883001173,-0.942517160607,-0.234868033774,-6.32816743851,2.9382712841,0.127161502838,0.0487676002085,1.70497345924,-2.11108088493,309.727795882
1944,389.991331625,9.0,11.0,96761.0,14.4519996643,20.8199996948,0.389999985695,-2.42418670654,3.83609247208,19.2725009918,34.0300467,108.756493,34.0301933289,108.756156921,20.0,0.187413400822,-0.095373344852,-0.948654921862,-0.236292260079,-6.48945188522,3.21570301056,0.112006016076,-2.62459802628,0.898130476475,1.24919521809,300.8906286
1945,390.214325714,9.0,11.0,96758.2421875,14.4510002136,19.8500003815,0.389999985695,-3.51406764984,4.31471586227,19.2986297607,34.0300518,108.7564784,34.0301933289,108.756156921,20.0,0.150734647559,-0.075859095842,-0.955723285532,-0.241075505916,-6.56818437576,3.41311860085,0.0664065480232,-1.6823091507,1.24166989326,3.70387244225,286.852359753
1946,390.395322609,9.0,11.0,96761.9921875,14.4479999542,18.75,0.389999985695,-5.07966470718,5.03401613235,19.3288631439,34.0300575,108.7564637,34.0301933289,108.756156921,20.0,0.11546275083,-0.0517774192007,-0.961331513782,-0.244599909683,-6.57697725296,3.47837138176,0.0622319988906,-1.59426403046,-0.100138381124,7.0659866333,270.899999142
1947,390.593318748,9.0,11.0,96759.25,14.4650001526,17.9699993134,0.389999985695,-6.45054101944,5.69650316238,19.3611412048,34.0300635,108.756449,34.0301933289,108.756156921,20.0,0.116200700001,-0.053510076143,-0.960731089779,-0.246231161307,-6.54313182831,3.51238679886,0.0907590016723,-2.84043717384,-2.2993273735,16.7940731049,259.93604281
1948,390.795307922,9.0,11.0,96758.5,14.4879999161,16.9699993134,0.40000000596,-7.86050033569,6.40006685257,19.405210495,34.0300695,108.7564343,34.0301933289,108.756156921,20.0,0.119180685022,-0.0520699367686,-0.960316069761,-0.246734521119,-6.51926469803,3.58521294594,0.131291776896,-4.36622524261,0.638882637024,19.926235199,245.861348628
1949,390.992307472,6.7,14.0,96760.7421875,14.4940004349,16.3199996948,0.389999985695,-9.1652765274,7.0743060112,19.4369163513,34.0300757,108.7564197,34.0301933289,108.756156921,20.0,0.124853885274,-0.0520201060228,-0.960033011527,-0.2450349916,-6.49240112305,3.63544225693,0.0358214341104,-2.84925508499,1.47879171371,8.34373855591,236.542082674
1950,391.194300938,6.7,14.0,96760.25,14.5030002594,15.8900003433,0.389999985695,-10.5398178101,7.79865980148,19.4522342682,34.030082,108.7564052,34.0301933289,108.756156921,20.0,0.130817377213,-0.0455826200888,-0.960453552781,-0.241533009957,-6.49272251129,3.69334864616,-0.0240781325847,-1.90737831593,0.533774912357,6.06522226334,230.452679101
1951,391.39629941,6.7,14.0,96756.4921875,14.4949998856,15.7600002289,0.389999985695,-11.6748313904,8.40629005432,19.4541702271,34.0300884,108.7563907,34.0301933289,108.756156921,20.0,0.130162354601,-0.0407717548947,-0.960720932388,-0.241683389912,-6.53712368011,3.74234890938,-0.0579852610827,1.03181695938,-1.4517223835,8.04054737091,228.441201514
1952,391.593296814,6.7,14.0,96757.25,14.4960002899,15.5600004196,0.389999985695,-13.2943983078,9.27967262268,19.4612140656,34.030095,108.7563762,34.0301933289,108.756156921,20.0,0.126090141903,-0.036744439127,-0.960921467093,-0.243682330644,-6.55914640427,3.74441766739,-0.0293968748301,-3.11961174011,3.92084264755,6.42876911163,225.557770594
1953,391.816287088,6.7,14.0,96756.9921875,14.5120000839,15.0799999237,0.389999985695,-14.5947704315,9.98874282837,19.4729690552,34.0301015,108.7563616,34.0301933289,108.756156921,20.0,0.0991546178548,-0.0264181029936,-0.964291655541,-0.244155766193,-6.55630683899,3.7254486084,-0.000164134864463,-2.75880765915,2.83372926712,8.68853282928,218.840960158
1954,391.993282604,5.0,10.0,96754.75,14.5190000534,14.5900001526,0.389999985695,-15.9493236542,10.7281866074,19.4880714417,34.0301081,108.7563471,34.0301933289,108.756156921,20.0,0.0577573576301,-0.0213720649702,-0.967488999762,-0.245300390305,-6.46326732635,3.67961740494,0.0243454445153,-2.7124080658,0.653663873672,5.16051626205,211.832212995
1955,392.195274878,5.0,10.0,96751.75,14.5200004578,13.9600000381,0.389999985695,-17.30519104,11.4698734283,19.5160579681,34.0301145,108.7563327,34.0301933289,108.756156921,20.0,0.0186632190217,-0.0162791657428,-0.968760738769,-0.246757744033,-6.2605304718,3.57923436165,0.0380475372076,-4.29420423508,1.30126333237,14.6879320145,202.699206944
1956,392.39226536800004,5.0,10.0,96757.5,14.5310001373,13.8000001907,0.389999985695,-18.5138511658,12.1415634155,19.5414161682,34.0301208,108.7563187,34.0301933289,108.756156921,20.0,0.00418611480311,-0.00613020157558,-0.96935104753,-0.245567685618,-5.92910575867,3.42196917534,-0.00136058533099,-1.88812637329,-1.856372118,5.94698238373,200.527804667
1957,392.594261694,5.0,10.0,96757.25,14.5520000458,13.5799999237,0.389999985695,-19.735332489,12.8233938217,19.5558662415,34.0301269,108.7563053,34.0301933289,108.756156921,20.0,0.00148290130345,0.00788450643989,-0.969809858123,-0.24373025161,-5.68543243408,3.28546905518,-0.0351319722831,-1.11931586266,-1.10163545609,11.5165901184,197.616159511
1958,392.796253014,5.0,10.0,96757.25,14.5590000153,13.6000003815,0.389999985695,-20.9379749298,13.4819946289,19.5520305634,34.0301327,108.7562925,34.0301933289,108.756156921,20.0,-0.00477075065517,0.00399021332894,-0.97015841256,-0.242392594932,-5.33149433136,3.05305743217,-0.0807633027434,-4.50010967255,2.52992749214,12.4875030518,198.002405761
1959,392.993248987,4.1,6.0,96761.5,14.5690002441,13.75,0.389999985695,-22.0192661285,14.0670032501,19.5464229584,34.0301381,108.7562805,34.0301933289,108.756156921,20.0,-0.00961880496899,0.00661741362906,-0.96973513176,-0.243880252244,-5.04648113251,2.83545732498,-0.0807137042284,-3.07070374489,-4.83433055878,14.5374412537,200.323753357
1960,393.19524436,4.1,6.0,96757.7421875,14.5620002747,13.8000001907,0.389999985695,-23.0539073944,14.6308279037,19.5382862091,34.0301432,108.7562691,34.0301933289,108.756156921,20.0,-0.0134378153709,0.00935900142269,-0.969009236588,-0.246481176413,-4.72498416901,2.61281490326,-0.0977487117052,-3.26211643219,3.37311410904,5.29604434967,200.955606568
1961,393.39224271800003,4.1,6.0,96757.75,14.5620002747,13.8199996948,0.389999985695,-23.977098465,15.1269693375,19.5178470612,34.0301479,108.7562584,34.0301933289,108.756156921,20.0,-0.0144710239594,0.00525508803839,-0.968107336177,-0.250062520571,-4.40747594833,2.45969986916,-0.102598890662,-1.86542034149,0.754662573338,10.9545516968,201.246839352
1962,393.595235634,4.1,6.0,96757.2421875,14.5570001602,13.9499998093,0.379999995232,-24.906621933,15.6200685501,19.4831809998,34.0301522,108.7562485,34.0301933289,108.756156921,20.0,-0.020678391064,0.0062714181312,-0.967542441966,-0.251783334249,-4.0827088356,2.24516582489,-0.165949761868,-1.78762722015,7.57163953781,6.6979227066,203.070149459
1963,393.81223349600003,4.1,6.0,96756.7421875,14.545999527,14.4200000763,0.379999995232,-25.6954212189,16.037519455,19.4452018738,34.0301562,108.7562393,34.0301933289,108.756156921,20.0,-0.0178060477766,0.0088334262705,-0.967459960584,-0.25224243987,-3.78993391991,2.04299902916,-0.173598945141,-2.17686676979,3.30595898628,13.5704879761,209.753314289
1964,393.994231033,2.7,8.0,96756.9921875,14.5399999619,14.5900001526,0.389999985695,-26.4616355896,16.4286441803,19.4105548859,34.0301597,108.7562308,34.0301933289,108.756156921,20.0,-0.0137492015561,0.0104347075347,-0.967662434044,-0.2516576102,-3.54312133789,1.8634608984,-0.181634709239,-2.33035540581,5.93257904053,18.2292823792,212.138601662
1965,394.191224384,2.7,8.0,96758.5,14.5480003357,14.9600000381,0.389999985695,-27.0451507568,16.7165203094,19.3832435608,34.0301628,108.756223,34.0301933289,108.756156921,20.0,-0.0123758777782,0.00930579003863,-0.968639945902,-0.247985987492,-3.24170136452,1.68409204483,-0.18889683485,-5.11982440948,-1.81847906113,16.8524684906,217.638085577
1966,394.393222857,2.7,8.0,96761.0,14.5500001907,15.3199996948,0.389999985695,-27.8020877838,17.0710430145,19.3408336639,34.0301656,108.7562158,34.0301933289,108.756156921,20.0,-0.00671890916717,0.00554170916341,-0.969928164326,-0.243235742637,-2.96179890633,1.49016320705,-0.170611530542,-2.81261491776,0.941353142262,19.5329151154,222.905998482
1967,394.610216904,2.7,8.0,96770.5,14.5539999008,15.5500001907,0.40000000596,-28.3822174072,17.3315639496,19.3143672943,34.030168,108.7562093,34.0301933289,108.756156921,20.0,-0.00267203429834,-0.00652386343043,-0.969755362247,-0.243977442877,-2.6402554512,1.30562710762,-0.0843754783273,-0.145230993629,0.752183616161,9.74631595612,226.314701234
1968,394.792213488,2.7,8.0,96775.0,14.5480003357,15.5699996948,0.389999985695,-28.8098125458,17.5168514252,19.2886238098,34.03017,108.7562034,34.0301933289,108.756156921,20.0,-0.00139460727782,-0.01131713248,-0.968097515961,-0.250314347991,-2.42407679558,1.18663930893,-0.069126881659,-2.74449324608,-2.04836678505,15.5602283478,226.512360787
1969,394.995206642,2.9,22.0,96769.4921875,14.5500001907,15.720000267,0.40000000596,-29.3731784821,17.7535991669,19.2333526611,34.0301718,108.756198,34.0301933289,108.756156921,20.0,0.000719211274419,-0.0117569381369,-0.965902929559,-0.25863624323,-2.21562337875,1.10874402523,-0.00473082251847,-2.75467658043,2.46506381035,6.47434806824,228.726006884
1970,395.1922019,2.9,22.0,96770.4921875,14.5609998703,15.970000267,0.40000000596,-29.7778015137,17.9195480347,19.1879730225,34.0301734,108.756193,34.0301933289,108.756156921,20.0,0.0077253908915,-0.0153961015154,-0.96400018901,-0.265343218747,-1.97220718861,1.00456917286,-0.0238028615713,-3.03553915024,-1.36023426056,17.8239822388,232.539171817
1971,395.414189148,2.9,22.0,96772.0,14.5620002747,16.3799991608,0.409999996424,-30.1672115326,18.0743904114,19.1389369965,34.0301748,108.7561886,34.0301933289,108.756156921,20.0,0.0181826397462,-0.0237785993122,-0.961206190128,-0.274201643367,-1.80768585205,0.943005740643,-0.00740803591907,-0.710096180439,-0.160050645471,14.7705821991,238.525552278
1972,395.596187878,2.9,22.0,96774.25,14.5520000458,16.8700008392,0.40000000596,-30.5270271301,18.2155590057,19.0920619965,34.0301761,108.7561845,34.0301933289,108.756156921,20.0,0.0129322520692,-0.0217361413014,-0.958168519242,-0.285085034397,-1.5875813961,0.884705960751,0.0177409760654,-0.201910585165,0.722886443138,0.671521067619,245.492252985
1973,395.793190765,2.9,22.0,96768.9921875,14.5380001068,17.1299991608,0.40000000596,-30.8219089508,18.3384990692,19.0625972748,34.0301772,108.7561809,34.0301933289,108.756156921,20.0,0.0168010871254,-0.0227878744177,-0.954341817205,-0.297372294804,-1.43506336212,0.833148062229,0.101786807179,-0.66466319561,-1.04386615753,8.40696620941,249.035929629
1974,395.990184355,7.4,351.0,96775.75,14.5399999619,17.3600006104,0.40000000596,-31.0577297211,18.4323158264,19.0450744629,34.0301783,108.7561776,34.0301933289,108.756156921,20.0,0.0196201248569,-0.0239110052832,-0.949614437015,-0.311890809372,-1.24190437794,0.754939615726,0.131540104747,-4.4782242775,0.0410307943821,22.1709308624,252.414408212
1975,396.192177105,7.4,351.0,96774.25,14.5340003967,18.0200004578,0.40000000596,-31.3357372284,18.5413208008,19.0285606384,34.0301791,108.7561747,34.030166626,108.756958008,20.0,0.0188363018052,-0.0279390872674,-0.938983589901,-0.342307663106,-1.12513899803,0.718243062496,0.130598545074,1.01573240757,-0.783726930618,3.78105282784,261.902693802
1976,396.39417247800003,7.4,351.0,96770.7421875,14.5329999924,18.0599994659,0.40000000596,-31.5106601715,18.6057662964,19.0268821716,34.03018,108.7561721,34.030166626,108.756958008,20.0,-0.01866470157,-0.0455472707367,-0.910973173703,-0.409517935874,-0.831427097321,0.649099469185,0.206186369061,-0.978957772255,-0.617383539677,9.23465442657,262.465972101
1977,396.592163372,7.4,351.0,96768.9921875,14.5220003128,18.0499992371,0.40000000596,-31.683921814,18.6900215149,19.0345058441,34.0301808,108.75617,34.030166626,108.756958008,20.0,-0.0549971104718,-0.073142975117,-0.872958802615,-0.479133002451,-0.516763329506,0.603142082691,0.207247078419,1.53107774258,0.350831180811,2.0876762867,262.122094567
1978,396.794156837,7.4,351.0,96766.0,14.517999649,18.2199993134,0.40000000596,-31.735496521,18.757774353,19.0476989746,34.0301815,108.7561686,34.030166626,108.756958008,20.0,-0.0799865900588,-0.0954054758971,-0.82579167439,-0.550061849517,0.07283770293,0.543166339397,0.178194046021,1.14898490906,0.242344632745,8.62758255005,264.517943637
1979,396.99115376500004,8.1,354.0,96771.25,14.5129995346,18.3999996185,0.40000000596,-31.7032356262,18.8056526184,19.0641384125,34.0301821,108.7561683,34.030166626,108.756958008,20.0,-0.0695217982354,-0.0998938972853,-0.776178216638,-0.618656140496,0.516144394875,0.49711433053,0.186805024743,-0.618778347969,-0.755763232708,9.66331386566,267.0391859
1980,397.193147945,8.1,354.0,96772.0,14.5209999084,18.2900009155,0.40000000596,-31.5514469147,18.8590068817,19.0921058655,34.0301826,108.7561691,34.030166626,108.756958008,20.0,-0.0559192137115,-0.107347193391,-0.719107853956,-0.684276075693,1.06880664825,0.431323826313,0.173850893974,-3.49569106102,-1.05547130108,18.0307998657,265.58910162
1981,397.410144138,8.1,354.0,96765.5,14.5240001678,18.1499996185,0.409999996424,-31.3191299438,18.890007019,19.1156368256,34.0301829,108.7561709,34.030166626,108.756958008,20.0,-0.0423589867703,-0.110063794854,-0.651617546989,-0.749323888494,1.50378358364,0.362630456686,0.168159604073,-0.847507715225,0.824878096581,4.12276649475,263.610597506
1982,397.592140484,8.1,354.0,96765.75,14.529999733,17.9899997711,0.409999996424,-31.014257431,18.8994979858,19.1336326599,34.0301831,108.7561739,34.030166626,108.756958008,20.0,-0.0347688925309,-0.119380308302,-0.593465337926,-0.795197119006,1.8855253458,0.295082718134,0.17127199471,-2.03674459457,-0.0213107764721,8.82808017731,261.39469187
1983,397.794136095,8.1,354.0,96770.2421875,14.517999649,18.0,0.409999996424,-30.6173057556,18.8939571381,19.155834198,34.0301831,108.7561778,34.030166626,108.756958008,20.0,-0.0230345118483,-0.123892078386,-0.527977280219,-0.839857299997,2.25471806526,0.224685013294,0.163993448019,-2.72661209106,0.186202138662,12.8449544907,261.323993683
1984,397.99213295,8.7,1.0,96767.25,14.5290002823,17.8999996185,0.409999996424,-30.1409835815,18.8693618774,19.1773452759,34.030183,108.7561824,34.030166626,108.756958008,20.0,-0.0110425586036,-0.131941288783,-0.46297111904,-0.876428836947,2.58536028862,0.184205338359,0.142358958721,0.241287305951,0.282092630863,1.23882865906,260.069099511
1985,398.194131899,8.7,1.0,96768.9921875,14.515999794,17.6900005341,0.40000000596,-29.6052913666,18.8351192474,19.1986198425,34.0301827,108.756188,34.030166626,108.756958008,20.0,0.00453877304271,-0.134509759878,-0.393405659304,-0.90946064975,2.90108537674,0.174618333578,0.179577708244,-2.31745147705,0.0550458878279,14.6492643356,256.788044108
1986,398.39113240200004,8.7,1.0,96766.5,14.5129995346,17.3899993896,0.40000000596,-29.0815601349,18.8041725159,19.213973999,34.0301824,108.7561942,34.030166626,108.756958008,20.0,0.01098533372,-0.140987930691,-0.322159973305,-0.936063382282,3.20060992241,0.188610464334,0.188411220908,-3.44030547142,-0.0862849503756,15.0669231415,252.381053049
1987,398.593131828,8.7,1.0,96767.2421875,14.5100002289,17.3500003815,0.40000000596,-28.3129787445,18.7508201599,19.2352218628,34.030182,108.756201,34.030166626,108.756958008,20.0,0.0124974994243,-0.159191439054,-0.246917185561,-0.955789666819,3.52498245239,0.199546530843,0.14586058259,-1.58563363552,-1.16039419174,14.5183048248,251.748509506
1988,398.79512696300003,8.7,1.0,96770.0,14.5170001984,17.5200004578,0.409999996424,-27.6727409363,18.7133235931,19.2507648468,34.0301817,108.7562086,34.030166626,108.756958008,20.0,0.0237858584484,-0.172916370611,-0.173024824989,-0.96932790891,3.86042261124,0.213811263442,0.18065135181,-3.31681895256,-0.272707045078,13.5181465149,254.337850121
1989,398.992123175,9.3,0.0,96765.5,14.5240001678,17.5699996948,0.40000000596,-26.7322692871,18.6664123535,19.266292572,34.0301813,108.756217,34.030166626,108.756958008,20.0,0.0319877141939,-0.181292324451,-0.101832349386,-0.977619584858,4.25189161301,0.256943941116,0.148105204105,-1.44726336002,-0.112286046147,10.7634792328,255.186678517
1990,399.194117355,9.3,0.0,96755.75,14.517999649,17.7199993134,0.409999996424,-25.8114776611,18.631111145,19.2712745667,34.0301811,108.7562261,34.030166626,108.756958008,20.0,0.0392580719038,-0.193445721199,-0.0304107213682,-0.979853452123,4.75364351273,0.315979540348,0.102056875825,-1.24252021313,-0.142515867949,7.5995221138,257.258943812
1991,399.39211158800003,9.3,0.0,96763.7421875,14.5220003128,18.2199993134,0.409999996424,-24.9593639374,18.6142425537,19.2876300812,34.0301808,108.7562362,34.030166626,108.756958008,20.0,0.0497227972143,-0.195966545282,0.0186555859969,-0.979171473967,5.21116304398,0.379253983498,0.12026514858,0.586064219475,0.348634123802,1.50190842152,264.590835728
1992,399.594103384,9.3,0.0,96766.0,14.515999794,18.2700004578,0.409999996424,-23.7010231018,18.5923442841,19.3155174255,34.030181,108.7562472,34.030166626,108.756958008,20.0,0.0537885772496,-0.203002245144,0.0213343975414,-0.977467013266,5.66289901733,0.444654256105,0.0724764689803,-2.42138147354,0.832502365112,14.8989295959,265.207322881
1993,399.791096735,9.3,0.0,96766.75,14.5120000839,18.2999992371,0.40000000596,-22.5758037567,18.6097393036,19.326757431,34.0301811,108.7562592,34.030166626,108.756958008,20.0,0.0481133407786,-0.205963393159,0.0155775173565,-0.977252106486,6.02930164337,0.518630504608,0.0566192194819,-2.14782524109,-2.37135887146,15.0857133865,265.569590464
1994,399.993089962,9.0,0.0,96762.7578125,14.5050001144,18.0400009155,0.40000000596,-21.3123779297,18.6343631744,19.343837738,34.0301816,108.7562721,34.030166626,108.756958008,20.0,0.0311661878227,-0.189049472993,0.0100908827642,-0.981420977713,6.49083805084,0.582403182983,0.0519126653671,-1.41658306122,-0.134715080261,10.4544878006,261.670215344
1995,400.215081024,9.0,0.0,96757.25,14.4989995956,17.4799995422,0.389999985695,-19.9457588196,18.6725006104,19.3619880676,34.0301821,108.756286,34.030166626,108.756958008,20.0,0.0204527539592,-0.162581336422,0.00250453432591,-0.986480032527,6.76305294037,0.567984879017,0.0739885643125,-2.92684578896,-1.07490849495,12.606180191,253.442506295
1996,400.392084169,9.0,0.0,96758.25,14.4899997711,16.8199996948,0.389999985695,-18.6281356812,18.7132835388,19.3921890259,34.0301827,108.7563006,34.030166626,108.756958008,20.0,0.00996123905816,-0.139858648032,-0.00168397733225,-0.990119960805,6.91916131973,0.529267847538,0.0540530160069,-3.8119893074,2.25850844383,11.6881055832,243.721791728
1997,400.594083834,9.0,0.0,96753.75,14.4969997406,15.8699998856,0.389999985695,-17.1983070374,18.7558116913,19.4323692322,34.0301832,108.7563156,34.030166626,108.756958008,20.0,0.0119945505443,-0.111024260945,-0.00489936040515,-0.993733294421,7.03962135315,0.482636928558,0.0627286434174,-2.72547101974,-0.574001371861,12.6464776993,230.067384224
1998,400.79107956900003,9.0,0.0,96754.75,14.5100002289,15.4499998093,0.389999985695,-15.7842798233,18.7955665588,19.4627552032,34.0301837,108.756331,34.030166626,108.756958008,20.0,0.010184554135,-0.103322261555,-0.00588614456933,-0.994578380881,7.07752037048,0.41027367115,-0.00878776330501,-4.54744958878,-1.09714913368,18.1778182983,224.179500769
1999,400.994072723,9.4,4.0,96753.75,14.5150003433,15.029999733,0.389999985695,-14.5370807648,18.825553894,19.4859428406,34.0301841,108.7563465,34.030166626,108.756958008,20.0,0.00290413913336,-0.103145908604,-0.00244586591278,-0.994659049949,7.09795713425,0.376306980848,-0.00905641820282,-1.80017328262,0.367666900158,4.59664726257,218.160451284
2000,401.19106011400004,9.4,4.0,96756.5,14.5240001678,14.9600000381,0.40000000596,-13.0934391022,18.8501148224,19.5033874512,34.0301844,108.7563621,34.030166626,108.756958008,20.0,-0.000965874058968,-0.108117830077,0.00174028552186,-0.994136133999,7.13778018951,0.314784377813,-0.0807776227593,1.79114043713,-1.33385384083,6.68943786621,217.279043065
2001,401.393059063,9.4,4.0,96752.0,14.5240001678,14.8800001144,0.389999985695,-11.3789625168,18.8616676331,19.5125999451,34.0301844,108.7563777,34.030166626,108.756958008,20.0,-9.70115085599e-05,-0.108991128583,0.00684679768744,-0.994019134348,7.17969465256,0.243726700544,-0.150085121393,-3.19191741943,0.839797616005,10.9527053833,216.11712416
2002,401.59505682,9.4,4.0,96754.75,14.5209999084,14.9899997711,0.389999985695,-9.83782100677,18.8524532318,19.5144443512,34.0301845,108.7563933,34.030166626,108.756958008,20.0,-0.00277725604591,-0.110692628468,0.0109556096551,-0.993790445548,7.25139570236,0.146371021867,-0.122694857419,-0.893030822277,-5.2146897316,14.8673439026,217.669785304
2003,401.792055178,9.4,4.0,96750.75,14.5220003128,14.9200000763,0.389999985695,-8.40846729279,18.833650589,19.5167560577,34.0301844,108.7564092,34.030166626,108.756958008,20.0,-0.00455145924412,-0.111523964518,0.0126542962375,-0.993670748498,7.3079366684,0.0800455734134,-0.126518562436,-2.5833029747,-2.55724477768,12.4232568741,216.668245775
2004,401.994054604,8.4,8.0,96756.9921875,14.5380001068,14.7899999619,0.40000000596,-6.89035558701,18.8024291992,19.5177154541,34.0301842,108.756425,34.030166626,108.756958008,20.0,-0.000722260006219,-0.110733553058,0.0158124017432,-0.993724064261,7.3560423851,0.00938004814088,-0.104588545859,-1.06421506405,-3.77071213722,0.426164925098,215.017021025
2005,402.191052008,8.4,8.0,96751.7421875,14.5369997025,14.6400003433,0.389999985695,-5.40462446213,18.7561645508,19.5197753906,34.0301839,108.756441,34.030166626,108.756958008,20.0,-0.00187065626102,-0.106746018647,0.0199150181241,-0.994085136313,7.41333532333,-0.0552366673946,-0.109155654907,1.1324608326,2.1835000515,-0.501593410969,212.821680635
2006,402.414043236,8.4,8.0,96752.5,14.5349998474,14.5699996948,0.389999985695,-3.83590984344,18.6965904236,19.5253124237,34.0301834,108.7564571,34.030166626,108.756958008,20.0,0.00173009652124,-0.101241903649,0.0227150018581,-0.994601013738,7.43345928192,-0.117462664843,-0.0827247127891,-0.991023778915,-3.47572183609,11.4264297485,211.774943341
2007,402.596041012,8.4,8.0,96757.4921875,14.5340003967,14.3400001526,0.389999985695,-2.37963080406,18.633731842,19.5295944214,34.0301829,108.7564734,34.030166626,108.756958008,20.0,0.00517663398479,-0.102254323634,0.0241166374522,-0.994452488244,7.45419502258,-0.160974353552,-0.0988011211157,-2.57749199867,-2.25746273994,12.133389473,208.417567907
2008,402.793037701,8.4,8.0,96759.0,14.5410003662,14.3299999237,0.389999985695,-0.841497182846,18.5640869141,19.520362854,34.0301824,108.7564896,34.030166626,108.756958008,20.0,0.00595254692916,-0.105627652021,0.0224511625864,-0.994134448125,7.4704208374,-0.195613816381,-0.122929245234,-0.701558172703,-0.471477389336,1.75856494904,208.372534138
2009,402.995030928,6.2,6.0,96755.9921875,14.5450000763,14.5100002289,0.40000000596,0.661354660988,18.4953765869,19.5074157715,34.0301817,108.756506,34.030166626,108.756958008,20.0,0.00762801586637,-0.103470549973,0.0221589163388,-0.994356477723,7.49359607697,-0.203801825643,-0.127838507295,-5.06430673599,0.248184993863,18.5694465637,211.047954436
2010,403.192034292,6.2,6.0,96754.75,14.5469999313,14.6800003052,0.389999985695,2.20684838295,18.4182815552,19.4943180084,34.0301811,108.7565223,34.030166626,108.756958008,20.0,0.00298056717477,-0.106864793734,0.0225285442003,-0.994013823845,7.51932621002,-0.236933946609,-0.171145945787,-3.18227434158,-0.312118858099,22.5254764557,213.549963431
2011,403.414028454,6.2,6.0,96758.75,14.5480003357,14.6199998856,0.40000000596,3.74978971481,18.3383426666,19.4881572723,34.0301805,108.7565387,34.030166626,108.756958008,20.0,0.0125744911798,-0.10613573228,0.0215691976345,-0.994038184723,7.51576328278,-0.272331804037,-0.125483483076,-4.51819324493,3.12022542953,14.8889846802,212.691763243
2012,403.59102730800004,6.2,6.0,96757.9921875,14.5570001602,14.7100000381,0.40000000596,5.25725507736,18.2576313019,19.4881153107,34.0301798,108.7565552,34.030166626,108.756958008,20.0,0.0104886910622,-0.108473496795,0.0197992828781,-0.993846838031,7.52384138107,-0.277436345816,-0.129087850451,-2.20225453377,4.03298664093,16.7724170685,214.133472912
2013,403.793027449,6.2,6.0,96753.25,14.5570001602,14.6899995804,0.40000000596,6.57392835617,18.1867618561,19.4864673615,34.0301792,108.7565716,34.030166626,108.756958008,20.0,0.0153713349736,-0.109859290442,0.0179311659647,-0.993666533813,7.55380725861,-0.293587595224,-0.0827923342586,1.53372263908,-0.275933146477,1.96406912804,213.842326245
2014,403.996024179,4.8,356.0,96757.0,14.5609998703,14.6899995804,0.40000000596,8.35682106018,18.0996494293,19.4784641266,34.0301785,108.7565882,34.030166626,108.756958008,20.0,0.0166753426614,-0.10526683812,0.01789685843,-0.99414321467,7.58139181137,-0.261823445559,-0.122323930264,-3.89806818962,1.99235236645,17.4388561249,213.901081985
2015,404.193021584,4.8,356.0,96755.75,14.5520000458,14.6300001144,0.40000000596,9.87845230103,18.0278396606,19.4790058136,34.0301777,108.7566048,34.030166626,108.756958008,20.0,0.00957635930591,-0.102326990069,0.0194470616651,-0.994514654846,7.61980485916,-0.279195487499,-0.105563677847,-2.32163929939,-0.573240041733,10.6208715439,212.895762335
2016,404.395018148,4.8,356.0,96753.25,14.5609998703,14.4099998474,0.40000000596,11.4068517685,17.9526805878,19.4800224304,34.0301771,108.7566215,34.030166626,108.756958008,20.0,0.011622941781,-0.10381875143,0.0206884549411,-0.99431319291,7.64682626724,-0.267572313547,-0.120719224215,0.476371705532,-0.701871395111,0.0379193723202,209.824005909
2017,404.592012215,4.8,356.0,96758.5,14.5550003052,14.3199996948,0.389999985695,12.7454595566,17.895980835,19.4736614227,34.0301765,108.7566383,34.030166626,108.756958008,20.0,0.0109548826219,-0.100060453728,0.0211536297082,-0.994696181322,7.69162034988,-0.275673806667,-0.0960479006171,-3.89833474159,1.62779808044,17.1954574585,208.427599928
2018,404.794008064,4.8,356.0,96759.7421875,14.545999527,14.1999998093,0.389999985695,14.5646181107,17.82172966,19.4700431824,34.0301759,108.7566552,34.030166626,108.756958008,20.0,0.0101163210214,-0.0983638929274,0.0222902459188,-0.994849427263,7.69567632675,-0.258672505617,-0.0646457076073,-2.06045126915,2.48117089272,1.05036187172,206.553190509
2019,404.996004152,3.6,332.0,96754.5,14.5600004196,14.3100004196,0.389999985695,16.1154117584,17.7624988556,19.4622268677,34.0301755,108.7566722,34.030166626,108.756958008,20.0,0.00881955995734,-0.100919000837,0.024523986743,-0.994553261359,7.71401643753,-0.247988864779,-0.0975547581911,-1.38870763779,-0.36340379715,5.00507926941,208.353612114
2020,405.19300394100003,3.6,332.0,96759.25,14.5629997253,14.2399997711,0.40000000596,17.7063140869,17.7092399597,19.4535980225,34.0301751,108.7566891,34.030166626,108.756958008,20.0,0.00859276249714,-0.104024164633,0.0253581993156,-0.99421435855,7.71341991425,-0.233587250113,-0.0975549742579,-1.55896556377,-1.45883119106,9.32176685333,207.377112756
2021,405.390003252,3.6,332.0,96752.5,14.5520000458,14.2299995422,0.389999985695,19.0607089996,17.6698474884,19.4427700043,34.0301747,108.7567061,34.030166626,108.756958008,20.0,0.00696789611993,-0.106329302219,0.0265807108035,-0.993951193628,7.73985671997,-0.225503206253,-0.102156884968,-3.23123288155,-0.621666252613,16.4336719513,207.07495399
2022,405.61299734100004,3.6,332.0,96753.0,14.5480003357,14.2399997711,0.40000000596,20.8674545288,17.6250782013,19.4336891174,34.0301744,108.7567233,34.030166626,108.756958008,20.0,-0.000289572556872,-0.0677744373113,0.0299463895382,-0.997251123279,7.74016237259,-0.214839175344,-0.050847735256,-0.450679272413,0.453668355942,7.7299246788,207.163521451
2023,405.794994164,3.6,332.0,96757.4921875,14.5550003052,13.9499998093,0.389999985695,22.4175891876,17.5901851654,19.4467411041,34.0301741,108.7567404,34.030166626,108.756958008,20.0,-0.000245434928314,-0.0179451383035,0.0338452680534,-0.999265953372,7.61082983017,-0.194146588445,0.015890525654,-1.80968368053,1.57594370842,2.78365898132,203.042251481
2024,405.991995621,2.2,308.0,96758.75,14.5620002747,13.8500003815,0.389999985695,23.9573326111,17.5598297119,19.458568573,34.0301739,108.7567574,34.030166626,108.756958008,20.0,-0.00914936168111,0.0254073161992,0.0382995155914,-0.998901383132,7.25317907333,-0.187654167414,-0.0212604086846,1.61279463768,-4.12536525726,10.6387090683,201.683709359
2025,406.193991709,2.2,308.0,96762.9921875,14.5620002747,14.0900001526,0.389999985695,25.4306812286,17.533290863,19.4616775513,34.0301736,108.7567739,34.030166626,108.756958008,20.0,-0.0106060766207,0.0330264430318,0.0422545758557,-0.998504612701,6.84633207321,-0.221777096391,-0.0742942988873,0.707658231258,-3.01841115952,0.582203328609,205.178586092
2026,406.390986967,2.2,308.0,96761.0,14.5579996109,14.4600000381,0.389999985695,26.8054389954,17.5008544922,19.4530563354,34.0301733,108.7567894,34.030166626,108.756958008,20.0,-0.0136606628811,0.0361266716949,0.0484164029611,-0.998080236083,6.4349656105,-0.242482692003,-0.116919651628,-4.60996818542,0.423446387053,12.5444669724,210.508674929
2027,406.59298043300004,2.2,308.0,96763.9921875,14.5550003052,14.7899999619,0.389999985695,28.1379985809,17.4603595734,19.4331626892,34.030173,108.7568041,34.030166626,108.756958008,20.0,-0.00596518703245,0.0389837051396,0.0518318571239,-0.997876877539,6.04774188995,-0.240532711148,-0.121495202184,-4.08507871628,3.23026919365,15.6874694824,215.268453958
2028,406.789974737,2.2,308.0,96764.4921875,14.5539999008,14.9200000763,0.389999985695,29.3969326019,17.4102687836,19.4100646973,34.0301725,108.756818,34.030166626,108.756958008,20.0,-0.0134021183073,0.0382036736579,0.0508827943891,-0.997883705328,5.71059179306,-0.26324364543,-0.126255452633,-2.4813387394,1.5427082777,9.48818778992,217.145679631
2029,406.99296836900004,4.4,280.0,96765.5,14.5609998703,15.3000001907,0.40000000596,30.5525379181,17.3443984985,19.3746871948,34.0301722,108.756831,34.030166626,108.756958008,20.0,-0.0108837848398,0.0421924053029,0.0486269686163,-0.997866130092,5.2652258873,-0.323888063431,-0.142476916313,0.85514819622,1.27257668972,10.4452781677,222.783300793
2030,407.194955158,4.4,280.0,96757.9921875,14.5539999008,15.6800003052,0.389999985695,31.6805000305,17.2727165222,19.3365936279,34.0301717,108.7568429,34.030166626,108.756958008,20.0,-0.00541436986926,0.0377839608525,0.0472091064855,-0.998155468207,4.86115169525,-0.331318467855,-0.158835351467,-0.448713183403,-2.76262831688,9.89546585083,228.206722886
2031,407.391956377,4.4,280.0,96756.7421875,14.5550003052,16.1100006104,0.389999985695,32.6696739197,17.2027397156,19.3105354309,34.0301711,108.7568542,34.030166626,108.756958008,20.0,-0.00303109992905,0.0350750643607,0.0472450998942,-0.998262774084,4.50860261917,-0.350601673126,-0.167230457067,-4.69428348541,3.11940860748,8.47354888916,234.4810638
2032,407.59394841200003,4.4,280.0,96757.4921875,14.5399999619,16.3899993896,0.389999985695,33.606967926,17.1272029877,19.2999267578,34.0301706,108.7568645,34.030166626,108.756958008,20.0,0.000880953427575,0.0292742474032,0.0479280895743,-0.998421372675,4.13189697266,-0.365360021591,-0.0862663388252,-0.123407840729,-3.26530599594,10.8493843079,238.3105905
2033,407.790942955,4.4,280.0,96769.9921875,14.529999733,16.4799995422,0.389999985695,34.461025238,17.0588359833,19.3012123108,34.0301702,108.7568739,34.030166626,108.756958008,20.0,0.00423260516424,0.0417481314214,0.0460472864595,-0.998057518932,3.86762738228,-0.355372846127,-0.0738982111216,1.62351310253,-3.24987626076,6.8352432251,239.454388948
2034,408.012938786,7.6,16.0,96767.9921875,14.513999939,16.8899993896,0.389999985695,35.211025238,17.0016231537,19.2803783417,34.0301697,108.7568825,34.030166626,108.756958008,20.0,0.000373647617117,0.02824288241,0.0469054805889,-0.998499976547,3.39972877502,-0.344744920731,-0.114827811718,-1.73344421387,-4.82185983658,13.3946380615,245.14145011
2035,408.210934687,7.6,16.0,96768.5,14.5190000534,17.1100006104,0.389999985695,35.9047966003,16.9422359467,19.2440624237,34.0301694,108.7568903,34.030166626,108.756958008,20.0,0.0104727770049,-0.000640185274917,0.042344896552,-0.999048012018,3.10210061073,-0.323597192764,-0.0814995095134,-0.954386413097,-0.99714744091,12.8224315643,248.420099775
2036,408.412929583,7.6,16.0,96764.75,14.517999649,17.0400009155,0.389999985695,36.510181427,16.8975849152,19.2197284698,34.030169,108.7568973,34.030166626,108.756958008,20.0,0.0174563533988,0.00116715226093,0.0347325856551,-0.999243489102,2.87466454506,-0.297391146421,-0.0528139136732,-0.929440557957,1.04595148563,2.54811787605,247.386727311
2037,408.594929028,7.6,16.0,96768.0,14.5279998779,17.0799999237,0.389999985695,37.1029090881,16.8604564667,19.1952857971,34.0301688,108.7569037,34.030166626,108.756958008,20.0,0.015822500194,0.0112457021328,0.0274561851408,-0.999434582913,2.654753685,-0.271170556545,-0.025637704879,-2.15050292015,-0.084479123354,7.09201478958,248.138236807
2038,408.791923332,7.6,16.0,96768.5,14.5279998779,17.2000007629,0.40000000596,37.5914840698,16.8345375061,19.1890335083,34.0301686,108.7569095,34.030166626,108.756958008,20.0,0.015935540182,0.0145872891691,0.0196798387094,-0.99957290887,2.33367323875,-0.238320559263,0.030908934772,-2.6178085804,0.995854735374,10.6237297058,249.881608984
2039,408.993920851,9.9,13.0,96763.2421875,14.5360002518,17.0200004578,0.40000000596,38.0412063599,16.8192214966,19.1877841949,34.0301685,108.7569147,34.030166626,108.756958008,20.0,0.0131695704365,0.00753385322135,0.0170393386502,-0.999739726096,2.05965995789,-0.198181197047,0.01545787137,-2.1114051342,-0.044506072998,9.69721698761,247.402730939
2040,409.195917892,9.9,13.0,96762.2578125,14.5419998169,17.1599998474,0.409999996424,38.449962616,16.8155345917,19.1810340881,34.0301686,108.7569193,34.030166626,108.756958008,20.0,0.0107951007911,0.00684217651599,0.0222560648247,-0.999670647411,1.8545217514,-0.181301906705,0.0203463751823,-1.03814888,-2.8489048481,7.55495357513,249.540714639
2041,409.39291768100003,9.9,13.0,96759.0,14.5329999924,17.2800006866,0.409999996424,38.7821884155,16.8192024231,19.1834983826,34.0301687,108.7569234,34.030166626,108.756958008,20.0,0.00918713085501,0.000386816860916,0.039003241521,-0.999196790394,1.62196171284,-0.177321150899,-0.0143327927217,-2.1073050499,1.58903944492,10.45084095,251.130249847
2042,409.589916277,9.9,13.0,96764.75,14.5389995575,17.5799999237,0.409999996424,39.0496063232,16.8251972198,19.1918010712,34.0301688,108.756927,34.030166626,108.756958008,20.0,0.0040951221444,-0.00626959264582,0.0570270884056,-0.998344581117,1.44856953621,-0.17424108088,-0.00705875968561,-0.0448464639485,0.721754908562,7.02394533157,255.595611112
2043,409.791909981,9.9,13.0,96761.75,14.5310001373,17.8999996185,0.409999996424,39.3631973267,16.8370475769,19.2141056061,34.030169,108.7569302,34.0300178528,108.75655365,20.0,0.00768551700936,-0.00360415778663,0.0770953103241,-0.996987621182,1.31331455708,-0.176439449191,-0.0150644136593,0.571475625038,0.175599783659,6.8913974762,260.104896915
2044,409.99490242,8.8,18.0,96762.2578125,14.5229997635,17.9400005341,0.40000000596,39.5933036804,16.8495845795,19.230140686,34.0301692,108.756933,34.0300178528,108.75655365,20.0,-0.0283727826191,0.0240894333078,0.144234481359,-0.988843417057,1.09914767742,-0.190241217613,0.0170614868402,2.07538986206,-0.393751233816,-0.736573159695,260.542623513
2045,410.191899109,8.8,18.0,96763.9921875,14.5050001144,18.0699996948,0.40000000596,39.7680625916,16.849615097,19.240694046,34.0301693,108.7569355,34.0300178528,108.75655365,20.0,-0.0689756336891,0.0601578741925,0.217066132194,-0.971856846261,0.75716817379,-0.306865692139,-0.0113830575719,-2.66100597382,0.431757032871,16.6736526489,262.105347641
2046,410.393893051,8.8,18.0,96769.2421875,14.5089998245,18.5400009155,0.40000000596,39.860496521,16.8178634644,19.2449588776,34.0301694,108.7569373,34.0300178528,108.75655365,20.0,-0.0932122482371,0.0892576433564,0.29420441123,-0.946989173042,0.274855166674,-0.481011331081,0.00515251699835,-1.42104685307,-0.560798227787,14.4254465103,268.99687003
2047,410.590894508,8.8,18.0,96764.5,14.498000145,18.5300006866,0.40000000596,39.858707428,16.7580986023,19.2479572296,34.0301692,108.7569381,34.0300178528,108.75655365,20.0,-0.108612884325,0.081005133849,0.369108085431,-0.919456786399,-0.349770873785,-0.704951405525,0.0354785434902,-0.114281482995,0.2044056952,13.5629854202,268.647952641
2048,410.792899179,8.8,18.0,96767.75,14.5030002594,18.5200004578,0.40000000596,39.7653884888,16.6697292328,19.2521076202,34.0301687,108.7569378,34.0300178528,108.75655365,20.0,-0.122240569932,0.068901984047,0.44493585036,-0.884500927814,-0.718915224075,-0.878746628761,0.0418355874717,-0.342553198338,0.214864000678,2.78044891357,268.595571443
2049,410.994894314,7.6,16.0,96770.2421875,14.5109996796,18.5100002289,0.409999996424,39.5705299377,16.5375385284,19.259267807,34.0301678,108.7569363,34.0300178528,108.75655365,20.0,-0.12240445005,0.0609733268076,0.521164758456,-0.842429005863,-1.28235375881,-1.12477731705,0.0800497382879,-0.56154602766,0.825550615788,8.64125442505,268.59860739
2050,411.191888618,7.6,16.0,96769.4921875,14.5100002289,18.1900005341,0.409999996424,39.294593811,16.3761711121,19.2610797882,34.0301666,108.7569338,34.0300178528,108.75655365,20.0,-0.122584725292,0.0522557648579,0.596780419369,-0.791262057421,-1.69306516647,-1.28002846241,0.0676282048225,-0.723354816437,1.58448302746,12.7284927368,263.936911913
2051,411.388892698,7.6,16.0,96761.25,14.5030002594,18.1900005341,0.40000000596,38.909236908,16.1874961853,19.2591571808,34.030165,108.7569302,34.0300178528,108.75655365,20.0,-0.128346462901,0.0407185286934,0.667373466687,-0.732449307143,-2.09222412109,-1.3888553381,0.0300311259925,-2.3412103653,-0.171459183097,18.8219127655,263.809582464
2052,411.591891098,7.6,16.0,96761.75,14.4969997406,18.3500003815,0.40000000596,38.4690666199,15.9960823059,19.2524204254,34.0301633,108.7569257,34.0300178528,108.75655365,20.0,-0.136224193576,0.0321183483509,0.729461833153,-0.669549698137,-2.45093226433,-1.43761849403,0.0149501003325,-3.05397248268,-1.14790415764,18.5876941681,266.01995077
2053,411.793885279,7.6,16.0,96761.5,14.4829998016,18.7000007629,0.389999985695,37.9184570312,15.7855176926,19.2538528442,34.0301614,108.7569202,34.0300178528,108.75655365,20.0,-0.15307123723,0.00762212584429,0.780307116847,-0.606326559385,-2.85740756989,-1.49142563343,0.0999222919345,0.247500479221,0.230893135071,4.81072235107,270.83210734
2054,411.995876122,6.5,21.0,96754.25,14.4729995728,18.5,0.40000000596,37.2571334839,15.548406601,19.2801742554,34.0301594,108.7569138,34.0300178528,108.75655365,20.0,-0.151719924973,-0.0122252781981,0.820845025221,-0.550495414147,-3.13683247566,-1.59837865829,0.12868873775,-0.00695140659809,2.40570163727,2.87027430534,267.750492096
2055,412.192874002,6.5,21.0,96756.5,14.4689998627,18.1599998474,0.389999985695,36.5557746887,15.2986488342,19.3171577454,34.0301574,108.7569066,34.0300178528,108.75655365,20.0,-0.157255038978,-0.0260102057937,0.85634179646,-0.491195620156,-3.4399163723,-1.71625256538,0.143879801035,-1.4310451746,2.44075703621,10.0898637772,262.757035298
2056,412.394865799,6.5,21.0,96756.75,14.4619998932,18.0699996948,0.389999985695,35.809753418,15.0307979584,19.3530292511,34.0301551,108.7568987,34.0300178528,108.75655365,20.0,-0.174669236967,-0.0434591222494,0.886175379958,-0.426960430204,-3.79466557503,-1.92701423168,0.14121325314,-2.86025714874,1.72629213333,16.1465187073,261.328333656
2057,412.591863203,6.5,21.0,96752.25,14.470000267,17.6499996185,0.389999985695,34.9502601624,14.7243747711,19.4006233215,34.0301526,108.75689,34.0300178528,108.75655365,20.0,-0.188538089475,-0.0507589880216,0.912987666621,-0.35823225976,-4.13478088379,-2.1369099617,0.143921896815,-0.8641923666,0.42638322711,6.54991149902,255.395499193
2058,412.814860153,6.5,21.0,96758.5,14.4809999466,17.1900005341,0.389999985695,33.9855575562,14.3763751984,19.4580898285,34.0301499,108.7568807,34.0300178528,108.75655365,20.0,-0.195388685647,-0.0670898750269,0.938805898788,-0.275618620414,-4.49896097183,-2.3686068058,0.0768781304359,-1.26151800156,-0.137898653746,2.37997341156,248.928396816
2059,412.991858053,5.1,26.0,96760.0,14.486000061,17.0599994659,0.389999985695,33.1808128357,14.0675668716,19.4900817871,34.0301467,108.7568706,34.0300178528,108.75655365,20.0,-0.204381779985,-0.0794181970013,0.952868089427,-0.209674417902,-4.8724064827,-2.60047197342,-0.0183286946267,-3.01218485832,0.101573288441,19.2652759552,247.131153305
2060,413.193851042,5.1,26.0,96757.4921875,14.4890003204,17.5499992371,0.40000000596,31.9373683929,13.5749530792,19.5085906982,34.030143,108.7568597,34.0300178528,108.75655365,20.0,-0.198737273835,-0.103006428877,0.95546627405,-0.192295586387,-5.21769285202,-2.85944890976,-0.0053651696071,-1.30781948566,-2.25969648361,10.975982666,254.281944569
2061,413.410840559,5.1,26.0,96759.25,14.5069999695,17.2199993134,0.40000000596,30.7521152496,13.0648946762,19.5241889954,34.0301388,108.756848,34.0300178528,108.75655365,20.0,-0.183562469616,-0.103308031725,0.957389224013,-0.197581349099,-5.58537006378,-3.24661278725,-0.0493530184031,-3.76622009277,3.40009307861,13.9276885986,249.810529513
2062,413.592834997,5.1,26.0,96754.5,14.498000145,16.7900009155,0.40000000596,29.6093406677,12.5300922394,19.5332050323,34.0301341,108.7568356,34.0300178528,108.75655365,20.0,-0.163754541365,-0.0942123888364,0.960374906762,-0.204911528992,-5.74339914322,-3.48814201355,-0.0491762235761,-0.493826299906,1.34692883492,0.0823271200061,243.421435707
2063,413.814824867,5.1,26.0,96751.5,14.5069999695,16.2199993134,0.40000000596,28.3707485199,11.9158592224,19.5454177856,34.0301289,108.7568228,34.0300178528,108.75655365,20.0,-0.132254866604,-0.0564415475076,0.966979612951,-0.210413083569,-5.90964269638,-3.68427252769,-0.0709415450692,-0.749951303005,-0.195530503988,6.89988136292,235.303529544
2064,413.99181537600003,5.5,5.0,96745.75,14.5050001144,15.4499998093,0.389999985695,27.1427154541,11.2995624542,19.5741500854,34.0301233,108.7568097,34.0300178528,108.75655365,20.0,-0.106210727329,-0.048227632495,0.969555670479,-0.215302665905,-5.94672060013,-3.73913693428,-0.0128007186577,-2.95702695847,-2.82661747932,19.4477977753,224.102249002
2065,414.18882017100003,5.5,5.0,96751.75,14.515999794,14.6599998474,0.389999985695,25.8784770966,10.6551408768,19.6138591766,34.0301174,108.7567963,34.0300178528,108.75655365,20.0,-0.101113540153,-0.0423350078477,0.969995767871,-0.217007253046,-5.94296455383,-3.75176382065,-0.0191899556667,-2.00475668907,5.15947675705,3.93938350677,212.804554765
2066,414.391812372,5.5,5.0,96748.5,14.5310001373,14.1499996185,0.40000000596,24.6045951843,9.99332618713,19.652217865,34.0301114,108.7567829,34.0300178528,108.75655365,20.0,-0.113636419883,-0.033315532217,0.969434709024,-0.214880017308,-5.95919418335,-3.73555803299,-0.0861902087927,-3.25023984909,4.26010847092,3.85272073746,205.6136464
2067,414.59381156,5.5,5.0,96750.0,14.5450000763,13.75,0.389999985695,23.3485603333,9.34187412262,19.6802864075,34.0301054,108.7567695,34.0300178528,108.75655365,20.0,-0.121420492358,-0.0295151587893,0.969015390028,-0.213061422942,-6.00532817841,-3.72387290001,-0.131996750832,-3.48571276665,2.6728489399,11.5885353088,199.993751049
2068,414.795808125,5.5,5.0,96749.25,14.5539999008,13.4799995422,0.40000000596,22.0232486725,8.64919471741,19.6930675507,34.0300993,108.756756,34.0300178528,108.75655365,20.0,-0.108143500142,-0.0213770001027,0.971520092941,-0.209754244033,-6.05061388016,-3.71510839462,-0.185585290194,-1.2779699564,0.238138049841,7.28962612152,196.187912001
2069,414.99281125100003,7.7,355.0,96745.2421875,14.5609998703,13.2299995422,0.40000000596,20.7951431274,8.00556182861,19.6947498322,34.0300932,108.7567426,34.0300178528,108.75655365,20.0,-0.0761096746615,-0.0106873344276,0.975586463033,-0.20572841921,-6.02810621262,-3.65256381035,-0.205574497581,-3.36025261879,-0.502885103226,11.8642616272,192.642021619
2070,415.21480207400003,7.7,355.0,96755.75,14.5679998398,13.0500001907,0.389999985695,19.5258235931,7.33959579468,19.702205658,34.0300873,108.756729,34.0300178528,108.75655365,20.0,-0.0284401744421,-0.00769234512809,0.979335425208,-0.200085630544,-5.86132621765,-3.55753040314,-0.205698445439,1.04420816898,4.02713298798,3.41622757912,190.112400688
2071,415.41179924,7.7,355.0,96758.5,14.5640001297,12.7600002289,0.389999985695,18.3161067963,6.72211885452,19.7088413239,34.0300814,108.7567158,34.0300178528,108.75655365,20.0,-0.0103912388227,0.0071517783748,0.979962401726,-0.198783040044,-5.65338802338,-3.39450740814,-0.204200387001,-0.109605520964,0.637679159641,6.26949071884,185.836644988
2072,415.593797016,7.7,355.0,96758.8046875,14.5780000687,12.6800003052,0.389999985695,17.1205673218,6.11462450027,19.6969070435,34.0300758,108.756703,34.0300178528,108.75655365,20.0,-0.0088100752289,0.00941696292945,0.979938378022,-0.198883096662,-5.41806793213,-3.19882917404,-0.268871694803,0.197842121124,-3.98852944374,-0.967358827591,184.84904532
2073,415.790788221,7.7,355.0,96753.25,14.5819997787,12.7299995422,0.40000000596,15.9761428833,5.54087686539,19.6677684784,34.0300706,108.7566906,34.0300178528,108.75655365,20.0,-0.0107728721563,0.00963880047936,0.980004295694,-0.198450669997,-5.21713685989,-3.0279109478,-0.293752580881,1.33699798584,3.85225224495,5.63145589828,185.628850508
2074,415.993780184,10.5,7.0,96755.5,14.5939998627,13.0699996948,0.40000000596,14.9007978439,5.01789855957,19.629699707,34.0300656,108.7566788,34.0300178528,108.75655365,20.0,-0.00721440941487,0.00468157018746,0.980400897538,-0.196825318931,-4.98306322098,-2.83705615997,-0.332778900862,-4.18651151657,-3.9605576992,21.4124908447,190.743573751
2075,416.195777702,10.5,7.0,96749.75,14.5869998932,13.4799995422,0.40000000596,13.8769330978,4.52357530594,19.5972003937,34.030061,108.7566676,34.0300178528,108.75655365,20.0,-0.00198488245229,0.00755818150184,0.981035039021,-0.193673240424,-4.68323230743,-2.63664245605,-0.24802261591,-4.59356498718,-1.1368560791,19.3332843781,196.632751883
2076,416.392777491,10.5,7.0,96761.0,14.5880002975,13.5900001526,0.40000000596,12.8905105591,4.05397033691,19.5593280792,34.0300567,108.756657,34.0300178528,108.75655365,20.0,-0.00146613937009,0.00979221109784,0.981434801879,-0.191540314862,-4.41566181183,-2.43507599831,-0.268969029188,-3.6653316021,-0.182400047779,17.5828514099,198.25092627
2077,416.589778233,10.5,7.0,96753.5,14.5780000687,13.8699998856,0.40000000596,12.0999631882,3.68526434898,19.530166626,34.0300527,108.756647,34.0300178528,108.75655365,20.0,-0.00727068969866,0.00508976397933,0.98166066684,-0.190429956137,-4.15106344223,-2.25216817856,-0.270722478628,-5.33509349823,1.17855381966,21.1279449463,202.196859284
2078,416.791782188,10.5,7.0,96757.25,14.5749998093,14.3299999237,0.389999985695,11.1166706085,3.23062515259,19.4852638245,34.030049,108.7566377,34.0300178528,108.75655365,20.0,-0.0134340833992,0.0035095147334,0.981381317528,-0.191567330991,-3.89927482605,-2.12475013733,-0.29031458497,-0.365903973579,0.388983249664,5.30368804932,208.859746155
2079,416.993783283,10.7,13.0,96755.25,14.5620002747,14.8000001907,0.389999985695,10.3063163757,2.85667157173,19.4490947723,34.0300455,108.7566291,34.0300178528,108.75655365,20.0,-0.00925241196049,0.00822789072646,0.981109175327,-0.193058612932,-3.6568338871,-1.95793294907,-0.240126803517,1.08834981918,1.03078424931,5.24033164978,215.517606842
2080,417.190783072,10.7,13.0,96755.0,14.5579996109,14.8599996567,0.40000000596,9.55867195129,2.51654458046,19.4302139282,34.0300422,108.756621,34.0300178528,108.75655365,20.0,-0.00523268501277,0.011619254261,0.98108519377,-0.193156857236,-3.3956618309,-1.76767480373,-0.187817454338,-2.07384324074,-2.8049352169,19.4431114197,216.33186922
2081,417.393780518,10.7,13.0,96755.5,14.5729999542,14.8400001526,0.40000000596,8.88772773743,2.22004795074,19.4208145142,34.0300393,108.7566135,34.0300178528,108.75655365,20.0,0.00340858225084,0.0151107640583,0.98099546313,-0.193411803523,-3.16648340225,-1.61716580391,-0.159022778273,-2.15481829643,-5.23443889618,16.9167308807,216.263321544
2082,417.590774822,10.7,13.0,96753.5,14.5609998703,14.9799995422,0.40000000596,8.27341270447,1.95520198345,19.4108810425,34.0300367,108.7566066,34.0300178528,108.75655365,20.0,-0.00410184720091,0.0117458446254,0.980767870148,-0.194781154631,-2.85804963112,-1.42158520222,-0.155107289553,-2.52924656868,6.18186187744,4.97390794754,218.123771392
2083,417.79276924100003,10.7,13.0,96760.0,14.5579996109,14.9600000381,0.40000000596,7.702272892,1.71154594421,19.4048633575,34.0300343,108.7566003,34.0300178528,108.75655365,20.0,-0.0122341622928,0.00411361374491,0.980967561916,-0.193742403403,-2.60455989838,-1.30328595638,-0.198819577694,-2.78675913811,3.50421357155,15.6094913483,217.787674734
2084,417.994757938,7.9,14.0,96755.4921875,14.5480003357,15.0500001907,0.40000000596,7.18148851395,1.48475658894,19.39311409,34.0300319,108.7565945,34.0300178528,108.75655365,20.0,-0.0200013058939,0.00229901839004,0.981428985614,-0.190766245842,-2.40358018875,-1.2007381916,-0.143064171076,-2.95889210701,3.16549324989,6.74829339981,218.947407827
2085,418.211759377,7.9,14.0,96761.5,14.5430002213,15.1800003052,0.389999985695,6.71537303925,1.27201735973,19.3828239441,34.0300299,108.7565894,34.0300178528,108.75655365,20.0,-0.0381777401752,-0.00609262461437,0.981816146564,-0.18585613799,-2.21909499168,-1.12781226635,-0.16992855072,-0.853409945965,-3.34499025345,14.6747188568,220.762747797
2086,418.393752861,7.9,14.0,96766.0,14.5279998779,15.470000267,0.389999985695,6.27238512039,1.06247973442,19.3627910614,34.0300279,108.7565847,34.0300178528,108.75655365,20.0,-0.0708524032188,-0.00956298821822,0.980513303183,-0.18298121716,-2.16406917572,-1.10495269299,-0.152074545622,-3.13318753242,0.129313379526,14.4551534653,224.748161991
2087,418.611748981,7.9,14.0,96770.2421875,14.5270004272,15.7100000381,0.389999985695,5.83897209167,0.851675868034,19.3237476349,34.0300257,108.7565801,34.0300178528,108.75655365,20.0,-0.0801550556221,-0.00385697927942,0.980594435866,-0.17887109864,-2.20538878441,-1.09105861187,-0.131987661123,-0.173881217837,-1.13611805439,6.97911691666,228.219177266
2088,418.792747545,7.9,14.0,96769.75,14.5270004272,16.0400009155,0.389999985695,5.40462589264,0.631031870842,19.275686264,34.0300237,108.7565758,34.0301895142,108.756141663,20.0,-0.0747181227009,-0.00395354297772,0.981844848568,-0.174305077659,-2.23147559166,-1.08806848526,-0.102134823799,-2.10615110397,2.66776704788,9.85002040863,233.013100153
2089,418.990746069,5.6,14.0,96772.75,14.5240001678,16.5499992371,0.389999985695,4.97425508499,0.415694892406,19.2306442261,34.0300216,108.7565713,34.0301895142,108.756141663,20.0,-0.0811607242086,0.0152752059146,0.98903581742,-0.122425468156,-2.29224205017,-1.02327501774,-0.0185123570263,1.47444331646,0.00737190246582,-3.13175702095,240.372191697
2090,419.212742615,5.6,14.0,96774.5,14.5170001984,17.0699996948,0.389999985695,4.55892896652,0.22442792356,19.194103241,34.0300196,108.7565667,34.0301895142,108.756141663,20.0,-0.120395604809,0.0571425575996,0.990328292677,-0.0385950492932,-2.41142988205,-0.855464041233,0.028900578618,0.0705736130476,-1.44829821587,5.40272712708,247.805188956
2091,419.38974123,5.6,14.0,96771.0,14.5120000839,17.75,0.389999985695,4.07327604294,0.0624747611582,19.165222168,34.0300176,108.7565618,34.0301895142,108.756141663,20.0,-0.158695188889,0.0863145988952,0.982994614595,0.032976242184,-2.63301610947,-0.587614536285,0.0514766648412,0.224993884563,-2.15526509285,1.53745949268,257.58800149
2092,419.591738749,5.6,14.0,96774.5,14.4989995956,18.7600002289,0.389999985695,3.55822515488,-0.0246357936412,19.1469898224,34.030016,108.7565565,34.0301895142,108.756141663,20.0,-0.198411852749,0.109054254026,0.967220440044,0.11499877198,-3.08160018921,-0.071493588388,0.137584269047,-0.785346388817,0.327064990997,9.28975772858,272.001235733
2093,419.793735313,5.6,14.0,96771.0,14.4879999161,19.5799999237,0.389999985695,2.93583083153,-0.0361607223749,19.1454391479,34.0300151,108.7565505,34.0301895142,108.756141663,20.0,-0.221421497957,0.101665389914,0.950560212296,0.192541049633,-3.56400299072,0.468124061823,0.202374383807,-2.41620159149,-0.40489679575,7.80315828323,283.675037251
2094,419.995729494,4.7,12.0,96769.4921875,14.4739999771,20.0400009155,0.389999985695,2.24923634529,0.0304589122534,19.1454334259,34.030015,108.7565434,34.0301895142,108.756141663,20.0,-0.237838332923,0.0897440642509,0.937899720472,0.236057417839,-4.02413511276,0.929654955864,0.157772228122,-0.267801046371,-0.385069310665,8.81512260437,290.058972793
2095,420.213724899,4.7,12.0,96768.9921875,14.4639997482,20.3400001526,0.389999985695,1.45160388947,0.177914425731,19.1457595825,34.0300157,108.7565354,34.0301895142,108.756141663,20.0,-0.24404620546,0.0891420597402,0.934660903751,0.242702205681,-4.50724172592,1.37917757034,0.166728913784,-2.50762343407,-1.09258115292,12.0158090591,294.197757086
2096,420.390721607,4.7,12.0,96766.25,14.4479999542,20.6599998474,0.379999995232,0.584619641304,0.391024559736,19.1506404877,34.0300171,108.7565262,34.0301895142,108.756141663,20.0,-0.241808587126,0.0937259509843,0.934890751589,0.242329227146,-4.9642624855,1.79526019096,0.164536178112,-1.75917363167,1.0802116394,12.5285358429,298.49567685
2097,420.592720079,4.7,12.0,96764.75,14.4350004196,20.8700008392,0.389999985695,-0.404391795397,0.68805116415,19.1657924652,34.0300193,108.7565159,34.0301895142,108.756141663,20.0,-0.238208951235,0.104000678302,0.935017234282,0.241211787751,-5.34808158875,2.14388608932,0.184284627438,-2.90064454079,0.285582780838,12.9032497406,301.258470872
2098,420.79471688300004,4.7,12.0,96764.75,14.4359998703,20.9500007629,0.389999985695,-1.5198674202,1.07636272907,19.1884765625,34.0300224,108.7565045,34.0301895142,108.756141663,20.0,-0.237232187484,0.111363258584,0.934314393436,0.2416110027,-5.74563121796,2.54961180687,0.135703533888,-1.87614536285,1.09793770313,14.2439165115,302.434208297
2099,420.99171428700004,3.7,5.0,96768.0,14.4340000153,20.7399997711,0.389999985695,-2.63273620605,1.52168047428,19.2136707306,34.0300262,108.756492,34.0301895142,108.756141663,20.0,-0.219037045271,0.112987629736,0.937165775252,0.246935350852,-6.12015676498,2.99494409561,0.132479652762,-1.90395927429,0.15140452981,7.07082033157,299.361157013
2100,421.193713474,3.7,5.0,96760.2421875,14.4390001297,20.0599994659,0.389999985695,-3.68379306793,1.98570370674,19.238494873,34.0300308,108.7564787,34.0301895142,108.756141663,20.0,-0.188187219595,0.104967714033,0.942506118133,0.255440163413,-6.33874177933,3.34299349785,0.132233887911,-0.093033798039,-2.35336756706,-1.09238624573,289.646334891
2101,421.390708494,3.7,5.0,96761.0,14.4490003586,19.0799999237,0.389999985695,-5.13381147385,2.670753479,19.2729110718,34.030036,108.756465,34.0301895142,108.756141663,20.0,-0.159561538434,0.0916413494177,0.947918342464,0.259986312154,-6.47016191483,3.59097266197,0.102618589997,-1.17961013317,1.07832837105,2.30484175682,275.686925739
2102,421.592709351,3.7,5.0,96761.2578125,14.4659996033,18.1800003052,0.389999985695,-6.45368719101,3.33819723129,19.3078479767,34.0300419,108.7564507,34.0301895142,108.756141663,20.0,-0.120922282365,0.0691003455553,0.954484505361,0.263746801493,-6.48680496216,3.7301774025,0.110503822565,-0.429985582829,0.0264207273722,5.86764097214,262.991877202
2103,421.78971295400004,3.7,5.0,96758.5,14.4770002365,17.2600002289,0.389999985695,-7.75532817841,4.02118110657,19.3538951874,34.0300481,108.7564363,34.0301895142,108.756141663,20.0,-0.0929087683727,0.0460865436147,0.959177535869,0.263101722903,-6.4481883049,3.81001186371,0.18108895421,1.15333759785,-1.68213152885,-2.57895874977,249.873027396
2104,421.99270896900003,1.9,16.0,96754.25,14.4849996567,15.720000267,0.389999985695,-9.0923538208,4.74752664566,19.4222698212,34.0300547,108.7564219,34.0301895142,108.756141663,20.0,-0.103936167282,0.0506748365702,0.958451556403,0.260768094047,-6.42227935791,3.83470773697,0.224179595709,3.21282148361,1.46010673046,4.83517742157,227.704198471
2105,422.19470291100004,1.9,16.0,96755.0,14.4910001755,14.779999733,0.389999985695,-10.3989696503,5.47821331024,19.4697608948,34.0300614,108.7564076,34.0301895142,108.756141663,20.0,-0.113297875322,0.0518042166938,0.958018286801,0.258226891963,-6.37303781509,3.86972665787,0.0807613283396,-0.947117865086,-1.07846462727,7.10263347626,214.176978724
2106,422.391696024,1.9,16.0,96754.75,14.4899997711,14.4200000763,0.379999995232,-11.7377824783,6.24659013748,19.4981155396,34.030068,108.7563934,34.0301895142,108.756141663,20.0,-0.116758281733,0.045889019775,0.958015420815,0.257814274316,-6.37665176392,3.87303185463,0.0260321963578,-1.30981731415,0.111155673862,15.0748281479,208.945797805
2107,422.593695927,1.9,16.0,96750.5,14.498000145,13.9600000381,0.389999985695,-13.0764036179,7.01495504379,19.5366096497,34.0300748,108.7563793,34.0301895142,108.756141663,20.0,-0.116383043073,0.0448760466128,0.956971401231,0.262005820548,-6.39101696014,3.88933730125,0.0370085723698,1.70097923279,0.864210128784,1.94203078747,202.392082577
2108,422.790695953,1.9,16.0,96748.75,14.5170001984,13.6000003815,0.389999985695,-14.3786582947,7.77048015594,19.5705986023,34.0300815,108.7563654,34.0301895142,108.756141663,20.0,-0.115205022852,0.0443708059979,0.955999600271,0.266127592671,-6.40502595901,3.87347173691,-0.0338723622262,-4.73221683502,0.900226056576,20.1187534332,197.431208236
2109,422.992694187,3.2,39.0,96753.0,14.5170001984,13.5,0.389999985695,-15.7027425766,8.54714488983,19.5946388245,34.0300883,108.7563514,34.0301895142,108.756141663,20.0,-0.115195223709,0.0420090335846,0.955069756499,0.269827748796,-6.42222166061,3.8927218914,-0.0674506872892,-1.24264895916,-4.89605951309,11.4378061295,195.979502678
2110,423.18969969700004,3.2,39.0,96757.5,14.5419998169,13.0900001526,0.379999995232,-17.016910553,9.31565761566,19.6124725342,34.0300951,108.7563374,34.0301895142,108.756141663,20.0,-0.0738079483364,0.0283810792921,0.958938773972,0.272366316702,-6.3613319397,3.85941934586,-0.105439275503,1.36397874355,2.61500144005,4.42866754532,190.354779822
2111,423.392698574,3.2,39.0,96757.4921875,14.5380001068,13.0399999619,0.389999985695,-18.2743816376,10.0554409027,19.6129055023,34.0301018,108.7563235,34.0301895142,108.756141663,20.0,-0.0245887911035,0.0251269991973,0.961253858214,0.273413708034,-6.1626906395,3.76615810394,-0.148351684213,-0.212043315172,1.13737654686,-1.28208601475,189.575520838
2112,423.594690609,3.2,39.0,96765.25,14.5530004501,12.9499998093,0.389999985695,-19.5521183014,10.8168067932,19.5992565155,34.0301085,108.75631,34.0301895142,108.756141663,20.0,-0.00815651824891,0.018706921517,0.962192847852,0.271603205863,-5.9514040947,3.65111613274,-0.181897193193,-0.471364498138,-0.950007259846,8.87654590607,188.461353053
2113,423.791689444,3.2,39.0,96759.0,14.5399999619,13.1199998856,0.379999995232,-20.6852016449,11.5035858154,19.5751724243,34.030115,108.7562967,34.0301895142,108.756141663,20.0,-0.000283345501489,0.00036302725183,0.962431672969,0.271523442952,-5.68046808243,3.51811122894,-0.214445829391,-1.80694150925,1.75905621052,19.0764350891,190.764797836
2114,423.993690538,6.0,1.0,96766.0,14.5310001373,13.2600002289,0.379999995232,-21.8303642273,12.1922674179,19.5394058228,34.0301211,108.7562842,34.0301895142,108.756141663,20.0,0.00819555532678,0.00740678125512,0.963229597105,0.268452539276,-5.32235765457,3.30895829201,-0.204973518848,-5.33564376831,-0.650067865849,11.5354452133,192.681065147
2115,424.19568305,6.0,1.0,96762.2578125,14.5209999084,13.4300003052,0.370000004768,-22.892578125,12.8310623169,19.4931087494,34.0301271,108.7562723,34.0301895142,108.756141663,20.0,0.00285143334684,-0.00123336644167,0.963233579982,0.268647573817,-5.05104112625,3.11048078537,-0.180638626218,-1.99258553982,4.07711410522,9.82402038574,195.017033202
2116,424.392687368,6.0,1.0,96761.25,14.5220003128,13.6499996185,0.379999995232,-23.9209804535,13.4515790939,19.4448928833,34.0301326,108.756261,34.0301895142,108.756141663,20.0,0.00848658847363,-0.00818336334245,0.963280742306,0.268237527128,-4.75519227982,2.90678215027,-0.132076337934,-0.305645734072,6.62272071838,3.05654025078,198.22529873
2117,424.58968501100003,6.0,1.0,96759.5,14.517999649,14.0399999619,0.370000004768,-24.8654975891,14.013630867,19.3988876343,34.0301377,108.7562505,34.0301895142,108.756141663,20.0,0.0126596613996,-0.00726296027945,0.963119931005,0.268676339041,-4.47374296188,2.70638942719,-0.151536107063,-0.306172639132,-1.40999865532,9.65075206757,203.832714519
2118,424.792681265,6.0,1.0,96760.7421875,14.5170001984,14.4099998474,0.379999995232,-25.7664470673,14.5419883728,19.3540630341,34.0301425,108.7562406,34.0301895142,108.756141663,20.0,0.0121200444321,-0.00864689979478,0.963319749214,0.267943278905,-4.16669845581,2.48213839531,-0.139769643545,-5.60194158554,-1.74922442436,14.5210962296,209.189970643
2119,424.989678669,8.3,355.0,96754.9921875,14.5229997635,14.720000267,0.379999995232,-26.6034908295,15.0260620117,19.3222122192,34.0301468,108.7562314,34.0301895142,108.756141663,20.0,0.0135409375139,-0.00259518890434,0.963620024436,0.266920185231,-3.86003088951,2.26486420631,-0.0960220620036,1.1145234108,-4.1708855629,3.28277397156,213.778560397
2120,425.191669035,8.3,355.0,96761.5,14.5310001373,14.9300003052,0.389999985695,-27.3518428802,15.4546470642,19.2961807251,34.0301508,108.7562228,34.0301895142,108.756141663,20.0,0.015014662329,-0.00560564642651,0.963932943713,0.265662080729,-3.57257318497,2.06997776031,-0.11252964288,-4.0361571312,-1.11676478386,20.055606842,216.947836485
2121,425.393668461,8.3,355.0,96761.75,14.5399999619,15.1099996567,0.389999985695,-28.0571804047,15.8475437164,19.2733650208,34.0301542,108.7562148,34.0301895142,108.756141663,20.0,0.0083126425235,-0.0043032171052,0.964472381227,0.264017974316,-3.32292151451,1.89149987698,-0.106333225966,-1.11912560463,-0.948020100594,8.32458877563,219.699394432
2122,425.595666456,8.3,355.0,96769.75,14.5290002823,15.3599996567,0.389999985695,-28.707901001,16.1913795471,19.2546348572,34.0301574,108.7562075,34.0301895142,108.756141663,20.0,0.00430687219186,0.000133992075406,0.964598653185,0.263687374436,-3.03919363022,1.6844227314,-0.0326558761299,1.01013505459,-1.45159173012,0.575494945049,223.165439348
2123,425.79266815200003,8.3,355.0,96776.4921875,14.5360002518,15.5200004578,0.389999985695,-29.2914505005,16.4967288971,19.2320137024,34.0301601,108.7562008,34.0301895142,108.756141663,20.0,0.00754544788523,0.00455008650809,0.964561332151,0.263711882829,-2.78845381737,1.54788565636,-0.0644648447633,-1.03222167492,2.6800391674,14.1042728424,225.598730562
2124,425.994673777,8.7,355.0,96773.75,14.5380001068,15.7399997711,0.389999985695,-29.8350067139,16.7714347839,19.1892185211,34.0301626,108.7561946,34.0301895142,108.756141663,20.0,0.00291162941859,0.00892880458868,0.964073419159,0.265470017541,-2.52976346016,1.40913033485,-0.060901414603,-0.834867060184,-1.95000934601,5.86130809784,228.828118354
2125,426.191668558,8.7,355.0,96772.5,14.5360002518,16.1599998474,0.389999985695,-30.3141555786,17.0079536438,19.1371765137,34.0301648,108.7561889,34.0301895142,108.756141663,20.0,-0.0024598906059,0.00741968234782,0.963764272025,0.266640814846,-2.29019451141,1.29177331924,-0.00790814310312,-0.210886359215,-0.82982891798,4.30847120285,234.901761851
2126,426.389665174,8.7,355.0,96773.25,14.5290002823,16.6000003815,0.40000000596,-30.7668571472,17.2259998322,19.0848121643,34.0301667,108.7561838,34.0301895142,108.756141663,20.0,-0.00717669539408,0.0119374232899,0.963007251406,0.269115488129,-2.10888361931,1.19381904602,-0.0147309759632,0.446224540472,-1.49455308914,5.13997602463,241.181410228
2127,426.5916646,8.7,355.0,96778.25,14.5270004272,17.0200004578,0.40000000596,-31.1549091339,17.4094963074,19.0484199524,34.0301684,108.756179,34.0301895142,108.756141663,20.0,-0.00988634048636,0.012687213914,0.961653347118,0.273795621702,-1.85933625698,1.07551395893,0.0454995892942,0.420644342899,-0.726504921913,6.82971763611,247.249553922
2128,426.813665676,8.7,355.0,96772.5,14.5170001984,17.3400001526,0.389999985695,-31.5172386169,17.579126358,19.015335083,34.0301698,108.7561748,34.0301895142,108.756141663,20.0,-0.0140416599373,0.0159843449978,0.958904993273,0.282928380159,-1.67530357838,0.984831094742,0.0937533825636,-0.13606724143,1.90190947056,6.66549873352,251.724785655
2129,426.990664053,9.1,358.0,96774.25,14.4919996262,17.5499992371,0.389999985695,-31.7799568176,17.6954879761,18.9942855835,34.0301711,108.7561711,34.0301895142,108.756141663,20.0,-0.0137918867647,0.0201628261176,0.955791331619,0.293029652121,-1.53637599945,0.923575878143,0.128081157804,0.609533309937,-1.4977568388,1.20059514046,254.334582383
2130,427.192669678,9.1,358.0,96774.25,14.484000206,17.8299999237,0.389999985695,-32.1251449585,17.8441143036,18.973274231,34.0301722,108.7561676,34.0301895142,108.756141663,20.0,-0.0132467699628,0.0193502585859,0.951403507514,0.307053004439,-1.37873709202,0.863352060318,0.141156762838,-1.89553844929,1.62214243412,10.1307086945,258.249722568
2131,427.394670057,9.1,358.0,96776.25,14.4919996262,18.0,0.389999985695,-32.3855857849,17.9529876709,18.9682006836,34.0301733,108.7561645,34.0301895142,108.756141663,20.0,-0.0146633576453,0.0180518401299,0.945852577905,0.323762649367,-1.19401872158,0.771315634251,0.189372867346,-0.392131179571,0.734817504883,5.58915233612,260.855993271
2132,427.591669369,9.1,358.0,96772.25,14.468000412,18.6599998474,0.379999995232,-32.602897644,18.0442123413,18.9739189148,34.0301743,108.7561618,34.030166626,108.756973267,20.0,-0.0124587309091,0.0307560634253,0.934434680542,0.354585292959,-1.04683327675,0.740912377834,0.234052717686,-4.41154098511,0.843313992023,18.2929000854,269.97288548
2133,427.79466347700003,9.1,358.0,96774.2421875,14.4639997482,18.5699996948,0.379999995232,-32.7974777222,18.1373310089,18.9835796356,34.0301751,108.7561593,34.030166626,108.756973267,20.0,0.0286242863644,0.0444010239712,0.904664359463,0.422837541189,-0.831863760948,0.693269073963,0.258258521557,-3.03169894218,-0.222460836172,17.5537872314,268.596470911
2134,427.99165825800003,9.4,358.0,96766.7421875,14.4650001526,18.6200008392,0.379999995232,-32.920589447,18.2087211609,18.9974002838,34.030176,108.7561573,34.030166626,108.756973267,20.0,0.0652088088236,0.0686197315416,0.865591301688,0.491722329322,-0.473215222359,0.622683048248,0.244053199887,-3.87053990364,-0.158374279737,18.8127288818,269.338314981
2135,428.193655062,9.4,358.0,96769.9921875,14.4709997177,18.8999996185,0.389999985695,-32.9596138,18.2729053497,19.0241470337,34.0301768,108.7561559,34.030166626,108.756973267,20.0,0.0844961336035,0.0909823755387,0.818073617051,0.561549773868,0.12333856523,0.524352490902,0.264438897371,2.47013258934,-0.892473220825,1.30903971195,273.501889145
2136,428.39065222700003,9.4,358.0,96768.5,14.4689998627,18.7099990845,0.389999985695,-32.9068031311,18.3290233612,19.057302475,34.0301774,108.7561557,34.030166626,108.756973267,20.0,0.0759068073916,0.101159773929,0.768118933144,0.627692809407,0.546906411648,0.473733454943,0.221289455891,-2.48665356636,0.202491372824,13.763792038,270.714974184
2137,428.592646408,9.4,358.0,96766.5,14.4779996872,18.8099994659,0.389999985695,-32.763710022,18.3725357056,19.0835437775,34.030178,108.7561566,34.030166626,108.756973267,20.0,0.0648326478713,0.109261548032,0.711730719839,0.69086776114,1.11162757874,0.400786548853,0.219009429216,-1.96547758579,-1.83506214619,16.0065612793,272.331166384
2138,428.794643211,9.4,358.0,96771.25,14.4759998322,18.6100006104,0.389999985695,-32.5233345032,18.409236908,19.1061420441,34.0301783,108.7561585,34.030166626,108.756973267,20.0,0.0593228167073,0.118178003594,0.650232127395,0.748139699028,1.46744501591,0.373102813959,0.174443751574,-1.63844180107,-0.0240289866924,15.9479093552,269.398365712
2139,428.991643238,9.4,358.0,96768.0,14.4720001221,18.7700004578,0.389999985695,-32.2112007141,18.4274368286,19.1237335205,34.0301787,108.7561614,34.030166626,108.756973267,20.0,0.0490259517577,0.121174412715,0.586522403277,0.79931520328,1.9529440403,0.317433178425,0.149097532034,-2.56796360016,0.185414642096,14.7213191986,271.639448916
2140,429.188641834,9.4,358.0,96764.75,14.4709997177,18.7800006866,0.389999985695,-31.7927780151,18.4282913208,19.1373577118,34.0301788,108.7561653,34.030166626,108.756973267,20.0,0.0387376373501,0.127100707426,0.519034319557,0.844362703273,2.36034059525,0.252670645714,0.179956033826,1.91767179966,0.817498385906,-2.35576653481,271.765384635
2141,429.391639519,9.4,358.0,96768.75,14.4589996338,18.9400005341,0.389999985695,-31.3188514709,18.4192237854,19.1543483734,34.0301787,108.7561701,34.030166626,108.756973267,20.0,0.0289395961577,0.134532624543,0.447593124865,0.883585835439,2.72788858414,0.210383713245,0.192243263125,0.793040990829,-0.164201140404,2.51485085487,273.853460786
2142,429.593638945,9.4,358.0,96766.4921875,14.4619998932,18.8299999237,0.389999985695,-30.8315811157,18.4012069702,19.1702919006,34.0301786,108.7561759,34.030166626,108.756973267,20.0,0.0178308459285,0.140334612393,0.374490301206,0.916376210021,3.08602809906,0.189546301961,0.181483402848,0.152037635446,-1.67158222198,4.82230234146,272.319456885
2143,429.795634079,9.4,358.0,96762.7421875,14.4650001526,18.6200008392,0.389999985695,-30.1987400055,18.3672332764,19.1925907135,34.0301783,108.7561824,34.030166626,108.756973267,20.0,0.00811914255536,0.145752257862,0.300358672976,0.942589653187,3.38115692139,0.178856492043,0.148941397667,-2.77339243889,0.759474694729,18.0895423889,269.338314981
2144,429.99263863600004,9.2,357.0,96763.5,14.4639997482,18.4599990845,0.389999985695,-29.3437366486,18.3165874481,19.2220916748,34.030178,108.7561898,34.030166626,108.756973267,20.0,0.00143037974476,0.155226958969,0.224861824028,0.961945804099,3.79523944855,0.159845083952,0.152365282178,-0.546947479248,-0.389964997768,8.15926265717,267.00542211
2145,430.194643784,9.2,357.0,96765.75,14.4549999237,18.5400009155,0.389999985695,-28.5264892578,18.26994133,19.2419586182,34.0301776,108.7561979,34.030166626,108.756973267,20.0,-0.00346056709575,0.170021993742,0.146247794165,0.974521538611,4.18933773041,0.145105227828,0.113903768361,2.03770232201,-0.935239672661,-2.1035130024,267.995711819
2146,430.39164619400003,9.2,357.0,96764.0,14.4549999237,18.6100006104,0.389999985695,-27.8118572235,18.2254962921,19.2613601685,34.0301772,108.756207,34.030166626,108.756973267,20.0,-0.013754645085,0.181086800613,0.0711440910206,0.980794043341,4.60266447067,0.14316084981,0.137596815825,-2.44299793243,-1.70014214516,13.3167800903,269.007557403
2147,430.593638468,9.2,357.0,96768.75,14.4499998093,18.7000007629,0.389999985695,-26.6564025879,18.154548645,19.283788681,34.0301768,108.7562167,34.030166626,108.756973267,20.0,-0.0258649730221,0.189568537774,-0.00340731982101,0.981520865744,5.07231092453,0.14279538393,0.153428927064,-2.83842229843,-1.00863146782,17.2387104034,270.215007458
2148,430.811632442,9.2,357.0,96762.4921875,14.4630002975,18.7000007629,0.389999985695,-25.6369838715,18.1086463928,19.3043422699,34.0301763,108.7562275,34.030166626,108.756973267,20.0,-0.04289255797,0.194591088149,-0.0306354483645,0.979467218403,5.49033594131,0.185914933681,0.134525075555,-4.43244934082,0.572778701782,18.1823940277,270.458116599
2149,430.993631649,5.8,357.0,96764.0,14.4709997177,18.5100002289,0.389999985695,-24.476984024,18.0707035065,19.3242721558,34.030176,108.7562391,34.030166626,108.756973267,20.0,-0.0504555886643,0.204488653856,-0.0253588736652,0.977238788082,5.9233622551,0.275313317776,0.124756611884,-1.81947100163,-2.62389111519,9.76645851135,267.858208087
2150,431.195631552,5.8,357.0,96758.25,14.4670000076,18.4300003052,0.389999985695,-23.2022781372,18.0479373932,19.338508606,34.0301758,108.7562518,34.030166626,108.756973267,20.0,-0.048987692956,0.200701511905,-0.015364254303,0.978306283461,6.33657741547,0.353505671024,0.0584443323314,-3.33073234558,0.115642279387,8.826420784,266.626814556
2151,431.392629194,5.8,357.0,96761.5,14.4879999161,18.1800003052,0.389999985695,-21.9148712158,18.0440063477,19.3547306061,34.0301758,108.7562653,34.030166626,108.756973267,20.0,-0.0399680302986,0.184426806648,-0.00626382247884,0.982013267375,6.67417621613,0.422930955887,0.0378792472184,-0.998201429844,1.33779132366,4.4223446846,263.391842896
2152,431.594625521,5.8,357.0,96758.25,14.4809999466,17.9099998474,0.389999985695,-20.5302696228,18.0514526367,19.3687286377,34.030176,108.7562797,34.030166626,108.756973267,20.0,-0.0315959697737,0.164077791888,0.000103428366246,0.985941311509,6.88290739059,0.45124745369,0.0252042524517,-2.38196229935,2.87166261673,5.52805089951,259.354706834
2153,431.79161911,5.8,357.0,96757.0,14.4890003204,17.3899993896,0.389999985695,-19.171628952,18.0702457428,19.3845481873,34.0301763,108.7562946,34.030166626,108.756973267,20.0,-0.0244124714502,0.135382742282,0.00324829976158,0.990487312736,7.07957792282,0.471229583025,-0.00586070073768,-4.46513938904,0.726009488106,17.4586353302,251.963706729
2154,431.993619013,3.9,349.0,96756.5,14.4849996567,17.0,0.40000000596,-17.7551555634,18.0919342041,19.4041080475,34.0301766,108.75631,34.030166626,108.756973267,20.0,-0.0153232322485,0.100949638962,0.00446255046718,0.994763531986,7.12986946106,0.460120528936,0.0471170730889,-3.45645880699,-0.137986943126,13.8094596863,246.244994164
2155,432.190613556,3.9,349.0,96753.25,14.4989995956,16.2700004578,0.389999985695,-16.2857990265,18.1139621735,19.4309902191,34.030177,108.7563256,34.030166626,108.756973267,20.0,-0.0119088791722,0.0985018395625,0.00378284824125,0.995058433485,7.12466049194,0.412852883339,0.100063346326,0.959840536118,-1.01537430286,1.47613990307,235.898730058
2156,432.413610983,3.9,349.0,96754.75,14.5039997101,15.5399999619,0.389999985695,-14.8064603806,18.134311676,19.4604701996,34.0301773,108.7563413,34.030166626,108.756973267,20.0,-0.00961382785424,0.110258405293,0.00221334174955,0.993854002995,7.14530229568,0.385455936193,0.023363634944,-4.05939102173,1.0453710556,20.8787059784,225.392154941
2157,432.590608883,3.9,349.0,96755.5,14.5089998245,15.1300001144,0.389999985695,-13.2721796036,18.1496448517,19.4862880707,34.0301775,108.7563569,34.030166626,108.756973267,20.0,-0.00692329948585,0.111560648081,0.000697024580673,0.993733336568,7.19677305222,0.325494021177,-0.00687713827938,-0.288578718901,2.67132306099,3.17404460907,219.521169005
2158,432.792604494,3.9,349.0,96754.0,14.5050001144,15.0,0.389999985695,-11.8056917191,18.1549682617,19.5036964417,34.0301778,108.7563727,34.030166626,108.756973267,20.0,-0.00584088412239,0.112293908415,-0.000882723595212,0.993657556534,7.254966259,0.258783608675,-0.0666878148913,-2.84995269775,0.31433069706,9.44449520111,217.575001717
2159,432.994603682,2.5,334.0,96752.25,14.484000206,14.8299999237,0.379999995232,-10.3704433441,18.159116745,19.5121879578,34.0301779,108.7563884,34.030166626,108.756973267,20.0,-0.0070108384902,0.108963464445,-0.000859205653743,0.994020693781,7.30344629288,0.20662176609,-0.0988254621625,-0.00313874706626,-1.59896159172,4.61159658432,214.79772195
2160,433.191602278,2.5,334.0,96755.7421875,14.4779996872,14.8199996948,0.379999995232,-8.85403156281,18.1542110443,19.5183029175,34.0301779,108.7564044,34.030166626,108.756973267,20.0,-0.00464783854995,0.110713438474,-0.00270106508052,0.993837902899,7.34492778778,0.177452981472,-0.130127295852,-2.65374994278,0.526369214058,11.6348209381,214.563950946
2161,433.388596582,2.5,334.0,96757.4921875,14.486000061,14.8900003433,0.379999995232,-7.28910779953,18.1405296326,19.5154457092,34.0301779,108.7564203,34.030166626,108.756973267,20.0,-0.00486396758911,0.112379882717,-0.0049418865753,0.993641119263,7.39599323273,0.134748473763,-0.167239204049,-3.70617628098,-2.86769390106,19.3544654846,215.696545882
2162,433.59159259800003,2.5,334.0,96758.0,14.4940004349,14.970000267,0.379999995232,-5.83463907242,18.1221065521,19.5062999725,34.0301779,108.7564365,34.030166626,108.756973267,20.0,-0.00709214502934,0.11194710834,-0.00707047101249,0.993663709974,7.42924642563,0.0898532643914,-0.129109635949,-0.432375282049,-1.37749826908,6.81285476685,216.97519038
2163,433.793578911,2.5,334.0,96757.7421875,14.5,14.970000267,0.389999985695,-4.29397678375,18.097278595,19.4952926636,34.0301778,108.7564526,34.030166626,108.756973267,20.0,-0.0040412821796,0.114479111875,-0.00978885844775,0.993369187797,7.49023675919,0.0352229177952,-0.137415736914,-3.88466358185,0.877130925655,15.9827651978,217.065003872
2164,433.995571184,1.6,285.0,96753.5,14.4940004349,15.0900001526,0.379999995232,-2.70694541931,18.0618534088,19.4811210632,34.0301777,108.756469,34.030166626,108.756973267,20.0,-0.0040611280769,0.112248979874,-0.0106335655856,0.993614903924,7.54282999039,-0.00679117068649,-0.108744762838,-4.16397476196,0.589046239853,14.1616125107,218.714468774
2165,434.192570734,1.6,285.0,96759.25,14.4910001755,15.0100002289,0.379999995232,-1.18830692768,18.0242843628,19.4677429199,34.0301773,108.7564854,34.030166626,108.756973267,20.0,-0.00779754629615,0.109471792317,-0.0107031500325,0.993901713228,7.58847427368,-0.0521613396704,-0.0980734229088,-2.46353459358,-1.18754386902,14.2682771683,217.509915951
2166,434.394563484,1.6,285.0,96757.75,14.4949998856,15.2100000381,0.379999995232,0.371080607176,17.9755535126,19.4566364288,34.0301772,108.7565019,34.030166626,108.756973267,20.0,-0.00474046678626,0.109616661572,-0.0107777078075,0.993904199892,7.60952997208,-0.0888261049986,-0.0733550712466,-3.49893403053,0.580395042896,15.8863077164,220.468948812
2167,434.59155159,1.6,285.0,96756.2421875,14.4899997711,15.3000001907,0.379999995232,1.8624535799,17.9327507019,19.4417076111,34.0301769,108.7565186,34.030166626,108.756973267,20.0,-0.0110630156301,0.107086243813,-0.0103007319229,0.994134869594,7.63134050369,-0.104597702622,-0.116298593581,-1.97023665905,-1.54593968391,18.0285015106,221.696999262
2168,434.793543148,1.6,285.0,96755.7421875,14.4910001755,15.1999998093,0.379999995232,3.398188591,17.8846530914,19.4273052216,34.0301766,108.7565351,34.030166626,108.756973267,20.0,-0.0112271723367,0.104265444804,-0.0118044050372,0.994416115514,7.64829015732,-0.134517863393,-0.0584841519594,-0.359101325274,-1.68897032738,14.5122356415,220.263199903
2169,434.99053793,2.0,114.0,96759.25,14.4890003204,15.0399999619,0.379999995232,4.96770429611,17.8385925293,19.4228000641,34.0301761,108.756552,34.030166626,108.756973267,20.0,-0.00802811589929,0.104030460318,-0.0136552838896,0.994448020678,7.64079523087,-0.148084059358,-0.0213377494365,-1.46622002125,0.0844651907682,11.2321004868,217.914564267
2170,435.19354229000004,2.0,114.0,96756.9921875,14.486000061,15.0,0.379999995232,6.54373455048,17.7862033844,19.4141483307,34.0301758,108.7565688,34.030166626,108.756973267,20.0,-0.0127454704075,0.109646153829,-0.0127164206922,0.993807641462,7.65514564514,-0.161278918386,-0.0748872607946,-2.31096434593,0.588647842407,4.3798084259,217.290000916
2171,435.390536356,2.0,114.0,96763.5,14.4879999161,15.1599998474,0.379999995232,7.84930896759,17.7446842194,19.4054069519,34.0301755,108.7565856,34.030166626,108.756973267,20.0,-0.012624224461,0.108302617666,-0.0125332083417,0.993958822208,7.67196464539,-0.160043165088,-0.0716846287251,-0.750866830349,-0.25298961997,6.17187261581,219.638076517
2172,435.592530775,2.0,114.0,96760.75,14.5030002594,15.4399995804,0.389999985695,9.7093296051,17.6905212402,19.3904094696,34.0301752,108.7566024,34.030166626,108.756973267,20.0,-0.0127763008272,0.109221503257,-0.0135516447891,0.993843002668,7.6945567131,-0.155990868807,-0.105968035758,-0.714863955975,-0.112613230944,-5.02301073074,223.926317919
2173,435.794528532,2.0,114.0,96758.75,14.5050001144,15.6599998474,0.389999985695,11.2927942276,17.650308609,19.3763961792,34.030175,108.7566193,34.030166626,108.756973267,20.0,-0.00928987137151,0.111707324382,-0.0142365732243,0.993595811401,7.70653009415,-0.162807062268,-0.0796875208616,-2.55849862099,-0.0844833701849,10.1347236633,227.148299579
2174,435.991522598,5.8,57.0,96763.0,14.501999855,15.9499998093,0.379999995232,12.7996768951,17.6155338287,19.3625545502,34.0301747,108.7566363,34.030166626,108.756973267,20.0,-0.00834904307727,0.108171261744,-0.0121137207585,0.994023433326,7.71741342545,-0.172293335199,-0.0760227739811,-1.62163770199,-0.853210389614,14.2274389267,231.306894922
2175,436.19352369300003,5.8,57.0,96764.5,14.4910001755,16.0300006866,0.379999995232,14.3965673447,17.5793952942,19.3546676636,34.0301744,108.7566533,34.030166626,108.756973267,20.0,-0.00947337348157,0.108124299618,-0.0117627218041,0.994022674683,7.74443912506,-0.164304286242,-0.0627967864275,-3.83698272705,-0.627879619598,16.4480247498,232.290742763
2176,436.390512514,5.8,57.0,96760.7578125,14.4949998856,15.9799995422,0.379999995232,15.9950895309,17.5410556793,19.3473796844,34.0301741,108.7566703,34.030166626,108.756973267,20.0,-0.00633046191469,0.110336556086,-0.0124244273257,0.993796514694,7.75319433212,-0.192977771163,-0.0242561083287,-2.31300187111,2.36450362206,2.69284534454,231.630091536
2177,436.592506456,5.8,57.0,96761.0,14.4940004349,15.8500003815,0.379999995232,17.559513092,17.5056800842,19.3479118347,34.030174,108.7566875,34.030166626,108.756973267,20.0,-0.00759701685929,0.104647521791,-0.0123815639807,0.994403302872,7.78186130524,-0.209704101086,0.0415299497545,-0.978290736675,2.57588672638,2.06154131889,229.729912422
2178,436.790499735,5.8,57.0,96758.25,14.5,15.4200000763,0.379999995232,19.1712036133,17.4727954865,19.3568973541,34.0301736,108.7567047,34.030166626,108.756973267,20.0,-0.00347777354666,0.10498107195,-0.0152314074365,0.994351504395,7.80915975571,-0.230741426349,0.0485452860594,-1.94669485092,0.0167101472616,11.6256103516,223.590001106
2179,437.012494612,7.7,27.0,96756.5,14.5069999695,15.0100002289,0.389999985695,20.7850379944,17.4333248138,19.3736228943,34.0301734,108.756722,34.030166626,108.756973267,20.0,-0.00328391911693,0.100935701526,-0.0184434609084,0.994716622544,7.79584121704,-0.253355264664,0.0571928434074,-0.0948335528374,-0.610246837139,3.40678739548,217.750072862
2180,437.189496088,7.7,27.0,96760.5,14.5089998245,14.4300003052,0.389999985695,22.3586235046,17.3974781036,19.3921756744,34.030173,108.7567393,34.030166626,108.756973267,20.0,-0.00675243089363,0.0754550761522,-0.0212444983136,0.996900040031,7.75716114044,-0.25769880414,0.0245110038668,-0.468323767185,-0.849665880203,0.721086621284,209.364871896
2181,437.391491938,7.7,27.0,96762.0,14.5100002289,14.0799999237,0.379999995232,23.912902832,17.3581047058,19.4100914001,34.0301726,108.7567566,34.030166626,108.756973267,20.0,-0.00418337369391,0.0268046330584,-0.0227396999113,0.999373301395,7.56627750397,-0.258508384228,0.0367487221956,-2.96007633209,-1.80319559574,10.7095994949,204.300802116
2182,437.59348683400003,7.7,27.0,96757.9921875,14.515999794,13.8599996567,0.379999995232,25.4594516754,17.3130664825,19.4289207458,34.0301723,108.7567737,34.030166626,108.756973267,20.0,-0.0015560702081,-0.0128345326253,-0.0225198198026,0.999662892391,7.26678228378,-0.280980110168,-0.00957077369094,-6.79034423828,-1.04288887978,15.6419210434,201.191752161
2183,437.810488749,7.7,27.0,96760.9921875,14.5069999695,13.9300003052,0.379999995232,26.9493255615,17.2679977417,19.443862915,34.030172,108.7567902,34.030166626,108.756973267,20.0,-0.00473210327101,-0.0299504567091,-0.0218665857976,0.999300977403,6.87997484207,-0.270299226046,-0.015366951935,-2.68844771385,-4.04822158813,14.42989254,202.082514002
2184,437.992486048,8.9,17.0,96766.25,14.5200004578,14.0799999237,0.389999985695,28.3370609283,17.2259883881,19.4560623169,34.0301715,108.7568058,34.030166626,108.756973267,20.0,-0.00789113864163,-0.037290741309,-0.0189055589554,0.999094499992,6.48404169083,-0.261653721333,-0.0609436631203,-4.56551837921,3.79300761223,14.4981451035,204.441605338
2185,438.189485121,8.9,17.0,96762.2578125,14.5270004272,14.3800001144,0.379999995232,29.6497783661,17.1848640442,19.4498672485,34.0301711,108.7568208,34.030166626,108.756973267,20.0,-0.00958102311812,-0.0449683837724,-0.0171679708319,0.99879496234,6.07800483704,-0.242715001106,-0.118755072355,-0.99327069521,3.15816473961,11.2490301132,208.898267806
2186,438.392478752,8.9,17.0,96759.25,14.5240001678,14.8199996948,0.379999995232,30.9195251465,17.1382293701,19.4320259094,34.0301707,108.7568347,34.030166626,108.756973267,20.0,-0.00573363224673,-0.0455008670565,-0.0186619080242,0.998773551741,5.6471157074,-0.24211961031,-0.141472756863,0.521600842476,-2.20134925842,4.3848991394,215.245678055
2187,438.589480209,8.9,17.0,96758.75,14.5209999084,15.2600002289,0.379999995232,32.103679657,17.0873470306,19.4089012146,34.0301704,108.7568478,34.030166626,108.756973267,20.0,-0.00819090941875,-0.0494072161006,-0.0220705765444,0.9985012831,5.23758888245,-0.24907207489,-0.191341683269,-2.19385933876,-2.04270029068,13.7081050873,221.590461926
2188,438.791478443,8.9,17.0,96755.5,14.515999794,15.6000003815,0.379999995232,33.1753883362,17.0343990326,19.3899803162,34.03017,108.7568597,34.030166626,108.756973267,20.0,-0.00428559165535,-0.0454037304245,-0.0253044199369,0.998639019,4.82575273514,-0.272736698389,-0.166129216552,-0.0461358204484,-1.26306939125,11.7661399841,226.449602324
2189,438.993477392,8.8,19.0,96757.9921875,14.513999939,15.8400001526,0.379999995232,34.0313606262,16.982843399,19.3721008301,34.0301697,108.7568709,34.030166626,108.756973267,20.0,-0.0140871903052,-0.0425799113306,-0.0254269408255,0.998670165522,4.41804218292,-0.282824516296,-0.138437047601,-2.34807372093,1.17748904228,7.52793359756,229.901761248
2190,439.190472651,8.8,19.0,96766.5,14.5050001144,16.0100002289,0.379999995232,35.1003227234,16.9231185913,19.3575191498,34.0301694,108.7568809,34.030166626,108.756973267,20.0,-0.0169841216689,-0.0313104505583,-0.0213797475504,0.999136731135,4.04519701004,-0.265420615673,-0.102205514908,-3.58971190453,1.18558883667,13.8568353653,232.225055152
2191,439.392466593,8.8,19.0,96767.25,14.4969997406,16.1200008392,0.379999995232,35.921749115,16.8810787201,19.3347740173,34.0301691,108.7568902,34.030166626,108.756973267,20.0,-0.0192944936955,-0.0301366525955,-0.0166183759273,0.999221404153,3.76654219627,-0.248079836369,-0.1018801108,0.183467969298,-2.09154939651,2.59852910042,233.691647985
2192,439.594462442,8.8,19.0,96768.9921875,14.4940004349,16.4300003052,0.379999995232,36.6856002808,16.8506660461,19.2991542816,34.0301689,108.7568986,34.030166626,108.756973267,20.0,-0.0179205785447,-0.0304242854095,-0.0159820428085,0.999248631017,3.42830061913,-0.20408283174,-0.111317880452,-2.92433738708,-0.538910150528,11.4001426697,238.136431568
2193,439.79245739000004,8.8,19.0,96769.0,14.498000145,16.7800006866,0.379999995232,37.3547325134,16.832567215,19.2543258667,34.0301688,108.7569063,34.030166626,108.756973267,20.0,-0.0147900943712,-0.0251135302746,-0.0190896563897,0.99939289968,3.05288362503,-0.163426369429,-0.109704829752,-2.523635149,-0.933888733387,11.8199071884,243.276452387
2194,440.014445829,7.0,22.0,96772.0,14.4930000305,17.2099990845,0.379999995232,37.9882659912,16.8214035034,19.2130298615,34.0301688,108.7569133,34.030166626,108.756973267,20.0,-0.0103950848873,-0.0258605456274,-0.0250106985496,0.999298575033,2.74182510376,-0.140870988369,-0.0798520222306,0.0752978920937,0.0535950809717,5.46103668213,249.424517256
2195,440.19144277600003,7.0,22.0,96765.0,14.4870004654,17.4200000763,0.389999985695,38.5120353699,16.8179187775,19.1873607635,34.030169,108.7569194,34.030166626,108.756973267,20.0,-0.00975779556185,-0.0231276781155,-0.0307737743213,0.999211162469,2.45401334763,-0.118757106364,-0.015960816294,-1.61981916428,-0.934223413467,10.8856277466,252.363549212
2196,440.39344101,7.0,22.0,96769.2421875,14.4849996567,17.4699993134,0.389999985695,38.998714447,16.8229351044,19.1674613953,34.0301691,108.756925,34.030166626,108.756973267,20.0,-0.00841074112441,-0.0154262335487,-0.0419767859772,0.99896413979,2.19940257072,-0.106239281595,-0.0137488599867,-2.19179844856,0.0787229984999,16.473991394,253.052934056
2197,440.59043746000003,7.0,22.0,96768.2421875,14.4829998016,17.6299991608,0.389999985695,39.4219398499,16.8383617401,19.1526584625,34.0301694,108.7569299,34.030166626,108.756973267,20.0,-0.0056357955819,-0.0151442391927,-0.055941933497,0.998303319352,1.97001230717,-0.0879850462079,0.00676799705252,-1.97343695164,-1.50363779068,14.3038225174,255.335274348
2198,440.792436409,7.0,22.0,96765.1953125,14.4779996872,17.6599998474,0.389999985695,39.8020706177,16.8673706055,19.1496829987,34.0301697,108.7569343,34.030166626,108.756973267,20.0,0.00223831507438,-0.0116516227114,-0.0718714191854,0.99734338273,1.74575090408,-0.0780840665102,0.0386672094464,-0.562651753426,0.524738192558,8.37898254395,255.681472267
2199,440.99442868200003,5.6,24.0,96771.0,14.4829998016,17.7099990845,0.389999985695,40.1290779114,16.8977241516,19.1519031525,34.03017,108.7569382,34.030166626,108.756973267,20.0,0.00754051299965,-0.0100000372902,-0.0889421150909,0.995958057967,1.55930328369,-0.0814196169376,0.0190745480359,0.205503195524,0.171559244394,7.83720159531,256.493913227
2200,441.192427921,5.6,24.0,96770.75,14.486000061,17.8999996185,0.389999985695,40.4224472046,16.9252700806,19.1506938934,34.0301704,108.7569417,34.030166626,108.756973267,20.0,0.00722928230817,-0.00735755888608,-0.105324890135,0.994384421084,1.41182851791,-0.0916801989079,0.00508316839114,-1.99188423157,0.756201446056,9.30242347717,259.299395567
2201,441.39442544,5.6,24.0,96766.5,14.4630002975,18.4500007629,0.379999995232,40.6412391663,16.9516792297,19.1561470032,34.0301708,108.7569446,34.0300178528,108.75655365,20.0,0.0207856310858,-0.0104763696945,-0.156031468551,0.987477859165,1.18717646599,-0.130547612906,0.0812243148685,-1.48713028431,-1.14272260666,15.8696146011,266.842366524
2202,441.591423082,5.6,24.0,96771.25,14.4630002975,18.4799995422,0.389999985695,40.8778114319,16.9797859192,19.1644535065,34.0301712,108.7569474,34.0300178528,108.75655365,20.0,0.0662522656817,-0.0434569609063,-0.225554928952,0.971003119698,0.940518498421,-0.245496466756,0.075738132,-4.48698091507,-0.231680810452,20.805147171,267.276238878
2203,441.79342227,5.6,24.0,96767.25,14.4639997482,18.6299991608,0.389999985695,41.002281189,16.9739284515,19.1735877991,34.0301714,108.7569497,34.0300178528,108.75655365,20.0,0.0985963492605,-0.0783651388934,-0.301383663258,0.945148409433,0.497043073177,-0.442851364613,0.0995098948479,-0.769856274128,-0.767300248146,13.9254817963,269.464303171
2204,441.995426226,4.8,23.0,96771.5,14.4569997787,18.8899993896,0.389999985695,41.0711631775,16.9299907684,19.1821651459,34.0301714,108.7569511,34.0300178528,108.75655365,20.0,0.113655277963,-0.0873801950319,-0.376350094117,0.915318471637,-0.0102716023102,-0.649894356728,0.0824585258961,1.75628209114,0.0562477707863,1.93265628815,273.092716997
2205,442.192424107,4.8,23.0,96764.6015625,14.4519996643,18.9899997711,0.379999995232,41.0288200378,16.8630943298,19.1931724548,34.0301711,108.7569515,34.0300178528,108.75655365,20.0,0.115082196398,-0.0741632647086,-0.449568484434,0.882691373946,-0.545098185539,-0.83798122406,0.127705454826,1.30059373379,-1.42038846016,3.57642436028,274.443470317
2206,442.394420433,4.8,23.0,96768.7421875,14.4449996948,18.9699993134,0.379999995232,40.8937835693,16.7702007294,19.2117214203,34.0301704,108.7569507,34.0300178528,108.75655365,20.0,0.118198729306,-0.0578614695656,-0.522910733802,0.84216718964,-0.982281684875,-1.00076830387,0.111138947308,-0.733954906464,0.91771876812,10.4150037766,274.021634292
2207,442.591405678,4.8,23.0,96768.75,14.4429998398,18.8099994659,0.379999995232,40.6748962402,16.6424446106,19.2322731018,34.0301694,108.7569488,34.0300178528,108.75655365,20.0,0.120142776402,-0.0463136202978,-0.590788696944,0.796485779972,-1.3418905735,-1.13175427914,0.139131233096,1.20671081543,0.393939495087,8.02505207062,271.672819273
2208,442.794398832,4.8,23.0,96765.5,14.4530000687,18.7000007629,0.389999985695,40.3613471985,16.4853096008,19.2479991913,34.0301681,108.7569457,34.0300178528,108.75655365,20.0,0.130573976528,-0.0347082405817,-0.654953580685,0.743492845661,-1.68570911884,-1.27706182003,0.0853285714984,-2.97704648972,0.536890745163,20.7207775116,270.271112311
2209,442.991391468,7.5,3.0,96763.9921875,14.4499998093,18.4899997711,0.389999985695,39.9834632874,16.3095874786,19.2647647858,34.0301665,108.7569418,34.0300178528,108.75655365,20.0,0.129871857447,-0.0264592435861,-0.713594116306,0.687907450794,-2.07842087746,-1.42005681992,0.00363860139623,-2.14975786209,0.0210200548172,19.3989830017,267.180493166
2210,443.193388748,7.5,3.0,96762.0,14.4499998093,18.6599998474,0.389999985695,39.5044288635,16.1047878265,19.2802143097,34.0301647,108.756937,34.0300178528,108.75655365,20.0,0.133758223617,-0.0127185016928,-0.764952551051,0.629916366499,-2.42343068123,-1.52166187763,0.0119198625907,-4.16119623184,-0.584206938744,20.9118518829,269.636994236
2211,443.395379591,7.5,3.0,96760.75,14.4460000992,18.5300006866,0.379999995232,38.9571876526,15.8901443481,19.3047657013,34.0301628,108.7569313,34.0300178528,108.75655365,20.0,0.13783170072,0.00479160145022,-0.808807685089,0.571672635554,-2.7245721817,-1.62928795815,0.0199460592121,2.50681424141,1.92460167408,-2.92810511589,267.684391757
2212,443.592373896,7.5,3.0,96757.5,14.4420003891,18.4699993134,0.379999995232,38.3230133057,15.6424179077,19.3387088776,34.0301607,108.7569249,34.0300178528,108.75655365,20.0,0.135765973039,0.0204875567194,-0.84745238337,0.512808323875,-3.00858736038,-1.75088393688,0.0594256743789,-0.709126234055,-0.0390427410603,7.81905508041,266.74373727
2213,443.78936796200003,7.5,3.0,96755.0,14.4460000992,18.2199993134,0.379999995232,37.6220664978,15.3713722229,19.3868370056,34.0301585,108.7569179,34.0300178528,108.75655365,20.0,0.158298205089,0.0315991202506,-0.879275603682,0.448126914701,-3.30181121826,-1.89846992493,0.105298370123,-0.779378890991,0.609226346016,4.53977203369,263.206111888
2214,443.991361666,10.3,5.0,96760.25,14.4469995499,17.9300003052,0.379999995232,36.8749465942,15.0855112076,19.448091507,34.0301562,108.7569103,34.0300178528,108.75655365,20.0,0.181644018829,0.0344435267629,-0.908744216546,0.374170027305,-3.61215829849,-2.06750369072,0.14104488492,0.127761363983,0.489486604929,-1.07026648521,259.034706338
2215,444.194362211,10.3,5.0,96760.5,14.4469995499,17.5300006866,0.379999995232,36.0201034546,14.762295723,19.4947948456,34.0301534,108.7569019,34.0300178528,108.75655365,20.0,0.194874905027,0.0508390090819,-0.933455693544,0.296815956404,-3.95736908913,-2.24953937531,0.0644699558616,-2.43037319183,-0.623236715794,12.0473155975,253.255912029
2216,444.411354828,10.3,5.0,96761.2421875,14.4409999847,17.3099994659,0.379999995232,35.156085968,14.4186458588,19.5172786713,34.0301503,108.7568929,34.0300178528,108.75655365,20.0,0.201258651095,0.0665187167409,-0.953818037245,0.212841037071,-4.31644916534,-2.47461271286,-0.00494799762964,-2.42896103859,0.43566635251,12.8441934586,249.973702024
2217,444.593350697,10.3,5.0,96753.75,14.4469995499,17.5799999237,0.379999995232,34.1713294983,14.0092353821,19.5300827026,34.0301469,108.7568831,34.0300178528,108.75655365,20.0,0.2023283065,0.0817382914497,-0.958753264618,0.182137900868,-4.67013549805,-2.69977068901,0.0120203932747,-0.142341911793,1.4951120615,6.91471195221,253.978250984
2218,444.795352745,10.3,5.0,96761.0,14.4460000992,17.4200000763,0.379999995232,33.1362419128,13.56204319,19.5410861969,34.030143,108.7568726,34.0300178528,108.75655365,20.0,0.206928829944,0.0846328895902,-0.958181205444,0.178623991667,-5.08775472641,-3.04461455345,-0.00792059861124,-3.17907786369,0.966261506081,10.4868030548,251.64932283
2219,444.992355633,10.5,11.0,96754.0,14.4440002441,17.1100006104,0.370000004768,32.0171432495,13.0306434631,19.5564155579,34.0301386,108.7568613,34.0300178528,108.75655365,20.0,0.198440259725,0.0818763013052,-0.959666671119,0.181542197311,-5.4348783493,-3.32918357849,-0.0268131252378,-3.8361287117,-1.38621342182,13.0751314163,247.136852993
2220,445.194352198,10.5,11.0,96760.5,14.4300003052,16.5300006866,0.370000004768,30.8704833984,12.4722557068,19.5746746063,34.0301336,108.7568492,34.0300178528,108.75655365,20.0,0.176007836681,0.0711566665866,-0.964150295011,0.185397495985,-5.70000219345,-3.55570030212,-0.0424264296889,-1.12843334675,0.357028126717,6.65754556656,238.527914953
2221,445.391346741,10.5,11.0,96751.0,14.4479999542,15.6300001144,0.370000004768,29.6495513916,11.8553094864,19.5887928009,34.0301282,108.7568366,34.0300178528,108.75655365,20.0,0.151035186199,0.0448836593873,-0.969253098254,0.189003664637,-5.88956928253,-3.6760032177,-0.101535446942,-0.692154347897,2.69321203232,5.87433099747,225.822240938
2222,445.614340353,10.5,11.0,96748.75,14.4610004425,15.0500001907,0.379999995232,28.3580245972,11.2061233521,19.6007442474,34.0301224,108.7568234,34.0300178528,108.75655365,20.0,0.113010286301,0.0262847319257,-0.973973966755,0.194711443743,-5.98425292969,-3.68544864655,-0.0990545377135,-2.31530451775,1.05747723579,16.5965900421,217.638059418
2223,445.791334677,10.5,11.0,96753.0,14.468000412,14.6700000763,0.379999995232,27.1451454163,10.586353302,19.6199493408,34.0301165,108.75681,34.0300178528,108.75655365,20.0,0.107215097265,0.0276690846777,-0.973574414632,0.199730796226,-6.0296754837,-3.65049147606,-0.0631651207805,-1.74242150784,0.871921420097,6.31416320801,212.245567148
2224,445.993332195,10.2,12.0,96749.2421875,14.4809999466,14.3699998856,0.379999995232,25.8543453217,9.93153762817,19.645942688,34.0301105,108.7567964,34.0300178528,108.75655365,20.0,0.119092100249,0.0197274277698,-0.972071753042,0.20125748152,-6.07379007339,-3.62176322937,-0.130165472627,-2.63028788567,3.5921189785,5.64032793045,208.091967575
2225,446.190325546,10.2,12.0,96749.5,14.4770002365,13.9600000381,0.370000004768,24.5439071655,9.27474975586,19.6602115631,34.0301046,108.7567828,34.0300178528,108.75655365,20.0,0.118177761249,0.0186037980568,-0.972351650263,0.200549540906,-6.11143636703,-3.58088254929,-0.178069785237,-4.63586091995,-1.83940780163,17.4542961121,202.098923854
2226,446.392325211,10.2,12.0,96749.25,14.4870004654,14.029999733,0.370000004768,23.2641563416,8.63346290588,19.6592464447,34.0300987,108.7567692,34.0300178528,108.75655365,20.0,0.130116156386,0.0181021609975,-0.971223379128,0.198664059491,-6.1442694664,-3.55328559875,-0.273771166801,-0.28631323576,0.84181958437,0.357860028744,203.252612661
2227,446.589330006,10.2,12.0,96753.5,14.484000206,14.3999996185,0.370000004768,21.947063446,7.97791147232,19.6352272034,34.0300929,108.7567554,34.0300178528,108.75655365,20.0,0.10189614391,0.00775468821957,-0.975599275675,0.194327190926,-6.17395305634,-3.51193547249,-0.315167576075,-4.90999555588,-0.138284474611,18.2733440399,208.569597441
2228,446.791321325,10.2,12.0,96750.75,14.4790000916,14.4300003052,0.370000004768,20.6637592316,7.36038351059,19.6217975616,34.0300871,108.7567416,34.0300178528,108.75655365,20.0,0.0575678219353,0.00205201941852,-0.979653844648,0.192250152084,-6.09213447571,-3.38773012161,-0.240344017744,-2.73461675644,0.711259305477,5.36969423294,208.93197574
2229,446.994320202,8.2,12.0,96756.4921875,14.4910001755,14.25,0.370000004768,19.3503284454,6.73168802261,19.6144886017,34.0300816,108.7567279,34.0300178528,108.75655365,20.0,0.0201945900241,-0.00373889039534,-0.981515639534,0.190277005224,-5.88750362396,-3.26286578178,-0.201141759753,-4.56046581268,-4.60024929047,9.98939609528,206.496752501
2230,447.191306639,8.2,12.0,96758.75,14.4960002899,14.1199998856,0.370000004768,18.1759853363,6.17304086685,19.6033039093,34.0300762,108.7567145,34.0300178528,108.75655365,20.0,0.0170779405537,-0.00251943257832,-0.981968507422,0.188254672992,-5.65943670273,-3.11294770241,-0.204769179225,-2.83803200722,1.30652272701,8.40769958496,204.683522435
2231,447.590308237,8.2,12.0,96755.25,14.4930000305,14.1599998474,0.370000004768,15.8597602844,5.09313440323,19.5434570313,34.0300662,108.7566892,34.0300178528,108.75655365,20.0,0.00552237643693,-0.0170925529977,-0.9826989966,0.184336617661,-5.15509223938,-2.75898790359,-0.180630162358,1.82612240314,3.39600300789,4.97823905945,205.220878221
2232,447.792304087,8.2,12.0,96759.75,14.4849996567,14.220000267,0.370000004768,14.7723407745,4.59825944901,19.5107097626,34.0300616,108.7566775,34.0300178528,108.75655365,20.0,0.00779309799264,-0.00466329244928,-0.983132729818,0.182668066075,-4.886947155,-2.57623267174,-0.199757158756,1.56391096115,2.49193191528,11.4433717728,205.976698986
2233,447.99430756600003,8.2,12.0,96755.5,14.4899997711,14.470000267,0.370000004768,13.7383623123,4.13327169418,19.4730491638,34.0300572,108.7566664,34.0300178528,108.75655365,20.0,-0.00196478943617,-0.00586331134952,-0.98280946349,0.18451957713,-4.65707588196,-2.44581127167,-0.143613278866,-0.770714581013,-0.395386755466,9.34882164001,209.670300557
2234,448.191299248,7.3,11.0,96759.5,14.482000351,14.7399997711,0.370000004768,12.7858381271,3.71190237999,19.4489135742,34.0300532,108.756656,34.0300178528,108.75655365,20.0,-0.000709716708975,-0.0132430541254,-0.982410670009,0.186262012141,-4.37741851807,-2.29016900063,-0.142643034458,-2.45134878159,1.20676362514,15.264922142,213.464681858
2235,448.393293428,7.3,11.0,96752.75,14.4739999771,14.7600002289,0.360000014305,11.8982152939,3.32312011719,19.4251976013,34.0300494,108.7566461,34.0300178528,108.75655365,20.0,-0.0023071942201,-0.0094037804736,-0.982097476778,0.188124776405,-4.06273555756,-2.08622002602,-0.159166544676,-2.94135069847,-2.44221663475,3.33639526367,213.636242975
2236,448.590287018,7.3,11.0,96755.9921875,14.4709997177,14.9300003052,0.370000004768,11.0522489548,2.95297861099,19.4087715149,34.0300459,108.756637,34.0300178528,108.75655365,20.0,-0.00135300109435,-0.010288352274,-0.981707702723,0.190111157375,-3.78088355064,-1.93852818012,-0.152608975768,-2.21306109428,0.623890995979,17.991891861,216.052030202
2237,448.793281364,7.3,11.0,96754.75,14.4650001526,14.9600000381,0.360000014305,10.2688617706,2.6139755249,19.4091396332,34.0300426,108.7566284,34.0300178528,108.75655365,20.0,0.00461584678702,-0.00844409047684,-0.981491700124,0.191262904305,-3.50093841553,-1.76506567001,-0.108248010278,-2.50382041931,-0.651178300381,9.22369098663,216.396402835
2238,448.990277338,7.3,11.0,96752.0,14.4689998627,15.0,0.360000014305,9.56008815765,2.30787158012,19.409702301,34.0300396,108.7566206,34.0300178528,108.75655365,20.0,0.00259308024482,-0.0147328938538,-0.98176658187,0.189501081743,-3.29868745804,-1.63013446331,-0.122831784189,-2.29772472382,-1.20344257355,12.7171897888,217.03499794
2239,449.192273426,6.0,10.0,96754.0,14.4689998627,15.1000003815,0.370000004768,8.89342021942,2.02026844025,19.4091281891,34.0300368,108.7566132,34.0300178528,108.75655365,20.0,-0.00585205172016,-0.0153210024168,-0.982161961456,0.187320445948,-2.9999089241,-1.45422613621,-0.11647746712,1.01096761227,-5.6098947525,-0.7105884552,218.481903446
2240,449.389266777,6.0,10.0,96756.9921875,14.4729995728,15.0500001907,0.370000004768,8.28485774994,1.7593767643,19.4012546539,34.0300342,108.7566066,34.0300178528,108.75655365,20.0,0.00381364902643,-0.0144879469069,-0.982381335803,0.186286035845,-2.74245142937,-1.32088387012,-0.15047994256,-3.1144618988,-1.65976929665,18.5702705383,217.81864633
2241,449.591258335,6.0,10.0,96765.4921875,14.4870004654,15.2899999619,0.370000004768,7.74261283875,1.52573442459,19.3871421814,34.0300318,108.7566008,34.0300178528,108.75655365,20.0,0.00521121432154,-0.00649909787639,-0.982579510284,0.185656109047,-2.52606391907,-1.20161628723,-0.173846423626,0.857553243637,3.19032549858,2.80911898613,221.506236563
2242,449.808257627,6.0,10.0,96768.75,14.4779996872,15.5699996948,0.379999995232,7.23214292526,1.28980958462,19.3525562286,34.0300296,108.7565952,34.0300178528,108.75655365,20.0,0.0101061596797,-0.00410725253424,-0.982241956175,0.187301479866,-2.31466507912,-1.12310683727,-0.231731534004,-2.45494318008,-1.66075778008,18.8849849701,225.422450711
2243,449.990251589,6.0,10.0,96772.0,14.4770002365,16.1700000763,0.379999995232,6.86346435547,1.11523902416,19.3186264038,34.0300276,108.7565901,34.0300178528,108.75655365,20.0,0.0312646586659,0.00700922900743,-0.98170226578,0.187707480458,-2.17577171326,-1.06856107712,-0.145416483283,1.36494207382,-0.469691991806,5.7942738533,234.093094929
2244,450.193255711,5.2,4.0,96772.25,14.4910001755,16.6200008392,0.379999995232,6.36450624466,0.875969409943,19.2687988281,34.0300255,108.7565854,34.0300178528,108.75655365,20.0,0.0636718762481,0.00448007828781,-0.980123950596,0.187837292751,-2.14152956009,-1.05563616753,-0.0906084403396,0.823091864586,0.833111763,2.36220479012,240.840435078
2245,450.395253468,5.2,4.0,96769.25,14.484000206,17.0300006866,0.379999995232,5.94728946686,0.665848910809,19.2293872833,34.0300235,108.756581,34.0302047729,108.756149292,20.0,0.0632768812522,0.00153793323381,-0.979605628653,0.190700243877,-2.15758299828,-1.04533195496,-0.0577865578234,-0.0758252218366,-1.03721046448,6.02255296707,246.662533453
2246,450.592257309,5.2,4.0,96771.0,14.4639997482,17.5100002289,0.379999995232,5.51389884949,0.445771515369,19.193271637,34.0300215,108.7565766,34.0302047729,108.756149292,20.0,0.0810404634448,-0.0211701222968,-0.986656374941,0.139619022125,-2.20703244209,-0.993541657925,0.0292382724583,-2.7423582077,1.02423703671,18.2206439972,253.264638902
2247,450.79425339700003,5.2,4.0,96768.4921875,14.4689998627,18.0799999237,0.379999995232,5.10046005249,0.259032428265,19.1670742035,34.0300195,108.7565721,34.0302047729,108.756149292,20.0,0.11905937849,-0.0718970128591,-0.988446478038,0.0602441573524,-2.37518239021,-0.82256090641,0.0627582073212,1.8453400135,2.02269744873,2.08160877228,261.599516413
2248,450.991251278,5.2,4.0,96768.4921875,14.454000473,18.5200004578,0.379999995232,4.62240505219,0.113177709281,19.1535873413,34.0300175,108.7565672,34.0302047729,108.756149292,20.0,0.155240393277,-0.101290825603,-0.982326797781,-0.0259748498562,-2.68314242363,-0.453410983086,0.164637610316,-0.654073655605,-0.178045064211,5.03560304642,267.688095377
2249,451.193252611,3.5,344.0,96778.25,14.4479999542,19.0100002289,0.379999995232,4.05923604965,0.0301497038454,19.1461906433,34.030016,108.7565619,34.0302047729,108.756149292,20.0,0.188157751046,-0.118144175479,-0.968419770765,-0.113145827932,-3.01826190948,-0.0565438568592,0.230318397284,-3.01104617119,0.548208236694,14.3193340302,274.656482437
2250,451.390249062,3.5,344.0,96774.75,14.4390001297,19.3199996948,0.379999995232,3.46642613411,0.0338381119072,19.1472930908,34.0300152,108.7565557,34.0302047729,108.756149292,20.0,0.212910331758,-0.121767086967,-0.950177603205,-0.192365465862,-3.528870821,0.557111442089,0.251252263784,-4.50880718231,-1.58910930157,15.8935251236,278.961478099
2251,451.613245296,3.5,344.0,96768.25,14.4270000458,19.5900001526,0.379999995232,2.76127266884,0.123279154301,19.1522636414,34.0300153,108.7565485,34.0302047729,108.756149292,20.0,0.223793991475,-0.109143858225,-0.932852424628,-0.260365823452,-3.96350073814,1.07730269432,0.248175621033,-2.74257230759,-2.41372442245,8.17248344421,282.624933098
2252,451.790233183,3.5,344.0,96767.7421875,14.4340000153,19.7199993134,0.379999995232,1.98908507824,0.288264125586,19.1516628265,34.0300162,108.7565404,34.0302047729,108.756149292,20.0,0.23651934203,-0.0972494960084,-0.929033856933,-0.267389827564,-4.41192913055,1.5178757906,0.230299845338,-0.844242691994,1.51462268829,6.69060564041,284.63847039
2253,451.99222140300003,3.5,344.0,96769.7421875,14.420999527,19.8799991608,0.379999995232,1.10303020477,0.533676683903,19.1623401642,34.0300179,108.7565313,34.0302047729,108.756149292,20.0,0.234946711403,-0.100671003512,-0.928911293897,-0.267935292077,-4.85252952576,1.95004284382,0.196464315057,-5.27915668488,0.45504501462,23.4550132751,286.689458494
2254,452.18921403900003,2.5,4.0,96769.4921875,14.4200000763,20.0200004578,0.370000004768,0.128919005394,0.860814332962,19.1804656982,34.0300204,108.7565212,34.0302047729,108.756149292,20.0,0.232330393099,-0.110539635408,-0.928732380526,-0.266945220459,-5.26738262177,2.39211273193,0.218391776085,-4.5440454483,0.862432360649,19.6796684265,288.688408128
2255,452.391202974,2.5,4.0,96763.2421875,14.4060001373,20.1599998474,0.379999995232,-0.90371721983,1.26433491707,19.2028865814,34.0300237,108.7565099,34.0302047729,108.756149292,20.0,0.23786587062,-0.118757201391,-0.927300399201,-0.263497102489,-5.63353872299,2.82591795921,0.18804526329,0.0881256014109,-1.31092703342,-0.18182066083,290.42496057
2256,452.593191671,2.5,4.0,96760.0,14.4090003967,20.3400001526,0.370000004768,-2.01650953293,1.75316011906,19.2265281677,34.0300276,108.7564978,34.0302047729,108.756149292,20.0,0.224724372619,-0.120952003795,-0.929622711627,-0.265840867661,-5.93793344498,3.24072766304,0.113581895828,-3.66461801529,-0.600291848183,12.2119626999,293.079070268
2257,452.790182161,2.5,4.0,96764.5,14.3879995346,19.7800006866,0.370000004768,-3.22922563553,2.34446382523,19.2479743958,34.0300326,108.7564848,34.0302047729,108.756149292,20.0,0.18941823421,-0.112917315622,-0.937123143714,-0.27050098148,-6.16311073303,3.61873817444,0.103159949183,-1.61481535435,-4.12027168274,9.68972492218,284.594640674
2258,452.99218587900003,2.5,4.0,96760.7421875,14.404999733,18.8099994659,0.379999995232,-4.4926366806,3.00924181938,19.2775707245,34.0300383,108.7564713,34.0302047729,108.756149292,20.0,0.15970352063,-0.0973268012311,-0.943672237137,-0.272956225067,-6.27717590332,3.89440369606,0.0971914753318,-2.03398680687,0.488602638245,13.4102706909,270.958037284
2259,453.19017987300003,6.7,352.0,96760.7578125,14.4409999847,17.7399997711,0.379999995232,-5.74736213684,3.7129752636,19.313369751,34.0300446,108.7564575,34.0302047729,108.756149292,20.0,0.119547693194,-0.0775376928657,-0.950226893944,-0.277064973814,-6.28853321075,4.07490968704,0.136635035276,0.175376415253,-1.24716901779,5.3832154274,256.183336424
2260,453.39217715300003,6.7,352.0,96757.5,14.4429998398,16.5699996948,0.379999995232,-7.04014348984,4.47635173798,19.3565826416,34.0300514,108.7564433,34.0302047729,108.756149292,20.0,0.0999821633228,-0.050624984751,-0.954000533099,-0.278071714511,-6.22327947617,4.140376091,0.149536833167,-1.57383799553,-0.594444394112,3.56183457375,239.320502938
2261,453.59418253900003,6.7,352.0,96756.0,14.4499998093,15.75,0.379999995232,-8.3425617218,5.26625347137,19.4041538239,34.0300584,108.7564294,34.0302047729,108.756149292,20.0,0.110368682522,-0.0551516115988,-0.953115006739,-0.276312863303,-6.19585800171,4.15996742249,0.100748263299,-1.7145588398,0.090895652771,8.51261901855,227.587496996
2262,453.79117922800003,6.7,352.0,96759.5,14.4549999237,15.2299995422,0.379999995232,-9.61530303955,6.05350065231,19.4423103333,34.0300656,108.7564155,34.0302047729,108.756149292,20.0,0.120906640616,-0.0483754072484,-0.952360746738,-0.275772456411,-6.20213127136,4.17456388474,0.00351299438625,-3.02293801308,-2.35265803337,12.9300270081,220.149642221
2263,453.99318056100003,6.7,352.0,96758.25,14.4580001831,15.0500001907,0.370000004768,-10.9558372498,6.89643192291,19.4708786011,34.0300729,108.7564016,34.0302047729,108.756149292,20.0,0.11981126773,-0.05070220568,-0.951464662592,-0.278907549738,-6.22437524796,4.20377206802,-0.0427092462778,-2.4842312336,3.17493581772,4.55207395554,217.592905513
2264,454.19017391200003,8.2,359.0,96756.5,14.4610004425,14.8500003815,0.370000004768,-12.1965751648,7.68850135803,19.4888515472,34.0300802,108.7563879,34.0302047729,108.756149292,20.0,0.122434218896,-0.0461856176847,-0.950717251453,-0.28109376999,-6.23221874237,4.2110748291,-0.0818532258272,-3.43946576118,-2.88974189758,16.1397972107,214.745862088
2265,454.392176437,8.2,359.0,96756.75,14.4670000076,14.6800003052,0.370000004768,-13.4984951019,8.53076553345,19.5058689117,34.0300876,108.7563742,34.0302047729,108.756149292,20.0,0.124060757976,-0.0432444551791,-0.950564743082,-0.281363952362,-6.25804901123,4.2099313736,-0.084971152246,-1.21144413948,2.1703453064,8.903881073,212.375564527
2266,454.595176268,8.2,359.0,96761.0,14.4779996872,14.7100000381,0.370000004768,-14.7678976059,9.3496389389,19.5146179199,34.0300949,108.7563603,34.0302047729,108.756149292,20.0,0.123348428821,-0.0465324414669,-0.95004500922,-0.282903724253,-6.28319215775,4.20370817184,-0.163293853402,-0.357661247253,2.87055325508,-0.371201783419,212.971375951
2267,454.792175579,8.2,359.0,96755.75,14.4759998322,14.4799995422,0.370000004768,-16.0667095184,10.1889638901,19.5173416138,34.0301023,108.7563464,34.0302047729,108.756149292,20.0,0.0950804874752,-0.0342567371987,-0.953290042601,-0.284647529036,-6.25697946548,4.16594409943,-0.126027643681,-0.608110427856,-1.64321899414,4.20615243912,209.612470943
2268,454.99416785200003,8.2,359.0,96752.5,14.4709997177,14.1899995804,0.370000004768,-17.3454589844,11.0175094604,19.5247936249,34.0301097,108.7563326,34.0302047729,108.756149292,20.0,0.0421652982938,-0.028790944223,-0.956817122692,-0.28617200162,-6.10927343369,4.090487957,-0.049011785537,-2.55778741837,0.0932032763958,5.27938079834,205.343479922
2269,455.211164761,8.4,0.0,96756.7421875,14.4779996872,13.7700004578,0.370000004768,-18.5555400848,11.8035345078,19.5449199677,34.0301169,108.7563191,34.0302047729,108.756149292,20.0,0.0155522113329,-0.01532699333,-0.957723237788,-0.286861313328,-5.863717556,3.93889808655,-0.0471184514463,-0.115567475557,1.03213000298,3.64356732368,199.36206232
2270,455.39316706700004,8.4,0.0,96760.1953125,14.4770002365,13.6599998474,0.360000014305,-19.7774906158,12.6025419235,19.5536708832,34.0301239,108.7563061,34.0302047729,108.756149292,20.0,0.00880507115498,-0.0124109029618,-0.958390949235,-0.285053361041,-5.63017940521,3.81468820572,-0.0740618109703,-1.81289362907,-0.9148863554,16.9522514343,197.755821022
2271,455.590158987,8.4,0.0,96756.5,14.4750003815,13.5699996948,0.360000014305,-20.8581256866,13.315700531,19.5514793396,34.0301306,108.7562936,34.0302047729,108.756149292,20.0,0.00525712294092,-0.0087611111688,-0.958699717047,-0.284236892291,-5.33954763412,3.60417103767,-0.15419909358,-0.719173312187,-3.14112591743,10.7330274582,196.425750759
2272,455.79215245200004,8.4,0.0,96759.2421875,14.4809999466,13.5500001907,0.360000014305,-21.9482250214,14.033205986,19.535697937,34.030137,108.7562816,34.0302047729,108.756149292,20.0,0.00537408225653,0.000540228261409,-0.958969730832,-0.283457323108,-5.04245519638,3.42074418068,-0.124540820718,-2.59277963638,2.27540206909,7.32830619812,196.217552038
2273,455.994149494,8.4,0.0,96757.25,14.4910001755,13.529999733,0.370000004768,-22.9603729248,14.6932373047,19.5174350739,34.0301429,108.7562703,34.0302047729,108.756149292,20.0,-0.00481365964547,0.00232871059786,-0.959715371803,-0.280923391355,-4.78688812256,3.22332382202,-0.15536403656,-2.68288064003,0.998656272888,9.07179832458,196.063228505
2274,456.192152548,8.8,0.0,96759.75,14.4809999466,13.8400001526,0.360000014305,-23.935426712,15.3248100281,19.4891471863,34.0301486,108.7562596,34.0302047729,108.756149292,20.0,-0.0110784641788,0.0104431825909,-0.960504740129,-0.277847135029,-4.49324083328,3.01276421547,-0.178566753864,-4.62259483337,-1.4395737648,16.4152088165,200.41704147
2275,456.389144945,8.8,0.0,96759.2421875,14.4870004654,14.1099996567,0.370000004768,-24.8431682587,15.9128103256,19.4629383087,34.0301541,108.7562497,34.0302047729,108.756149292,20.0,-0.0121546949038,0.0101115957999,-0.961310250697,-0.275014108166,-4.17964267731,2.76680779457,-0.12834367156,-3.72912454605,0.342529177666,20.058216095,204.411571593
2276,456.591141272,8.8,0.0,96761.0,14.4879999161,14.1999998093,0.370000004768,-25.6669158936,16.441324234,19.4327907562,34.030159,108.7562404,34.0302047729,108.756149292,20.0,-0.0130387834972,0.0122013493249,-0.961843619065,-0.273016473987,-3.88202500343,2.54287624359,-0.120910175145,0.513954281807,0.937299847603,4.17037296295,205.729596045
2277,456.79313974400003,8.8,0.0,96760.25,14.5039997101,14.3400001526,0.379999995232,-26.4654464722,16.9450016022,19.4006118774,34.0301635,108.7562316,34.0302047729,108.756149292,20.0,-0.00289645572994,0.00837959246309,-0.962029929209,-0.272800239581,-3.58367967606,2.30129981041,-0.118848495185,-3.08764147758,-2.52137351036,7.11846017838,207.987358056
2278,456.990137386,8.8,0.0,96758.25,14.515999794,14.5399999619,0.379999995232,-27.1511383057,17.3663635254,19.3706531525,34.0301676,108.7562235,34.0302047729,108.756149292,20.0,-0.000607214914852,0.0154208943991,-0.961251181889,-0.275241932955,-3.33958745003,2.06427741051,-0.128897190094,0.431291937828,0.794529378414,4.92375659943,211.062636451
2279,457.19214110400003,9.2,358.0,96760.5,14.4960002899,14.7700004578,0.370000004768,-27.8181591034,17.7580318451,19.3415203094,34.0301711,108.7562162,34.0302047729,108.756149292,20.0,-0.00227959219139,0.00170076671869,-0.960549668669,-0.278093946974,-3.0830206871,1.85646510124,-0.167305469513,-2.07358527184,-0.276471853256,19.2311935425,214.105930918
2280,457.394145775,9.2,358.0,96761.75,14.4790000916,15.0399999619,0.370000004768,-28.4079036713,18.0974750519,19.3155231476,34.0301744,108.7562093,34.0302047729,108.756149292,20.0,0.000190619823739,-0.00529714120894,-0.959943470547,-0.280143674658,-2.80337262154,1.687910676,-0.128353178501,-1.29136049747,-0.466700941324,2.60771203041,217.764160825
2281,457.592143583,9.2,358.0,96764.75,14.4770002365,15.2700004578,0.370000004768,-28.9644927979,18.4089393616,19.2869472504,34.0301771,108.756203,34.0302047729,108.756149292,20.0,0.00383324945126,-0.00832490198806,-0.959318243123,-0.282178292696,-2.59550905228,1.56304585934,-0.136375635862,-1.48706102371,0.933158397675,8.82007694244,221.063800239
2282,457.794138718,9.2,358.0,96764.2421875,14.4530000687,15.5399999619,0.360000014305,-29.4669742584,18.679775238,19.2607936859,34.0301796,108.7561974,34.0302047729,108.756149292,20.0,0.00528435178069,-0.0113837245006,-0.957815075771,-0.287111117699,-2.30056262016,1.38310730457,-0.0864450111985,-0.71551400423,-0.116974130273,6.4471821785,224.599620516
2283,457.991132069,9.2,358.0,96767.5,14.4530000687,15.8699998856,0.370000004768,-29.9071559906,18.9156589508,19.2368850708,34.0301817,108.7561923,34.0302047729,108.756149292,20.0,0.00790502536967,-0.013065420964,-0.95603258018,-0.292862750601,-2.07752180099,1.2645059824,-0.0496299676597,-0.324302405119,0.937364935875,3.32392120361,229.369109436
2284,458.19312839500003,9.8,0.0,96769.9921875,14.4610004425,16.0100002289,0.370000004768,-30.3202648163,19.1322937012,19.2200508118,34.0301836,108.7561876,34.0302047729,108.756149292,20.0,0.0115797725421,-0.0145033789097,-0.953968396127,-0.299332713316,-1.85911607742,1.15892004967,0.0225590057671,-1.96275115013,-1.15447556973,16.8169746399,231.520620394
2285,458.39012246100003,9.8,0.0,96773.25,14.4580001831,16.0499992371,0.370000004768,-30.6625480652,19.3110694885,19.1949806213,34.0301853,108.7561834,34.0302047729,108.756149292,20.0,0.0148261617014,-0.0185149483843,-0.952015374388,-0.305130033402,-1.66226756573,1.06780731678,0.0102315749973,-2.21574306488,0.114011898637,15.3294000626,232.050891908
2286,458.592119265,9.8,0.0,96772.25,14.4519996643,16.3299999237,0.360000014305,-30.98320961,19.4763622284,19.1546535492,34.0301868,108.7561796,34.0302047729,108.756149292,20.0,0.02660569697,-0.0160031731968,-0.949772677358,-0.311396995821,-1.47357845306,0.982111871243,0.0339476466179,-0.3682962358,1.58072316647,3.96415805817,236.001153416
2287,458.810114431,9.8,0.0,96772.75,14.4499998093,16.7600002289,0.370000004768,-31.2633018494,19.6179046631,19.1134643555,34.0301882,108.7561762,34.0302047729,108.756149292,20.0,0.0296779684431,-0.0202858876712,-0.946751043348,-0.319953269684,-1.33349311352,0.914252340794,0.0269992761314,-1.45678448677,-1.27326369286,11.7236528397,242.182000111
2288,458.991112041,9.8,0.0,96771.0,14.4510002136,17.1299991608,0.370000004768,-31.5254459381,19.7476997375,19.0721759796,34.0301895,108.7561731,34.0302047729,108.756149292,20.0,0.032629404243,-0.0243102874038,-0.942872985376,-0.330658358472,-1.20620036125,0.857560932636,0.0548107475042,-1.3886590004,-1.00693953037,9.47912216187,247.545621532
2289,459.18910627400004,9.2,3.0,96768.9921875,14.4510002136,17.7299995422,0.379999995232,-31.7601280212,19.867980957,19.0443077087,34.0301905,108.7561703,34.0301704407,108.756980896,20.0,0.0323672521624,-0.0247820989824,-0.940544393069,-0.337215712677,-1.07237446308,0.813464999199,0.139458224177,-3.53631687164,-1.49229574203,15.7908716202,256.216227172
2290,459.3911026,9.2,3.0,96773.5,14.4519996643,18.1700000763,0.379999995232,-31.9609050751,19.9697494507,19.0403251648,34.0301915,108.7561678,34.0301704407,108.756980896,20.0,0.00937586147919,-0.0346271395085,-0.917697766603,-0.395656279941,-0.922612667084,0.761615276337,0.162218883634,-1.30129933357,-0.430454820395,13.3209943771,262.592835003
2291,459.593098688,9.2,3.0,96772.25,14.4569997787,18.1000003815,0.379999995232,-32.1257209778,20.0638465881,19.0453548431,34.0301925,108.7561655,34.0301704407,108.756980896,20.0,-0.0278462845168,-0.0549361529579,-0.882379571561,-0.466490106936,-0.677285730839,0.717689752579,0.210648566484,-1.61743652821,-0.919405519962,11.6124372482,261.67170151
2292,459.79008560200003,9.2,3.0,96768.7421875,14.4580001831,18.0400009155,0.379999995232,-32.2105979919,20.145275116,19.0528907776,34.0301935,108.7561639,34.0301704407,108.756980896,20.0,-0.0612725641637,-0.0795854172569,-0.838431724993,-0.535671693176,-0.178150936961,0.624210894108,0.19494920969,0.0801035165787,-1.90638494492,6.4600687027,260.82233654
2293,459.99208693500003,9.2,3.0,96767.0,14.4619998932,18.2000007629,0.379999995232,-32.2139625549,20.2179985046,19.0652370453,34.0301943,108.7561631,34.0301704407,108.756980896,20.0,-0.0709277670523,-0.0958458900492,-0.786801319268,-0.605579416933,0.368690222502,0.54836165905,0.19949567318,-1.8689365387,-1.69701445103,17.9005031586,263.20840909
2294,460.194085169,6.9,1.0,96767.5,14.4610004425,18.3600006104,0.379999995232,-32.124206543,20.2769470215,19.0835514069,34.0301951,108.7561632,34.0301704407,108.756980896,20.0,-0.0625292145989,-0.103548713937,-0.730176612094,-0.672465617314,0.771695435047,0.489511311054,0.173104837537,-1.10189187527,-0.406706780195,7.77985858917,265.503976951
2295,460.391078758,6.9,1.0,96771.75,14.4390001297,18.4200000763,0.370000004768,-31.943775177,20.3238182068,19.1030883789,34.0301956,108.7561645,34.0301704407,108.756980896,20.0,-0.052252466867,-0.111840766573,-0.669976400734,-0.732047112938,1.23848354816,0.425584375858,0.170316711068,2.86389565468,-0.113997787237,-0.692553758621,265.966383491
2296,460.594071674,6.9,1.0,96767.4921875,14.4340000153,18.4599990845,0.379999995232,-31.6693191528,20.3531856537,19.1153488159,34.0301959,108.756167,34.0301704407,108.756980896,20.0,-0.0462620430919,-0.120159245283,-0.604437395389,-0.786178905146,1.73051559925,0.356558948755,0.124643832445,-1.13056087494,0.419261813164,13.3596000671,266.451627067
2297,460.791069317,6.9,1.0,96771.25,14.4189996719,18.5400009155,0.370000004768,-31.312166214,20.3626003265,19.1257629395,34.0301962,108.7561704,34.0301704407,108.756980896,20.0,-0.03815683007,-0.126256993373,-0.538451478033,-0.832269992718,2.1512362957,0.308255434036,0.097764596343,-3.17068791389,0.430760145187,19.7993221283,267.328267119
2298,460.993060398,6.9,1.0,96770.4921875,14.4090003967,18.7800006866,0.370000004768,-30.8571414948,20.362695694,19.1389865875,34.0301962,108.7561748,34.0301704407,108.756980896,20.0,-0.0287394934577,-0.129693428764,-0.468609798389,-0.873360525301,2.55483961105,0.259452372789,0.12319855392,0.916511952877,0.16653445363,7.97531414032,270.601037344
2299,461.19005088800003,4.5,353.0,96767.75,14.4079999924,18.9400005341,0.370000004768,-30.3295974731,20.3476982117,19.1533813477,34.0301962,108.7561802,34.0301704407,108.756980896,20.0,-0.021600365229,-0.139631160417,-0.398193667735,-0.906354469162,2.95187354088,0.22451364994,0.152574554086,0.940168976784,-0.191279903054,6.1879901886,272.88752755
2300,461.392048407,4.5,353.0,96769.7421875,14.4060001373,18.8199996948,0.370000004768,-29.7012939453,20.3209056854,19.1725406647,34.0301961,108.7561864,34.0301704407,108.756980896,20.0,-0.0112321351282,-0.141356947423,-0.326770585651,-0.934405240968,3.35341143608,0.198085144162,0.167850658298,1.19785392284,-0.489989519119,5.3712644577,271.120918188
2301,461.58904438,4.5,353.0,96765.75,14.4119997025,18.7000007629,0.370000004768,-28.9886302948,20.2853069305,19.1874694824,34.0301959,108.7561936,34.0301704407,108.756980896,20.0,-0.000745957071794,-0.1435757788,-0.255797905863,-0.956008872578,3.73524308205,0.176585003734,0.140978351235,1.46405029297,-0.292779803276,2.38784861565,269.504405431
2302,461.791046429,4.5,353.0,96771.0,14.4060001373,18.8199996948,0.370000004768,-28.2169647217,20.2462882996,19.1972503662,34.0301956,108.7562014,34.0301704407,108.756980896,20.0,0.00876920501008,-0.151200359698,-0.181764690524,-0.97160851703,4.09420061111,0.172210633755,0.153100952506,-1.24413561821,-0.554073810577,8.64526462555,271.120918188
2303,461.98804216400003,4.5,353.0,96766.75,14.4010000229,18.7199993134,0.370000004768,-27.4858455658,20.2083969116,19.2125988007,34.0301953,108.7562103,34.0301704407,108.756980896,20.0,0.0123211570101,-0.168305168209,-0.108102746774,-0.979711965152,4.49820184708,0.172348603606,0.149893656373,-2.58637809753,-0.976094245911,6.66279697418,269.58671054
2304,462.191030312,2.6,332.0,96768.9921875,14.4090003967,18.7700004578,0.370000004768,-26.5645980835,20.1607971191,19.2320022583,34.0301949,108.7562199,34.0301704407,108.756980896,20.0,0.0203149811798,-0.178890307066,-0.0332408400989,-0.983097537199,4.92940807343,0.173291966319,0.164309710264,-3.02575659752,1.22268164158,16.0455417633,270.456944043
2305,462.393030214,2.6,332.0,96763.5,14.4040002823,18.9899997711,0.370000004768,-25.3675937653,20.1049995422,19.256729126,34.0301945,108.7562304,34.0301704407,108.756980896,20.0,0.0258272515927,-0.186445793474,0.0327078931995,-0.981580967149,5.39377307892,0.183195412159,0.171115159988,-0.690223991871,-1.67076957226,8.21339607239,273.531962064
2306,462.595026779,2.6,332.0,96767.0078125,14.404999733,18.9099998474,0.370000004768,-24.2567424774,20.0592460632,19.2749252319,34.0301941,108.7562419,34.0301704407,108.756980896,20.0,0.0396129325632,-0.195883847897,0.0393901917372,-0.97903462315,5.85326766968,0.212053626776,0.139725074172,-0.943972945213,0.744745194912,12.7176237106,272.398542752
2307,462.81202607200004,2.6,332.0,96761.4921875,14.3990001678,18.9300003052,0.370000004768,-23.0237503052,20.0232696533,19.2889442444,34.030194,108.7562542,34.0301704407,108.756980896,20.0,0.0314207337143,-0.196098048718,0.0350731743379,-0.979453057062,6.32232427597,0.231681868434,0.10614208132,-1.48402261734,-0.106129661202,3.58066797256,272.573077572
2308,462.99402265500004,2.6,332.0,96759.75,14.3950004578,18.8500003815,0.370000004768,-21.711353302,19.9996986389,19.2994384766,34.0301938,108.7562677,34.0301704407,108.756980896,20.0,0.0225915432021,-0.181625848268,0.0289247920771,-0.982682601476,6.69596910477,0.254173487425,0.0380069054663,-0.814041376114,0.505786001682,12.2933263779,271.34576412
2309,463.191013145,2.0,281.0,96762.25,14.404999733,18.6499996185,0.370000004768,-20.3606452942,19.9806499481,19.311050415,34.0301937,108.756282,34.0301704407,108.756980896,20.0,0.0322467645299,-0.150708785199,0.0200207224202,-0.987849341488,6.97650623322,0.28657874465,-0.0021006995812,-2.3346965313,-0.171943604946,17.32762146,268.653239525
2310,463.393006372,2.0,281.0,96759.0,14.4090003967,18.3899993896,0.370000004768,-18.924489975,19.9751110077,19.3364238739,34.0301936,108.756297,34.0301704407,108.756980896,20.0,0.0227395945442,-0.121672514707,0.0161207480869,-0.992178876501,7.14310932159,0.323630481958,0.0361553058028,-4.1774559021,1.12061417103,18.1052894592,264.981508501
2311,463.591004896,2.0,281.0,96760.2421875,14.4119997025,17.5300006866,0.370000004768,-17.495059967,19.9701519012,19.3743553162,34.0301938,108.7563125,34.0301704407,108.756980896,20.0,0.0111775286176,-0.0954733645919,0.0137238568121,-0.995274646818,7.19579124451,0.305487275124,0.054306641221,-3.46206569672,-2.75224423409,19.131362915,252.64236468
2312,463.792996454,2.0,281.0,96757.9921875,14.4180002213,16.8400001526,0.370000004768,-16.0172920227,19.9695453644,19.4111614227,34.0301938,108.7563283,34.0301704407,108.756980896,20.0,0.00484116087571,-0.0912155108312,0.0122778405866,-0.995743783389,7.19075679779,0.277508705854,0.0509854331613,-2.18512320518,1.19331681728,13.5090141296,242.799125926
2313,463.98999123600004,2.0,281.0,96759.25,14.4270000458,16.2199993134,0.370000004768,-14.5626306534,19.9568538666,19.4422874451,34.0301939,108.7563439,34.0301704407,108.756980896,20.0,0.00264979870766,-0.0983246305038,0.0109604986895,-0.995090507237,7.19668197632,0.223247826099,0.00420686881989,-4.55569458008,2.43704652786,16.9610328674,234.005930836
2314,464.19198494,5.6,72.0,96750.75,14.4429998398,16.0100002289,0.370000004768,-13.0664243698,19.9403495789,19.4655532837,34.0301939,108.7563597,34.0301704407,108.756980896,20.0,0.000910371927835,-0.101753914101,0.0130443653204,-0.994723703214,7.21440553665,0.169691234827,-0.0285125505179,-3.48985552788,-0.220978185534,10.4923191071,231.232430741
2315,464.388980198,5.6,72.0,96760.0,14.4479999542,15.8999996185,0.370000004768,-11.5638828278,19.9196567535,19.4826202393,34.0301938,108.7563755,34.0301704407,108.756980896,20.0,0.000915924775127,-0.107699664851,0.0141523216741,-0.994082396767,7.24321126938,0.114978566766,-0.0790503025055,-0.346264243126,-1.05751943588,6.40769958496,229.723193761
2316,464.590984392,5.6,72.0,96761.2421875,14.4449996948,15.9799995422,0.370000004768,-10.0915212631,19.8853282928,19.4956493378,34.0301936,108.7563913,34.0301704407,108.756980896,20.0,-0.00106882300481,-0.110974854302,0.0156608838228,-0.993699239768,7.30563354492,0.0413520894945,-0.0943785905838,-3.13203048706,2.19339799881,13.8363666534,230.831088511
2317,464.792986917,5.6,72.0,96759.5,14.4490003586,15.9799995422,0.370000004768,-8.57336425781,19.8450298309,19.4929714203,34.0301934,108.7564071,34.0301704407,108.756980896,20.0,-0.00146272745099,-0.110547000569,0.0187659264463,-0.993692664859,7.37433671951,-0.00380778545514,-0.126378670335,-2.49375724792,-2.79390907288,15.1666240692,230.895019116
2318,464.990984249,5.6,72.0,96764.4921875,14.4440002441,16.0499992371,0.370000004768,-7.0880689621,19.7949142456,19.4869308472,34.030193,108.7564231,34.0301704407,108.756980896,20.0,-0.00419725712923,-0.11046223272,0.0199932848218,-0.993670369176,7.42993164062,-0.0795835480094,-0.154715687037,-3.84574794769,-0.970094680786,20.8191585541,231.826192899
2319,465.19298296,7.0,33.0,96753.25,14.4390001297,16.1299991608,0.370000004768,-5.78706502914,19.7419605255,19.4782009125,34.0301926,108.7564392,34.0301704407,108.756980896,20.0,-0.000771355816378,-0.107317398203,0.0208983883936,-0.994004888713,7.47936487198,-0.150325164199,-0.0902052149177,-0.70113658905,-1.73539996147,4.05649614334,232.901059974
2320,465.394974279,7.0,33.0,96755.75,14.4340000153,16.0499992371,0.370000004768,-4.0580034256,19.6602554321,19.4666404724,34.0301921,108.7564555,34.0301704407,108.756980896,20.0,0.000231417808461,-0.106455879741,0.0208764298855,-0.994098243982,7.51380872726,-0.19516004622,-0.132971093059,-0.769430875778,-0.525195777416,-0.271970242262,231.665689233
2321,465.591977406,7.0,33.0,96759.2421875,14.4460000992,16.0300006866,0.370000004768,-2.74760174751,19.596162796,19.4626426697,34.0301914,108.7564718,34.0301704407,108.756980896,20.0,0.00454516355862,-0.105084869101,0.0204655824062,-0.994242301911,7.54006433487,-0.220332086086,-0.10030759871,-1.86801660061,-2.21381235123,9.73961639404,231.569391509
2322,465.793972778,7.0,33.0,96755.4921875,14.4580001831,16.0200004578,0.370000004768,-0.968495905399,19.5003051758,19.4575920105,34.0301907,108.7564882,34.0301704407,108.756980896,20.0,0.00650765780254,-0.0979248149621,0.0213696744536,-0.994943077561,7.5587849617,-0.246798932552,-0.0652556940913,-1.88806307316,-0.804324030876,9.54635047913,231.617169552
2323,465.990963745,7.0,33.0,96754.5,14.4580001831,15.8000001907,0.370000004768,0.540769219399,19.4090251923,19.4571533203,34.0301899,108.7565045,34.0301704407,108.756980896,20.0,0.00352396122427,-0.0987976603897,0.0216750705179,-0.994865274478,7.57450914383,-0.279338896275,-0.076374001801,-3.79203081131,1.14978682995,18.0157756805,228.436405651
2324,466.192961502,8.6,17.0,96757.7421875,14.4549999237,15.5399999619,0.370000004768,2.09035730362,19.3118724823,19.463766098,34.0301892,108.756521,34.0301704407,108.756980896,20.0,0.00897240023511,-0.100304620958,0.0214130014139,-0.994685897491,7.5756726265,-0.313728511333,-0.0300682596862,-5.47993993759,1.87998199463,12.929558754,224.630698263
2325,466.394951391,8.6,17.0,96759.0,14.4530000687,15.3199996948,0.370000004768,3.60665583611,19.2186737061,19.4622039795,34.0301885,108.7565374,34.0301704407,108.756980896,20.0,0.0101551619765,-0.104758273172,0.0214238753008,-0.994215117193,7.59097242355,-0.316874593496,-0.0558574981987,-2.22365522385,-0.636996507645,5.44792985916,221.419956641
2326,466.592945147,8.6,17.0,96761.2578125,14.4549999237,15.220000267,0.370000004768,5.16555166245,19.1273193359,19.4589328766,34.0301877,108.756554,34.0301704407,108.756980896,20.0,0.00993903293735,-0.101958352658,0.0201068284317,-0.994535812564,7.63331651688,-0.326139330864,-0.0583163946867,-0.316337227821,-3.92795658112,7.04068756104,220.005102699
2327,466.789941359,8.6,17.0,96753.25,14.4560003281,15.2100000381,0.370000004768,6.6915678978,19.0349979401,19.4667205811,34.030187,108.7565706,34.0301704407,108.756980896,20.0,0.0115317518059,-0.101830141945,0.0207591773529,-0.994518363768,7.6449971199,-0.334150820971,-0.033967744559,-0.0873356983066,0.89484423399,1.63817584515,219.875765541
2328,466.99193697,8.6,17.0,96754.75,14.4580001831,15.029999733,0.370000004768,8.25939655304,18.9482631683,19.4735984802,34.0301863,108.7565872,34.0301704407,108.756980896,20.0,0.0126565879723,-0.103274640884,0.02241567494,-0.994319725671,7.6589679718,-0.324109643698,-0.0638140961528,-4.23706960678,-1.03561794758,15.7465906143,217.303738891
2329,467.188930321,9.4,15.0,96759.5,14.4449996948,14.6899995804,0.360000014305,9.82995605469,18.8571929932,19.482919693,34.0301856,108.7566039,34.0301704407,108.756980896,20.0,0.0118735100637,-0.10623036776,0.0219295110424,-0.994028785976,7.6795296669,-0.34913572669,-0.0785748064518,1.02030682564,0.260350763798,1.00687420368,212.197039456
2330,467.410922098,9.4,15.0,96760.2421875,14.4469995499,14.6199998856,0.360000014305,11.364151001,18.7736091614,19.4823989868,34.030185,108.7566207,34.0301704407,108.756980896,20.0,0.0113283089681,-0.105053543456,0.0205205418967,-0.9941902927,7.70028305054,-0.340014189482,-0.114049643278,-5.09902763367,-3.33117103577,18.8942966461,211.215131766
2331,467.592914867,9.4,15.0,96755.0,14.4350004196,14.6400003433,0.360000014305,12.9843006134,18.6938800812,19.4830646515,34.0301844,108.7566374,34.0301704407,108.756980896,20.0,0.0118678413126,-0.101768028027,0.0197808647053,-0.994540701598,7.7186126709,-0.357493728399,-0.054931730032,-2.14026069641,2.34837651253,-0.755666911602,211.328411099
2332,467.795911837,9.4,15.0,96763.7421875,14.4270000458,14.5399999619,0.360000014305,14.4831390381,18.6203422546,19.4890117645,34.0301838,108.7566543,34.0301704407,108.756980896,20.0,0.01189698059,-0.111073772955,0.0198093559749,-0.993543507162,7.70012950897,-0.342232704163,-0.0735175833106,-0.901087522507,1.21460258961,1.72873568535,209.768580115
2333,467.992904472,9.4,15.0,96760.7578125,14.4390001297,14.779999733,0.360000014305,16.0605068207,18.5500831604,19.4738502502,34.0301833,108.7566712,34.0301704407,108.756980896,20.0,0.0116042759954,-0.113504502881,0.0215356908899,-0.99323634093,7.69249629974,-0.330578625202,-0.147009193897,0.262657493353,-1.28169178963,2.97602438927,213.408418061
2334,468.19490008400004,8.4,18.0,96757.75,14.4409999847,15.1400003433,0.360000014305,17.6060810089,18.4876308441,19.4475593567,34.0301827,108.7566881,34.0301704407,108.756980896,20.0,0.00810794203037,-0.111678279935,0.0233167324143,-0.993437802866,7.71967363358,-0.322143524885,-0.184514120221,-1.75705969334,-2.29652833939,6.21544218063,218.636744727
2335,468.39190082600004,8.4,18.0,96760.5,14.4460000992,15.4200000763,0.360000014305,19.1963787079,18.4235363007,19.4192047119,34.0301823,108.7567051,34.0301704407,108.756980896,20.0,0.00490610390091,-0.112593999245,0.0260860332425,-0.99328649568,7.73927545547,-0.313727945089,-0.144319877028,-1.03394293785,-0.390318214893,6.90029287338,222.757322632
2336,468.593893099,8.4,18.0,96764.75,14.4379997253,15.5900001526,0.360000014305,20.7923030853,18.3655834198,19.3949947357,34.0301819,108.7567221,34.0301704407,108.756980896,20.0,0.00453127090368,-0.110458513261,0.0273388483145,-0.99349432179,7.76330184937,-0.314713180065,-0.10269805789,-2.93428754807,3.48557782173,10.159787178,225.088417921
2337,468.790888834,8.4,18.0,96760.0,14.4270000458,15.5600004196,0.360000014305,22.3526954651,18.3147563934,19.378326416,34.0301814,108.7567392,34.0301704407,108.756980896,20.0,0.00230984222757,-0.0945515181846,0.0292683310394,-0.995086966902,7.76387119293,-0.319924384356,-0.0796298086643,-3.09835577011,-0.0849247574806,18.2858734131,224.484126766
2338,468.99288516,8.4,18.0,96758.5,14.4320001602,15.3599996567,0.360000014305,23.9029426575,18.2642879486,19.3728122711,34.0301808,108.7567564,34.0301704407,108.756980896,20.0,-0.00242098083292,-0.050447535982,0.0330105075718,-0.998178143212,7.64167308807,-0.331087619066,0.0107340440154,-1.18079161644,-1.70564317703,6.99162769318,221.675517506
2339,469.194883871,6.9,20.0,96762.2578125,14.4399995804,14.8599996567,0.370000004768,25.4607791901,18.2042331696,19.3829307556,34.0301804,108.7567734,34.0301704407,108.756980896,20.0,-0.00614756766179,-0.00548476891513,0.0352472408223,-0.999344683685,7.37601900101,-0.35515409708,0.0464030914009,-1.69664037228,2.21493911743,3.4979763031,214.578388807
2340,469.39187746,6.9,20.0,96759.7421875,14.4440002441,14.5600004196,0.360000014305,26.9637184143,18.1421661377,19.3885974884,34.0301799,108.7567901,34.0301704407,108.756980896,20.0,-0.00450838417712,0.0142065709243,0.0365815678993,-0.999219549692,7.0684223175,-0.371487915516,0.0394814014435,0.713418900967,0.335608243942,8.29773521423,210.304649616
2341,469.594870615,6.9,20.0,96762.5,14.4510002136,14.3900003433,0.360000014305,28.373260498,18.0804481506,19.3918628693,34.0301794,108.756806,34.0301704407,108.756980896,20.0,-0.00408518931758,0.0159473776841,0.036988664309,-0.999180058095,6.70738792419,-0.371481955051,0.00416332948953,-1.97804784775,-3.15923810005,13.0902519226,207.949898035
2342,469.81186347,6.9,20.0,96758.25,14.4569997787,14.529999733,0.360000014305,29.7460613251,18.0119190216,19.385433197,34.0301788,108.7568213,34.0301704407,108.756980896,20.0,-0.0024462597224,0.0262580332142,0.0374085312139,-0.998952043644,6.27991294861,-0.39038926363,-0.0694988146424,-2.34664821625,-2.62672376633,16.2517166138,210.060202925
2343,469.988853979,6.9,20.0,96758.7421875,14.4610004425,14.7100000381,0.370000004768,31.0536441803,17.9449005127,19.378320694,34.0301782,108.7568355,34.0301704407,108.756980896,20.0,0.000422794793748,0.0280921639627,0.0375806589432,-0.99889860144,5.89135694504,-0.386895567179,-0.083256393671,-1.66884160042,0.822097182274,16.2076911926,212.721317061
2344,470.210852432,5.5,24.0,96759.7421875,14.4569997787,14.9799995422,0.370000004768,32.249546051,17.8716926575,19.3705234528,34.0301776,108.7568491,34.0301704407,108.756980896,20.0,-0.00149550189407,0.0351330571071,0.0381714313188,-0.998652337405,5.50437784195,-0.410248428583,-0.117535836995,-0.467492073774,-1.77617180347,4.90986537933,216.565850068
2345,470.412843275,5.5,24.0,96765.0,14.4549999237,15.3999996185,0.360000014305,33.4262771606,17.7880001068,19.359577179,34.030177,108.7568617,34.0301704407,108.756980896,20.0,0.00764847289297,0.041876318427,0.0380574240936,-0.99836847838,5.08966112137,-0.403951704502,-0.130918294191,0.212785452604,0.66635286808,4.16839885712,222.606993311
2346,470.58984022100003,5.5,24.0,96766.5,14.4530000687,15.7600002289,0.360000014305,34.4315643311,17.7116775513,19.3486709595,34.0301763,108.7568734,34.0301704407,108.756980896,20.0,0.00471686718527,0.0440854533942,0.0366127565672,-0.998345508347,4.70037460327,-0.407610744238,-0.122958950698,-2.42080497742,-1.01945817471,10.9183797836,227.77928439
2347,470.791838932,5.5,24.0,96768.5,14.4460000992,16.1800003052,0.370000004768,35.4116783142,17.6304302216,19.322177887,34.0301758,108.7568841,34.0301704407,108.756980896,20.0,0.0125345952364,0.0447216297795,0.0355849213725,-0.998286882081,4.31821012497,-0.394473969936,-0.156442627311,-2.84677958488,-0.968098521233,20.9304733276,233.736286013
2348,470.98983554800003,5.5,24.0,96772.25,14.4460000992,16.5100002289,0.370000004768,36.2822990417,17.562707901,19.2877178192,34.0301752,108.756894,34.0301704407,108.756980896,20.0,0.0121676884809,0.0394941745979,0.0350366751671,-0.998531249509,3.92987704277,-0.365833163261,-0.126414164901,2.12749218941,-0.412127941847,-1.69072842598,238.503464944
2349,471.191831636,5.4,21.0,96766.0,14.4340000153,17.1100006104,0.360000014305,37.0918731689,17.4995059967,19.240530014,34.0301747,108.7569029,34.0301704407,108.756980896,20.0,0.0141356091316,0.0400722133569,0.0364431576488,-0.998431993681,3.55859351158,-0.338377267122,-0.131033673882,-0.741352558136,0.0449211895466,8.64993190765,246.965749071
2350,471.393825102,5.4,21.0,96768.4921875,14.4280004501,17.6299991608,0.360000014305,37.8163948059,17.4437580109,19.1979007721,34.0301743,108.756911,34.0301704407,108.756980896,20.0,0.0132256626235,0.0373202678106,0.0374932463794,-0.998512199133,3.20827531815,-0.303113430738,-0.111620537937,-1.23364460468,0.793393075466,13.6234169006,254.365635827
2351,471.59082131400004,5.4,21.0,96770.7421875,14.404999733,18.1599998474,0.370000004768,38.4463653564,17.4033794403,19.1690349579,34.030174,108.7569182,34.0301704407,108.756980896,20.0,0.0143350743605,0.0392636366049,0.0399998459009,-0.998325024979,2.86475348473,-0.262270003557,-0.0169481541961,-0.374656617641,0.463228493929,4.68540239334,261.594792953
2352,471.792818117,5.4,21.0,96768.75,14.4189996719,18.5300006866,0.370000004768,39.0171966553,17.3770160675,19.1505870819,34.0301739,108.7569246,34.0301704407,108.756980896,20.0,0.0142482999263,0.0313747152826,0.0443397490389,-0.998422089171,2.56565713882,-0.203836962581,-0.0020629633218,-1.37559008598,-0.941551089287,12.794878006,267.184073822
2353,471.98981003800003,5.4,21.0,96775.0,14.406999588,18.5900001526,0.370000004768,39.5212211609,17.3639793396,19.1329956055,34.0301737,108.7569304,34.0301704407,108.756980896,20.0,0.0084439057551,0.0273166705111,0.0502791250779,-0.998325867916,2.28052759171,-0.160726815462,0.0503849089146,-3.90081644058,1.29397690296,17.2897987366,267.826124539
2354,472.191799688,6.9,353.0,96765.9921875,14.4099998474,18.7700004578,0.370000004768,39.9573898315,17.3590335846,19.1187133789,34.0301738,108.7569354,34.0301704407,108.756980896,20.0,0.00374792299181,0.0205789640142,0.0564054645369,-0.998188848512,2.04557347298,-0.150650709867,0.0640971958637,-1.62341880798,0.674737334251,8.00424385071,270.475703732
2355,472.394792843,6.9,353.0,96768.75,14.4189996719,18.7999992371,0.370000004768,40.3413848877,17.3617973328,19.1081848145,34.030174,108.7569399,34.0301704407,108.756980896,20.0,0.00198985676823,0.0212518542557,0.0634191637445,-0.997758655629,1.8262348175,-0.141116425395,0.0799421742558,-1.56477177143,-1.84635603428,15.4612007141,271.077182832
2356,472.59178595500003,6.9,353.0,96769.4921875,14.4119997025,18.8799991608,0.370000004768,40.6858978271,17.3736839294,19.106086731,34.0301741,108.7569439,34.0301704407,108.756980896,20.0,-0.000234556431586,0.0149449063312,0.071894347071,-0.997300308651,1.63440668583,-0.125887289643,0.0688820928335,-2.17615032196,-0.533432304859,17.7938842773,272.098542287
2357,472.788776445,6.9,353.0,96766.75,14.4020004272,18.8899993896,0.370000004768,40.9887313843,17.3917541504,19.1093673706,34.0301745,108.7569474,34.0301704407,108.756980896,20.0,-0.00182142149797,0.0150451348297,0.0839508324092,-0.996354659811,1.44120788574,-0.11635851115,0.12774798274,-0.582889556885,-1.76858413219,14.0010614395,272.05377928
2358,473.01077013,6.9,353.0,96772.25,14.404999733,19.3099994659,0.370000004768,41.2449645996,17.4204425812,19.1161422729,34.0301748,108.7569504,34.0300216675,108.756538391,20.0,-0.0114035425744,0.00609944433666,0.118328752334,-0.992890357451,1.2813565731,-0.121716417372,0.143762469292,-2.5523917675,0.738753139973,17.6358833313,278.160537151
2359,473.19275646200003,10.5,357.0,96768.25,14.4040002823,19.3500003815,0.370000004768,41.4700698853,17.4456825256,19.1251049042,34.0301752,108.7569532,34.0300216675,108.756538391,20.0,-0.0466985389041,0.0331308901664,0.18382267899,-0.981290364629,1.07546985149,-0.203934207559,0.122923567891,-0.00106268003583,0.311653703451,7.70866203308,278.717410957
2360,473.389744806,10.5,357.0,96767.75,14.3940000534,19.5400009155,0.370000004768,41.6273155212,17.4505004883,19.1375789642,34.0301755,108.7569555,34.0300216675,108.756538391,20.0,-0.079797129438,0.0684740927773,0.260935185228,-0.9596127653,0.71129822731,-0.360982209444,0.187315404415,2.87699723244,0.331464529037,-1.63419926167,281.258774222
2361,473.591742563,10.5,357.0,96771.0,14.3940000534,19.7000007629,0.370000004768,41.7077064514,17.4211750031,19.1594848633,34.0301755,108.7569573,34.0300216675,108.756538391,20.0,-0.0978587031027,0.0961164773441,0.339216718604,-0.930654340038,0.298953443766,-0.513447225094,0.157683521509,0.0699304863811,0.0561824887991,9.90015506744,283.561812034
2362,473.788740683,10.5,357.0,96766.4921875,14.388999939,19.7399997711,0.370000004768,41.6994132996,17.3659877777,19.1799812317,34.0301753,108.7569581,34.0300216675,108.756538391,20.0,-0.105639814021,0.0844927961,0.411660934534,-0.901241719263,-0.27650436759,-0.703129887581,0.128258392215,-3.61997818947,-0.530840396881,20.1172924042,284.038855502
2363,473.991737175,10.5,357.0,96767.9921875,14.3950004578,19.7700004578,0.370000004768,41.5977172852,17.2830982208,19.2011795044,34.0301747,108.7569576,34.0300216675,108.756538391,20.0,-0.115290224023,0.0732326504397,0.483538928628,-0.864601187922,-0.767182052135,-0.850776970387,0.12353515625,0.844922065735,-0.160556018353,10.3678064346,284.589165639
2364,474.193735409,12.3,4.0,96768.4921875,14.390999794,19.6100006104,0.370000004768,41.401096344,17.1659603119,19.2230300903,34.030174,108.7569561,34.0300216675,108.756538391,20.0,-0.120792878369,0.0604114276575,0.552649813529,-0.82239752546,-1.21596348286,-1.01821112633,0.113840982318,-0.0372296944261,1.54514348507,8.32975101471,282.207514744
2365,474.390723276,12.3,4.0,96766.25,14.3999996185,19.4300003052,0.370000004768,41.1222229004,17.0377178192,19.2421379089,34.030173,108.7569536,34.0300216675,108.756538391,20.0,-0.124109558758,0.0460913325504,0.617420210505,-0.775412677087,-1.56105148792,-1.14339733124,0.113633319736,0.645572006702,-0.157711833715,7.74985980988,279.791996983
2366,474.59272294,12.3,4.0,96763.5,14.388999939,19.4099998474,0.370000004768,40.7393302917,16.8768444061,19.2595386505,34.0301718,108.7569499,34.0300216675,108.756538391,20.0,-0.125751618415,0.0343673357975,0.680428002569,-0.721126332385,-1.9965775013,-1.29467868805,0.053155310452,0.740275323391,0.967853009701,0.900067985058,279.29048662
2367,474.794708061,12.3,4.0,96754.5,14.388999939,19.3299999237,0.370000004768,40.2990493774,16.7027587891,19.284368515,34.0301703,108.7569453,34.0300216675,108.756538391,20.0,-0.134832056828,0.0180513687767,0.736583330828,-0.662525138213,-2.34071660042,-1.4200899601,0.0637198537588,0.584121882915,0.370008826256,3.93008351326,278.139367722
2368,474.99171381,12.3,4.0,96755.1953125,14.3830003738,19.1700000763,0.360000014305,39.7531738281,16.4972896576,19.3235759735,34.0301685,108.7569398,34.0300216675,108.756538391,20.0,-0.133271227319,0.0039756437314,0.78633127654,-0.60324635706,-2.66990637779,-1.55476939678,0.0439204722643,-2.88433694839,-0.307531267405,19.138792038,275.722118264
2369,475.18870883,11.6,11.0,96756.75,14.3760004044,18.9899997711,0.360000014305,39.1500053406,16.2761230469,19.3721065521,34.0301665,108.7569335,34.0300216675,108.756538391,20.0,-0.140441939342,-0.00462619614324,0.828925282041,-0.541421924696,-2.95853090286,-1.67363846302,0.0450235009193,0.304444372654,-0.799522161484,9.032122612,273.000244388
2370,475.390701103,11.6,11.0,96753.5,14.3809995651,18.8799991608,0.370000004768,38.459148407,16.0242214203,19.4212932587,34.0301644,108.7569265,34.0300216675,108.756538391,20.0,-0.161192903328,-0.0159659163706,0.865066278396,-0.474786503332,-3.28126311302,-1.82032811642,0.0216795336455,-3.32914996147,3.12602686882,13.944393158,271.513259721
2371,475.593696165,11.6,11.0,96761.0,14.3879995346,18.9899997711,0.370000004768,37.6910972595,15.7405281067,19.4616603851,34.0301621,108.7569189,34.0300216675,108.756538391,20.0,-0.18061558831,-0.0223648563774,0.895824964145,-0.405432599701,-3.63815593719,-1.99170196056,-0.0500672608614,-5.41663694382,0.15397298336,21.9672012329,273.228107869
2372,475.79068737,11.6,11.0,96756.9921875,14.3879995346,19.2000007629,0.370000004768,36.8637771606,15.4382743835,19.4862747192,34.0301595,108.7569105,34.0300216675,108.756538391,20.0,-0.187307117007,-0.0365064095317,0.922185689473,-0.3363882436,-4.02354574203,-2.17500090599,-0.00839531514794,0.674998879433,0.286399364471,-1.23073542118,276.249602042
2373,475.99268322,11.6,11.0,96756.796875,14.3819999695,19.2900009155,0.360000014305,35.9636802673,15.1075210571,19.4995594025,34.0301566,108.7569013,34.0300216675,108.756538391,20.0,-0.197445694199,-0.0491747775482,0.943602041561,-0.261174642548,-4.38878679276,-2.36414480209,-0.0319369956851,-4.52688550949,1.49689912796,15.6469993591,277.428792578
2374,476.18967514,7.1,12.0,96758.5,14.3649997711,19.4300003052,0.360000014305,34.9634475708,14.7204427719,19.5057907104,34.0301534,108.7568914,34.0300216675,108.756538391,20.0,-0.20632491302,-0.0652021967074,0.957904764264,-0.188672601142,-4.80982494354,-2.59210062027,-0.0521877370775,-1.68350303173,1.23774755001,10.4103441238,279.111949937
2375,476.391667891,7.1,12.0,96758.5,14.373000145,19.6000003815,0.360000014305,33.8797416687,14.2859010696,19.5079936981,34.0301498,108.7568805,34.0300216675,108.756538391,20.0,-0.208440268615,-0.0787029228352,0.959344458463,-0.17325364023,-5.16475915909,-2.82262992859,-0.0900270119309,-3.45667719841,-4.10088062286,15.5925512314,281.710808324
2376,476.593666601,7.1,12.0,96757.7421875,14.3719997406,19.5200004578,0.360000014305,32.7410392761,13.816701889,19.5016613007,34.0301457,108.7568688,34.0300216675,108.756538391,20.0,-0.196726489839,-0.079303167715,0.961547010619,-0.174462453992,-5.61581420898,-3.11348199844,-0.0901036635041,-3.81392788887,-1.20243418217,13.303976059,280.541441516
2377,476.790652084,7.1,12.0,96756.25,14.3599996567,19.1700000763,0.360000014305,31.5131244659,13.2817325592,19.4953937531,34.0301413,108.7568562,34.0300216675,108.756538391,20.0,-0.175543541729,-0.0791277577998,0.964475500094,-0.180859966274,-5.9146490097,-3.35921764374,-0.104155465961,-3.91466856003,1.38325238228,14.5414476395,275.281194514
2378,476.993650007,7.1,12.0,96758.5,14.3699998856,18.5599994659,0.360000014305,30.2350616455,12.7090654373,19.4914112091,34.0301361,108.7568431,34.0300216675,108.756538391,20.0,-0.151120317565,-0.0488660571512,0.970298635125,-0.182470270915,-6.11715984344,-3.51428961754,-0.0543711520731,-4.38294839859,-2.83708119392,17.2980575562,266.707190202
2379,477.190641212,5.4,11.0,96757.0,14.3640003204,17.5699996948,0.34999999404,28.9600105286,12.1255970001,19.4967632294,34.0301306,108.7568294,34.0300216675,108.756538391,20.0,-0.116289424385,-0.0363492228601,0.975753364553,-0.181827025713,-6.20391654968,-3.56461524963,-0.0827647671103,-5.19922494888,0.712105989456,19.1143665314,252.375481246
2380,477.392632532,5.4,11.0,96746.9921875,14.3520002365,16.8999996185,0.34999999404,27.6001033783,11.495300293,19.5102005005,34.030125,108.7568154,34.0300216675,108.756538391,20.0,-0.104637598842,-0.0324384510311,0.977038843432,-0.182739757865,-6.2347984314,-3.57408046722,0.013380786404,-5.86127662659,3.10080814362,17.6635894775,242.548798522
2381,477.58962206800004,5.4,11.0,96749.75,14.3669996262,16.1800003052,0.34999999404,26.3327999115,10.8965549469,19.5392112732,34.0301192,108.7568014,34.0300216675,108.756538391,20.0,-0.11134575974,-0.0274378697009,0.976184273932,-0.184156313443,-6.26468420029,-3.55323028564,-0.00517585687339,-1.5765799284,1.77525210381,6.05381059647,232.458058336
2382,477.791622448,5.4,11.0,96750.0,14.3850002289,15.4300003052,0.34999999404,24.9881134033,10.2564439774,19.5652179718,34.0301134,108.7567874,34.0300216675,108.756538391,20.0,-0.114010749752,-0.023354279988,0.975818270699,-0.185026983039,-6.29315376282,-3.54498147964,-0.0809576138854,-2.15790867805,0.23589938879,15.4579029083,221.960557922
2383,477.993614483,5.4,11.0,96748.25,14.388999939,15.1599998474,0.34999999404,23.6689510345,9.63744735718,19.5861797333,34.0301076,108.7567734,34.0300216675,108.756538391,20.0,-0.115485288857,-0.0201186348176,0.975639525915,-0.185434500918,-6.35288238525,-3.51049208641,-0.0428481400013,-0.229491174221,-0.287525713444,9.63516807556,218.137236879
2384,478.190607119,4.7,13.0,96748.75,14.3959999084,14.6999998093,0.34999999404,22.3131599426,9.00511550903,19.6176815033,34.0301019,108.7567594,34.0300216675,108.756538391,20.0,-0.119419417943,-0.0133750916407,0.975138442033,-0.186185515611,-6.38339424133,-3.44700026512,-0.0871549844742,-2.89287447929,-1.05477905273,14.4638252258,211.621195908
2385,478.393598366,4.7,13.0,96749.75,14.4010000229,14.4300003052,0.34999999404,20.9586315155,8.37745475769,19.6343269348,34.0300961,108.7567452,34.0300216675,108.756538391,20.0,-0.101395528912,-0.0103641102464,0.976911939271,-0.187762439948,-6.42595672607,-3.38017106056,-0.142046093941,-3.90870499611,1.44767153263,15.9987840652,207.806434725
2386,478.590595055,4.7,13.0,96748.25,14.4270000458,14.0,0.360000014305,19.6383514404,7.778424263,19.6600723267,34.0300905,108.756731,34.0300216675,108.756538391,20.0,-0.0585902070156,-0.00556340244268,0.98053808553,-0.187300426195,-6.34039974213,-3.28009462357,-0.1317230165,-6.65788984299,0.892508864403,18.1422176361,201.978000641
2387,478.79259185800004,4.7,13.0,96753.75,14.4280004501,13.6599998474,0.34999999404,18.2888336182,7.16782093048,19.6852664948,34.0300851,108.7567169,34.0300216675,108.756538391,20.0,-0.0219039568813,-0.00291673313853,0.982622373629,-0.184296072393,-6.13573455811,-3.17495012283,-0.148277059197,0.953002750874,-1.77469623089,-1.32505989075,197.086483947
2388,478.989585686,4.7,13.0,96749.5,14.4280004501,13.3400001526,0.34999999404,17.0873222351,6.62336778641,19.699514389,34.0300799,108.7567032,34.0300216675,108.756538391,20.0,-0.00886243746098,0.00388960785489,0.983814665827,-0.17892753327,-5.89593935013,-3.04763555527,-0.131331384182,-3.00965380669,1.81945705414,10.0290699005,192.469528206
2389,479.211576986,2.7,354.0,96749.7421875,14.4329996109,13.1199998856,0.34999999404,15.8686332703,6.084192276,19.7025337219,34.0300749,108.75669,34.0300216675,108.756538391,20.0,-0.00738623207345,0.00805458197988,0.984342049342,-0.175930007257,-5.58887577057,-2.83315634727,-0.193162500858,0.633573651314,1.66043353081,0.426261842251,189.360953243
2390,479.388567495,2.7,354.0,96754.5,14.4440002441,13.1400003433,0.34999999404,14.7266464233,5.5880856514,19.6957893372,34.0300702,108.7566774,34.0300216675,108.756538391,20.0,-0.00655379752988,0.00742192621476,0.984682427291,-0.174076388859,-5.31870794296,-2.66575813293,-0.239962592721,-3.64145565033,3.35232162476,13.7019271851,189.794168167
2391,479.590562391,2.7,354.0,96755.4921875,14.4510002136,13.3699998856,0.34999999404,13.611497879,5.10726547241,19.6745452881,34.0300657,108.7566654,34.0300216675,108.756538391,20.0,-0.00268963949794,0.00819738603935,0.985079113429,-0.171885679967,-5.0654168129,-2.50222873688,-0.261016905308,-2.80192732811,-5.02219867706,11.2108402252,193.209871202
2392,479.78756218,2.7,354.0,96754.75,14.4479999542,13.3800001144,0.34999999404,12.5534009933,4.65854597092,19.644990921,34.0300617,108.7566541,34.0300216675,108.756538391,20.0,-0.00111518700772,0.004346810776,0.985387122598,-0.170270949907,-4.77282428741,-2.37196683884,-0.272304713726,-1.63803935051,-1.78854620457,16.1142787933,193.314241041
2393,479.990556049,2.7,354.0,96752.25,14.4429998398,13.8299999237,0.34999999404,11.5835638046,4.25563526154,19.5986499786,34.0300578,108.7566433,34.0300216675,108.756538391,20.0,0.00217384389632,0.0120736321908,0.985446128186,-0.169545096882,-4.5019865036,-2.18517589569,-0.27750852704,0.244051814079,1.45920205116,1.7229719162,199.746686682
2394,480.192553568,2.6,17.0,96760.0,14.4350004196,14.2399997711,0.34999999404,10.6288423538,3.8625767231,19.5519447327,34.0300541,108.7566333,34.0300216675,108.756538391,20.0,-0.000201903819247,0.00695743579896,0.985414180875,-0.170030881458,-4.21114969254,-2.02470731735,-0.311262786388,-1.20021808147,-4.82533216476,10.8344049454,205.554402671
2395,480.389552641,2.6,17.0,96751.5,14.4329996109,14.5200004578,0.34999999404,9.80661487579,3.52224159241,19.5102844238,34.0300508,108.7566239,34.0300216675,108.756538391,20.0,-0.00410918202848,0.0053835493689,0.985060020907,-0.172078164625,-3.93587327003,-1.88999009132,-0.245306029916,-0.747899234295,-7.43323993683,15.1545734406,209.567160957
2396,480.591553497,2.6,17.0,96756.0,14.4320001602,14.7700004578,0.34999999404,8.97994041443,3.18232440948,19.4729499817,34.0300476,108.7566152,34.0300216675,108.756538391,20.0,-0.00616317745096,0.0109378760393,0.98458801835,-0.17443893605,-3.64855289459,-1.73926258087,-0.21759571135,-0.325361341238,-1.20470762253,10.1258363724,213.160648973
2397,480.793552685,2.6,17.0,96749.0,14.4379997253,14.8900003433,0.360000014305,8.24129867554,2.87420272827,19.451417923,34.0300447,108.7566072,34.0300216675,108.756538391,20.0,-0.00128872550401,0.0106531111866,0.984582075645,-0.174594247187,-3.36787319183,-1.60054922104,-0.175175786018,1.30934560299,0.832613229752,4.45669269562,214.981820867
2398,480.990545321,2.6,17.0,96751.9921875,14.4440002441,14.9399995804,0.34999999404,7.59792518616,2.60484790802,19.4414787292,34.0300419,108.7565997,34.0300216675,108.756538391,20.0,-0.000680032156734,0.0151445302694,0.984612589963,-0.17409269969,-3.09136605263,-1.47484529018,-0.170966565609,-3.2601120472,0.438717961311,15.0089149475,215.793357587
2399,481.19353776,4.8,354.0,96753.5,14.4379997253,14.9300003052,0.34999999404,6.98734951019,2.34924602509,19.4372653961,34.0300394,108.7565929,34.0300216675,108.756538391,20.0,-0.00863996235766,0.0156110287109,0.984957646212,-0.171872445857,-2.85728383064,-1.31934010983,-0.18658182025,2.67588210106,-2.12951993942,2.28079628944,215.559340305
2400,481.390533495,4.8,354.0,96753.25,14.4320001602,14.9899997711,0.34999999404,6.41786766052,2.11078190804,19.4283161163,34.0300371,108.7565868,34.0300216675,108.756538391,20.0,-0.00774987656412,0.0163169933625,0.9855188315,-0.168601386797,-2.60819530487,-1.17876303196,-0.163833230734,-2.72251296043,1.89529085159,8.4632692337,216.335679098
2401,481.59252505300003,4.8,354.0,96760.5,14.4320001602,15.0699996948,0.360000014305,5.90686273575,1.89498651028,19.4170036316,34.030035,108.7565812,34.0300216675,108.756538391,20.0,-0.0085973076067,0.0139559952329,0.986426084561,-0.163386135763,-2.36320114136,-1.06894028187,-0.145514130592,-0.597369670868,-1.37249600887,2.81951594353,217.49023801
2402,481.789518166,4.8,354.0,96766.0,14.4350004196,15.2899999619,0.360000014305,5.45689821243,1.70109009743,19.4014778137,34.0300331,108.7565762,34.0300216675,108.756538391,20.0,-0.042202735232,-0.00217655281916,0.986514930117,-0.15812191009,-2.20393538475,-1.00298273563,-0.192061379552,-1.54848837852,-2.5235812664,12.8894052505,220.711155865
2403,481.991500187,4.8,354.0,96770.2421875,14.4469995499,15.779999733,0.360000014305,5.00955915451,1.50370573997,19.3666629791,34.0300311,108.7565715,34.0300216675,108.756538391,20.0,-0.0763040717319,0.000229673982604,0.985176093327,-0.153641700093,-2.17330121994,-0.96782720089,-0.175087958574,-2.27911353111,1.59098994732,10.825922966,227.973649039
2404,482.193496037,7.1,351.0,96770.4921875,14.4429998398,16.0699996948,0.360000014305,4.66124296188,1.34348833561,19.3247108459,34.0300293,108.756567,34.0302009583,108.756164551,20.0,-0.0775076724557,-0.00235263971806,0.985917962155,-0.148165391479,-2.19458818436,-0.951325953007,-0.166680455208,-0.900525569916,-0.608937621117,3.80914711952,232.099003018
2405,482.390481758,7.1,351.0,96766.75,14.4469995499,16.6499996185,0.370000004768,4.1664147377,1.11980760098,19.2679309845,34.0300274,108.7565626,34.0302009583,108.756164551,20.0,-0.0879215449593,0.016195616695,0.99101499128,-0.0994830419035,-2.24037694931,-0.896216571331,-0.0391863659024,1.28041636944,-0.222128406167,2.0328001976,240.542536994
2406,482.592472363,7.1,351.0,96768.25,14.4449996948,17.0799999237,0.360000014305,3.74406552315,0.946517169476,19.2362670898,34.0300257,108.756558,34.0302009583,108.756164551,20.0,-0.126974835863,0.0557500020172,0.990056192623,-0.023625078758,-2.37593460083,-0.726549625397,-0.0418880023062,-3.44731140137,0.737742781639,18.0638198853,246.720593686
2407,482.78946929,7.1,351.0,96765.9921875,14.4259996414,17.8299999237,0.360000014305,3.26135492325,0.81255286932,19.2058773041,34.0300241,108.7565534,34.0302009583,108.756164551,20.0,-0.16797709714,0.086218701644,0.980410759901,0.0560789529015,-2.65855765343,-0.390805274248,0.0327512063086,0.180102422833,-0.402819275856,-1.20123338699,257.215572506
2408,482.992463636,7.1,351.0,96772.5,14.4149999619,18.8600006104,0.360000014305,2.72512841225,0.74956458807,19.1861877441,34.0300227,108.756548,34.0302009583,108.756164551,20.0,-0.205205877314,0.106377829046,0.963388448577,0.135856741546,-2.97253894806,-0.0398405641317,0.0770971775055,1.27836668491,-2.35400319099,1.47732961178,271.866908079
2409,483.189456034,7.6,353.0,96769.4921875,14.4079999924,19.8199996948,0.360000014305,2.14749908447,0.753049254417,19.1761608124,34.030022,108.7565422,34.0302009583,108.756164551,20.0,-0.22849908125,0.112440937696,0.943832184428,0.210537374625,-3.48998785019,0.556118190289,0.128231003881,-1.8325804472,-1.53952455521,8.68723297119,285.566555452
2410,483.41144828800003,7.6,353.0,96768.5,14.3940000534,20.4799995422,0.360000014305,1.44602632523,0.841973483562,19.1673069,34.0300221,108.7565351,34.0302009583,108.756164551,20.0,-0.245009044946,0.0949016215184,0.930810304451,0.254079979245,-3.94599676132,1.0659507513,0.102477498353,-1.00231695175,-0.850045859814,12.1690683365,294.789114505
2411,483.593447971,7.6,353.0,96768.2421875,14.3760004044,21.0100002289,0.360000014305,0.698040425777,1.00849711895,19.1656131744,34.0300231,108.756527,34.0302009583,108.756164551,20.0,-0.244991143072,0.0864838948831,0.930790685093,0.257154907945,-4.39426136017,1.48988735676,0.106196932495,-1.69161379337,-0.576908111572,6.8426361084,302.039771786
2412,483.810443926,7.6,353.0,96767.25,14.3640003204,21.2199993134,0.360000014305,-0.181914567947,1.25651454926,19.1776409149,34.0300249,108.7565178,34.0302009583,108.756164551,20.0,-0.24102043579,0.0977157455201,0.930828554036,0.256747242553,-4.84118795395,1.92167925835,0.15462359786,-4.83155870438,1.07982683182,18.9252662659,304.804076937
2413,483.99243145,7.6,353.0,96767.25,14.3579998016,21.3999996185,0.360000014305,-1.16995275021,1.59034121037,19.1937599182,34.0300274,108.7565077,34.0302009583,108.756164551,20.0,-0.239315574695,0.103478146942,0.931019605701,0.255387543073,-5.22790288925,2.33925580978,0.139659270644,-3.06137609482,-0.656699419022,14.7266311646,307.261190278
2414,484.189425039,7.9,355.0,96763.5,14.359000206,21.7800006866,0.360000014305,-2.16745448112,1.98465466499,19.2101707458,34.0300307,108.7564965,34.0302009583,108.756164551,20.0,-0.244252451063,0.116243832032,0.928170773769,0.255591828848,-5.54885625839,2.73222184181,0.0929480195045,-3.65455198288,-0.736566901207,14.9817867279,312.739034346
2415,484.392417955,7.9,355.0,96761.2421875,14.3509998322,21.8600006104,0.360000014305,-3.29889559746,2.48643088341,19.2247428894,34.0300348,108.7564845,34.0302009583,108.756164551,20.0,-0.235547325068,0.122672143124,0.92816721236,0.260719351217,-5.85860109329,3.17355298996,0.0325910672545,-5.49505186081,-2.1057407856,16.8041667938,313.71286509
2416,484.594415474,7.9,355.0,96766.9921875,14.3380002975,21.6599998474,0.360000014305,-4.46842956543,3.05766892433,19.2333831787,34.0300397,108.7564718,34.0302009583,108.756164551,20.0,-0.208758587957,0.109174667572,0.93437164993,0.267302183192,-6.09303855896,3.54916787148,0.0659143254161,-4.43521785736,1.07176887989,17.6813678741,310.561084257
2417,484.791404533,7.9,355.0,96761.5,14.3350000381,21.0300006866,0.34999999404,-5.74272727966,3.7338476181,19.2495994568,34.0300453,108.7564585,34.0302009583,108.756164551,20.0,-0.181303683027,0.0958994481569,0.940850716364,0.269689296398,-6.19366073608,3.84292817116,0.0732355490327,-5.23164081573,-2.196849823,15.4002132416,301.465060645
2418,484.99339656800004,7.9,355.0,96763.7421875,14.3339996338,20.0599994659,0.34999999404,-7.01091623306,4.45704841614,19.2764549255,34.0300516,108.7564447,34.0302009583,108.756164551,20.0,-0.150733796719,0.0822219291706,0.947445665558,0.269936382298,-6.20581293106,4.01808071136,0.00836948677897,1.11883187294,-0.0410311967134,0.631821334362,287.540024999
2419,485.190387058,8.5,358.0,96762.2421875,14.3249998093,19.1700000763,0.34999999404,-8.22505378723,5.17882013321,19.2999572754,34.0300584,108.7564309,34.0302009583,108.756164551,20.0,-0.123359223682,0.0536373727964,0.953345866101,0.270254274903,-6.156021595,4.08579397202,0.0788435637951,-3.10584712029,-0.54357868433,14.0886507034,274.610247437
2420,485.392382669,8.5,358.0,96758.75,14.3400001526,18.0200004578,0.34999999404,-9.50667381287,5.96272039413,19.3409614563,34.0300654,108.7564171,34.0302009583,108.756164551,20.0,-0.131931934816,0.0502599561644,0.951759795898,0.272435458607,-6.11271190643,4.11153268814,0.148760527372,-1.69842731953,1.89336621761,-0.431577116251,258.406809314
2421,485.58937864300003,8.5,358.0,96765.0,14.3579998016,17.2800006866,0.34999999404,-10.7937736511,6.76522636414,19.3767642975,34.0300726,108.7564034,34.0302009583,108.756164551,20.0,-0.137996637144,0.0519501896695,0.949327585564,0.277552591778,-6.12027454376,4.12239170074,0.0595666281879,-2.48065209389,-2.35333323479,13.3292446136,248.106246431
2422,485.79136781700004,8.5,358.0,96759.25,14.3699998856,16.9799995422,0.360000014305,-12.0545072556,7.56173372269,19.3920040131,34.0300798,108.7563898,34.0302009583,108.756164551,20.0,-0.144172230463,0.0502239548532,0.947698335915,0.280285414509,-6.15489196777,4.14002609253,0.0331863202155,0.065357029438,-0.196387767792,-0.380039185286,244.002591479
2423,486.01436190600003,8.5,358.0,96756.75,14.3760004044,16.7700004578,0.34999999404,-13.3137760162,8.366355896,19.3969955444,34.0300871,108.7563761,34.0302009583,108.756164551,20.0,-0.140413621928,0.0472070781685,0.947548651382,0.283208614555,-6.16905355453,4.15777444839,0.0116256549954,-3.30086016655,1.96895432472,18.0579128265,241.085533362
2424,486.191357899,9.0,359.0,96761.2421875,14.373000145,16.4200000763,0.34999999404,-14.6044387817,9.19730472565,19.4014987946,34.0300944,108.7563625,34.0302009583,108.756164551,20.0,-0.120222352286,0.0392582879064,0.949887801475,0.285864371773,-6.1733250618,4.14464950562,0.000703391677234,-0.187109127641,1.07252573967,2.24762749672,236.004663477
2425,486.388354826,9.0,359.0,96755.25,14.3830003738,15.8999996185,0.34999999404,-15.8785419464,10.0215415955,19.4094371796,34.0301017,108.7563489,34.0302009583,108.756164551,20.0,-0.0718035166612,0.0340650783564,0.95375258319,0.289896307889,-6.06068706512,4.05588054657,0.0391751080751,-4.15895366669,3.46232414246,14.6336679459,228.689700457
2426,486.590343523,9.0,359.0,96754.75,14.3999996185,15.1499996185,0.34999999404,-17.0870494843,10.8120994568,19.4377689362,34.030109,108.7563355,34.0302009583,108.756164551,20.0,-0.0353853185078,0.0253838937467,0.955229387688,0.292644134898,-5.85121440887,3.93883895874,0.140596061945,-0.941645503044,2.91722655296,6.21034240723,218.159988728
2427,486.79233079,9.0,359.0,96757.9921875,14.4139995575,14.3100004196,0.34999999404,-18.2814846039,11.6012687683,19.4802188873,34.0301161,108.7563224,34.0302009583,108.756164551,20.0,-0.0285277924718,0.0195022661341,0.954408219565,0.296497347303,-5.5924987793,3.79219532013,0.0878725796938,-1.1455283165,-3.76225733757,3.66591000557,206.264339716
2428,487.01032118800003,9.0,359.0,96758.5,14.4160003662,14.0100002289,0.34999999404,-19.2597770691,12.2504911423,19.5016880035,34.0301229,108.7563097,34.0302009583,108.756164551,20.0,-0.0169346211831,0.0105731859446,0.954483852085,0.297593987228,-5.33249378204,3.6161031723,0.00700753601268,-1.19333767891,1.43142855167,20.943447113,201.96816843
2429,487.212305832,7.9,1.0,96758.5,14.4259996414,13.8699998856,0.34999999404,-20.5070877075,13.0748767853,19.5204334259,34.0301294,108.7562977,34.0302009583,108.756164551,20.0,-0.0112178567308,0.00952021822197,0.954732666005,0.297101227348,-5.10194015503,3.44297528267,-0.0482169762254,-3.37256336212,-1.05046236515,8.5433883667,200.088613376
2430,487.38929967900003,7.9,1.0,96756.9921875,14.4280004501,13.9300003052,0.34999999404,-21.53282547,13.7489109039,19.5248565674,34.0301356,108.7562864,34.0302009583,108.756164551,20.0,-0.00325140097115,0.00229283321654,0.955214931319,0.295886449807,-4.8314781189,3.27468848228,-0.0648853108287,-5.29463338852,-5.1644115448,12.2081375122,200.982050673
2431,487.591292429,7.9,1.0,96760.5,14.4409999847,13.779999733,0.34999999404,-22.5204277039,14.3968057632,19.5168323517,34.0301414,108.7562755,34.0302009583,108.756164551,20.0,0.00137149656381,0.00239911361557,0.956213137279,0.292658338386,-4.54341077805,3.07919192314,-0.114974103868,-0.161807775497,-2.59001016617,11.4102897644,198.996975934
2432,487.788289118,7.9,1.0,96760.0,14.4320001602,13.8800001144,0.34999999404,-23.4479808807,15.001080513,19.4945449829,34.0301469,108.7562654,34.0302009583,108.756164551,20.0,0.00507857415569,-0.00279372221047,0.956793878705,0.290709425964,-4.25975322723,2.83313465118,-0.138915389776,-2.08644247055,4.18137454987,6.70739269257,200.316163875
2433,487.990278292,7.9,1.0,96756.0,14.4390001297,14.1400003433,0.34999999404,-24.2903232574,15.5490608215,19.470199585,34.030152,108.7562559,34.0302009583,108.756164551,20.0,0.00924730931069,-0.00300055696404,0.957033083143,0.28981618673,-3.9729282856,2.63375282288,-0.145398244262,-4.22488117218,1.57643485069,9.72625923157,204.167466791
2434,488.192273664,5.6,1.0,96760.25,14.4309997559,14.3199996948,0.34999999404,-25.0906295776,16.0639781952,19.438659668,34.0301567,108.756247,34.0302009583,108.756164551,20.0,0.00747114680881,-0.00776892839051,0.956789832607,0.290580372314,-3.68287110329,2.39819788933,-0.186764866114,-1.76778173447,0.54368519783,12.539103508,206.6519121
2435,488.39426879900003,5.6,1.0,96760.0,14.4390001297,14.6700000763,0.34999999404,-25.8283061981,16.5270366669,19.4053459167,34.0301609,108.7562388,34.0302009583,108.756164551,20.0,0.010334695862,-0.00635393227632,0.956504034827,0.291466762685,-3.39459514618,2.15644288063,-0.175605773926,-4.18103981018,-4.23175191879,20.7046108246,211.820133004
2436,488.591265249,5.6,1.0,96763.9921875,14.4390001297,15.1300001144,0.360000014305,-26.4879055023,16.9316329956,19.3750572205,34.0301646,108.7562312,34.0302009583,108.756164551,20.0,0.00757488383692,-0.000221810961179,0.95616557456,0.292728660403,-3.11702513695,1.96141850948,-0.208417966962,-3.23552775383,0.0604775100946,16.8330631256,218.462073615
2437,488.789258528,5.6,1.0,96766.25,14.4379997253,15.470000267,0.360000014305,-27.0883235931,17.2987689972,19.339969635,34.0301679,108.7562243,34.0302009583,108.756164551,20.0,0.0073052663311,0.00274699016351,0.955841128121,0.29378039286,-2.84544968605,1.78469276428,-0.196036830544,-1.22736370564,-2.4152071476,17.1119003296,223.355859606
2438,488.991252947,5.6,1.0,96768.25,14.4259996414,15.8800001144,0.360000014305,-27.6460475922,17.6340255737,19.3077125549,34.030171,108.756218,34.0302009583,108.756164551,20.0,0.00567255915833,0.00950036689168,0.955035870433,0.296283915662,-2.56364274025,1.62519538403,-0.109173439443,-2.08840274811,0.0492809563875,6.49007701874,229.084875957
2439,489.193249512,3.3,336.0,96767.9921875,14.4309997559,16.1800003052,0.360000014305,-28.1504154205,17.9339675903,19.2756290436,34.0301736,108.7562122,34.0302009583,108.756164551,20.0,0.000481924517303,0.00961285222055,0.953853777773,0.300117213681,-2.3465692997,1.49201405048,-0.0974960029125,0.463362038136,-2.21540880203,5.3109536171,233.493580454
2440,489.390246201,3.3,336.0,96773.5,14.4250001907,16.3999996185,0.360000014305,-28.5915088654,18.1900558472,19.2371196747,34.030176,108.7562071,34.0302009583,108.756164551,20.0,-0.00343579742581,0.00809858855808,0.952625323579,0.304018958182,-2.08760309219,1.34946715832,-0.0661486536264,-3.0242805481,2.40583348274,12.3890275955,236.569997625
2441,489.592240143,3.3,336.0,96777.0,14.4280004501,16.6700000763,0.360000014305,-28.9951915741,18.4230651855,19.1966114044,34.0301781,108.7562024,34.0302009583,108.756164551,20.0,-0.00476764952792,0.0119363187462,0.95194265,0.30600649819,-1.87176978588,1.21400856972,-0.05892027542,-3.50465559959,-0.721893548965,16.3837070465,240.514768605
2442,489.78923707,3.3,336.0,96774.5,14.4149999619,17.0300006866,0.360000014305,-29.3538513184,18.6268577576,19.149263382,34.0301799,108.7561982,34.0302009583,108.756164551,20.0,-0.0140224410567,0.011842584649,0.950691668316,0.30959418545,-1.66608917713,1.09726309776,0.00637099565938,-3.76382851601,-1.02257668972,17.8740272522,245.487459248
2443,489.991229582,3.3,336.0,96775.9921875,14.4130001068,17.4599990845,0.360000014305,-29.670539856,18.7954826355,19.1021614075,34.0301815,108.7561943,34.0302009583,108.756164551,20.0,-0.0162834145896,0.0158187414689,0.948334184345,0.316459864925,-1.50179219246,0.994105041027,0.00660940119997,-3.39524292946,0.637611210346,19.2489395142,251.650968669
2444,490.193225908,2.5,303.0,96769.2421875,14.4169998169,17.9500007629,0.370000004768,-29.9593467712,18.9424591064,19.05859375,34.0301829,108.756191,34.0302009583,108.756164551,20.0,-0.019086887704,0.0201494522311,0.944240798124,0.328084134332,-1.35601711273,0.912857472897,0.0698701143265,-2.35711193085,-0.707279920578,13.4593858719,258.785157713
2445,490.39121799500003,2.5,303.0,96775.25,14.4040002823,18.2099990845,0.360000014305,-30.2228889465,19.0790691376,19.0270442963,34.0301842,108.7561879,34.0302009583,108.756164551,20.0,-0.020261076266,0.022364723763,0.939324073217,0.341700980296,-1.20657122135,0.83575552702,0.149478465319,2.17134666443,-0.0688811540604,1.53649234772,262.296831953
2446,490.588213968,2.5,303.0,96771.0,14.392999649,18.7700004578,0.360000014305,-30.4533519745,19.196390152,19.0214595795,34.0301853,108.7561852,34.0301742554,108.756980896,20.0,-0.0158192970335,0.0244054707928,0.925937981249,0.376554316672,-1.04770040512,0.759754419327,0.232373431325,-1.70169448853,1.04668986797,12.8405046463,270.156610001
2447,490.79020934100004,2.5,303.0,96775.25,14.390999794,18.6000003815,0.360000014305,-30.642665863,19.2945175171,19.0252742767,34.0301863,108.7561826,34.0301742554,108.756980896,20.0,0.020699816151,0.0457375887825,0.894233583439,0.444776345612,-0.817893266678,0.694187164307,0.235560923815,-0.58206653595,1.11827981472,7.28875112534,267.672601658
2448,490.992200184,2.5,303.0,96774.25,14.3809995651,18.5799999237,0.34999999404,-30.7788181305,19.3821773529,19.0355052948,34.0301873,108.7561806,34.0301742554,108.756980896,20.0,0.064081611775,0.0671109171703,0.85117694252,0.516611697631,-0.438706964254,0.605309963226,0.200921088457,-3.46877169609,-0.239473223686,18.9028491974,267.198970823
2449,491.194191504,1.9,234.0,96767.5,14.3680000305,18.8299999237,0.34999999404,-30.8214950562,19.457611084,19.0460414886,34.0301882,108.7561793,34.0301742554,108.756980896,20.0,0.0865281911386,0.0887525017701,0.801368934914,0.585186938235,0.102310054004,0.494019836187,0.22221313417,-2.12212944031,-0.87991809845,11.3644094467,270.549439478
2450,491.3911901,1.9,234.0,96768.75,14.361000061,18.8600006104,0.34999999404,-30.7685375214,19.5152111053,19.056224823,34.0301888,108.756179,34.0301742554,108.756980896,20.0,0.0745660305297,0.100232944974,0.749764823555,0.649804647716,0.622639596462,0.406186133623,0.211417809129,1.22539532185,1.36431956291,5.5492143631,270.848469916
2451,491.609186935,1.9,234.0,96773.25,14.357000351,18.9500007629,0.34999999404,-30.6312294006,19.5509777069,19.0723323822,34.0301893,108.7561798,34.0301742554,108.756980896,20.0,0.0613777811368,0.108021466576,0.687449650409,0.715525791984,1.08580958843,0.33176779747,0.207635045052,0.339485198259,-1.03322076797,8.85791110992,272.065167604
2452,491.811175156,1.9,234.0,96764.2421875,14.3520002365,18.9699993134,0.34999999404,-30.3980293274,19.5739440918,19.0933971405,34.0301896,108.7561818,34.0301742554,108.756980896,20.0,0.0542730052238,0.114470753628,0.62515337749,0.770152097116,1.53117322922,0.258121579885,0.231244400144,1.56547701359,0.614938914776,-1.68540966511,272.257434632
2453,491.988170195,1.9,234.0,96767.9921875,14.3559999466,18.8799991608,0.34999999404,-30.0715885162,19.5740318298,19.1146564484,34.0301896,108.7561847,34.0301742554,108.756980896,20.0,0.0450928789775,0.120148287102,0.568226561706,0.812803606723,1.94367134571,0.190925881267,0.197588965297,0.781344294548,1.1678686142,6.14369297028,271.041266944
2454,492.190157461,4.3,119.0,96767.4921875,14.3439998627,18.7999992371,0.34999999404,-29.6696605682,19.5511512756,19.1335849762,34.0301896,108.7561887,34.0301742554,108.756980896,20.0,0.0366411213962,0.126755751276,0.499377903959,0.856278091499,2.33619070053,0.129273414612,0.183849111199,-3.24141669273,2.10274171829,13.4742927551,269.667186475
2455,492.392155218,4.3,119.0,96767.5,14.3500003815,18.6900005341,0.34999999404,-29.1677703857,19.5161457062,19.1509132385,34.0301894,108.7561935,34.0301742554,108.756980896,20.0,0.0256165120818,0.13475872658,0.428520748683,0.89305876111,2.72536110878,0.0833472684026,0.13633581996,-4.1312584877,0.512734413147,21.1558761597,268.201514793
2456,492.589150715,4.3,119.0,96765.0,14.3579998016,18.8099994659,0.34999999404,-28.5835094452,19.468328476,19.1692371368,34.030189,108.7561992,34.0301742554,108.756980896,20.0,0.0140075577862,0.134280396728,0.357362117,0.924156391816,3.10380196571,0.0453291684389,0.170519545674,-1.41234004498,0.405619442463,8.06105613708,270.073968601
2457,492.791143465,4.3,119.0,96770.4921875,14.3540000916,18.5100002289,0.34999999404,-27.9351387024,19.4072570801,19.1962547302,34.0301884,108.7562058,34.0301742554,108.756980896,20.0,0.0054016665457,0.14227946818,0.283378866749,0.948379639721,3.46022987366,0.0195517875254,0.154967114329,-2.93397474289,-0.74291229248,20.6624908447,265.69254498
2458,492.99313907600003,4.3,119.0,96764.75,14.3439998627,18.5,0.34999999404,-27.2133369446,19.3310623169,19.2208938599,34.0301878,108.7562131,34.0301742554,108.756980896,20.0,-0.00470345658491,0.146933623489,0.210935620197,0.966382223521,3.81076455116,-0.00786204077303,0.16482925415,-0.892211794853,1.13389647007,6.43640756607,265.363997459
2459,493.211126614,7.1,63.0,96765.5,14.3409996033,18.6599998474,0.34999999404,-26.3973045349,19.2491760254,19.2382450104,34.0301871,108.7562214,34.0301742554,108.756980896,20.0,-0.0102827984389,0.165688344142,0.129250054454,0.977617646103,4.18562889099,-0.0168107375503,0.130684584379,-1.81437420845,-0.788827300072,14.3792066574,267.603050409
2460,493.393122482,7.1,63.0,96763.0,14.3489999771,18.9099998474,0.34999999404,-25.4933490753,19.1628990173,19.2563686371,34.0301865,108.7562303,34.0301742554,108.756980896,20.0,-0.0324801263618,0.17771727071,0.0622632442772,0.98157266422,4.61545276642,0.00303846504539,0.130528569221,0.923404216766,1.0421615839,7.38820314407,271.339587378
2461,493.590114164,7.1,63.0,96760.7421875,14.3420000076,19.1499996185,0.34999999404,-24.5310173035,19.0861778259,19.2819137573,34.0301857,108.7562401,34.0301742554,108.756980896,20.0,-0.0494412193877,0.186107233109,-0.00890314242629,0.98124434027,5.05063390732,0.0736659616232,0.123120523989,-2.28546762466,-0.678052902222,13.4295606613,274.649294675
2462,493.79210453,7.1,63.0,96764.5,14.343000412,19.3199996948,0.34999999404,-23.4598274231,19.0281982422,19.311252594,34.0301851,108.7562507,34.0301742554,108.756980896,20.0,-0.0624792837543,0.188236660483,-0.0238034442209,0.979845275634,5.50334453583,0.19912828505,0.131578490138,-1.07054841518,0.0614327639341,4.9654955864,277.106763582
2463,493.994099188,7.1,63.0,96760.9921875,14.3330001831,19.1800003052,0.340000003576,-22.3075180054,18.9950447083,19.3292331696,34.0301847,108.7562623,34.0301742554,108.756980896,20.0,-0.0587819778105,0.197969331913,-0.0208270759259,0.978222411232,5.83657121658,0.303346782923,0.0537275895476,-2.31844615936,-0.437481045723,10.2420272827,274.906947886
2464,494.19109492300004,8.5,24.0,96762.7421875,14.3210000992,19.1299991608,0.340000003576,-21.0683250427,18.9734477997,19.3449707031,34.0301847,108.7562748,34.0301742554,108.756980896,20.0,-0.0489563567741,0.195968125789,-0.0145597552586,0.979279285605,6.34100341797,0.416912168264,0.0479298569262,-4.74234485626,1.13770771027,14.7327432632,273.960719879
2465,494.393093395,8.5,24.0,96759.75,14.3369998932,19.0,0.34999999404,-19.8185977936,18.9883899689,19.3588409424,34.0301849,108.7562882,34.0301742554,108.756980896,20.0,-0.0411708117931,0.178138544266,-0.00743356611241,0.983115660344,6.68447256088,0.478433340788,0.0337280184031,-2.14154696465,-2.13899707794,11.9303817749,272.402997971
2466,494.590086985,8.5,24.0,96757.9921875,14.3389997482,18.4599990845,0.34999999404,-18.4497509003,19.0157337189,19.3825016022,34.0301852,108.7563024,34.0301742554,108.756980896,20.0,-0.0306996590882,0.152002103392,-0.00309138704458,0.987898442566,6.93281030655,0.523348510265,0.0564984492958,-1.7023024559,-0.720046639442,5.36216259003,264.697922225
2467,494.787074852,8.5,24.0,96754.75,14.3459997177,17.7700004578,0.34999999404,-17.0757980347,19.046749115,19.4156627655,34.0301858,108.7563173,34.0301742554,108.756980896,20.0,-0.022759566882,0.125146779529,0.0012934024871,0.991876346423,7.05811548233,0.527675330639,0.0320400372148,-0.206636592746,1.08586573601,1.66632342339,254.928421551
2468,494.990068722,8.5,24.0,96757.5,14.3479995728,16.8999996185,0.34999999404,-15.6388130188,19.0922203064,19.4521846771,34.0301863,108.7563326,34.0301742554,108.756980896,20.0,-0.0131151799285,0.100859739734,0.00339762604586,0.99480841838,7.11447286606,0.501931726933,0.0074793859385,-4.26112127304,0.178795590997,15.8479166031,242.481187306
2469,495.19205741900004,9.6,15.0,96759.5,14.3540000916,16.4099998474,0.340000003576,-14.1816625595,19.1363067627,19.481672287,34.0301869,108.7563481,34.0301742554,108.756980896,20.0,-0.00713676273684,0.100856528671,0.00456935058131,0.994864937304,7.12554264069,0.458424001932,-0.0650469660759,-1.01225161552,-3.07806301117,17.5559101105,235.549139312
2470,495.409051228,9.6,15.0,96754.0,14.3579998016,16.25,0.34999999404,-12.7444581985,19.1726837158,19.4992008209,34.0301874,108.7563638,34.0301742554,108.756980896,20.0,-0.00448355013445,0.109515435379,0.00383106423594,0.993967673046,7.17437887192,0.404314219952,-0.0913594961166,-4.51066875458,-1.1780513525,9.43265151978,233.317496777
2471,495.591046381,9.6,15.0,96758.75,14.376999855,16.1499996185,0.34999999404,-11.2508735657,19.2030944824,19.5018234253,34.0301878,108.7563794,34.0301742554,108.756980896,20.0,-0.00123139393623,0.107789637836,0.00191776590094,0.99417115803,7.23484754562,0.318973362446,-0.12824767828,0.157776474953,0.0111834257841,1.53247213364,232.188542175
2472,495.788035679,9.6,15.0,96755.4921875,14.3850002289,16.3500003815,0.34999999404,-9.74721813202,19.2248859406,19.4951457977,34.0301881,108.7563951,34.0301742554,108.756980896,20.0,0.000758026875537,0.109760166323,-0.00173080248095,0.99395637769,7.28358650208,0.261586487293,-0.167735978961,-2.20346093178,-1.49056005478,12.8916578293,235.19475923
2473,495.99003486600003,9.6,15.0,96757.5,14.3830003738,16.5599994659,0.34999999404,-8.27360057831,19.2334899902,19.4794368744,34.0301883,108.756411,34.0301742554,108.756980896,20.0,-0.000212435921563,0.112177298622,-0.00465507727118,0.993677323406,7.34929943085,0.184919282794,-0.147118166089,-1.05132842064,-2.16961717606,6.99522542953,238.182478509
2474,496.213025856,9.3,17.0,96759.7421875,14.3839998245,16.6700000763,0.34999999404,-6.78679084778,19.2278671265,19.46210289,34.0301883,108.756427,34.0301742554,108.756980896,20.0,0.00295285562188,0.111710806766,-0.00848462422058,0.993700166998,7.42610502243,0.122617356479,-0.179378420115,-0.377153009176,0.151865109801,3.31756496429,239.781278172
2475,496.390022564,9.3,17.0,96757.75,14.3850002289,16.7900009155,0.34999999404,-5.25238037109,19.2072372437,19.4472503662,34.0301882,108.7564431,34.0301742554,108.756980896,20.0,-0.00147727865044,0.104735603436,-0.00976774287664,0.994451055251,7.47253227234,0.0466936789453,-0.156006798148,-4.22804832458,0.98410898447,19.7135810852,241.524167013
2476,496.592022943,9.3,17.0,96759.25,14.3839998245,16.7600002289,0.34999999404,-3.71158337593,19.1759986877,19.434179306,34.0301881,108.7564593,34.0301742554,108.756980896,20.0,-0.00318330405282,0.105218390317,-0.0100431303848,0.994393398363,7.51198577881,-0.0109378639609,-0.143987149,-4.87943935394,0.143946319818,22.8730316162,241.075840351
2477,496.991012144,9.3,17.0,96757.75,14.3850002289,16.7000007629,0.34999999404,-0.613058388233,19.089838028,19.4111709595,34.0301875,108.7564921,34.0301742554,108.756980896,20.0,-0.00575458845006,0.0975701597686,-0.0127054625115,0.995130968212,7.53431034088,-0.0991891920567,-0.0372966602445,-2.92885303497,-2.00569939613,11.2230510712,240.229514797
2478,497.193002987,9.3,17.0,96759.5,14.3780002594,16.5599994659,0.34999999404,0.86279886961,19.042470932,19.4045810699,34.0301871,108.7565085,34.0301742554,108.756980896,20.0,-0.00996058841618,0.0964599722662,-0.012713133238,0.995205905308,7.54443454742,-0.118898488581,-0.0431914925575,-1.82390737534,-1.43970549107,-1.54416739941,238.099676617
2479,497.38999872200003,7.7,21.0,96753.75,14.3839998245,16.3199996948,0.34999999404,2.41484951973,18.9905357361,19.4020080566,34.0301867,108.7565249,34.0301742554,108.756980896,20.0,-0.00796951597479,0.0981423927992,-0.0127055889521,0.995059360716,7.55230474472,-0.134650722146,0.00547315366566,-5.93402051926,1.54424250126,13.7817525864,234.746872747
2480,497.587002563,7.7,21.0,96756.4921875,14.3859996796,16.1599998474,0.34999999404,4.00778102875,18.932516098,19.4074878693,34.0301863,108.7565414,34.0301742554,108.756980896,20.0,-0.00674270023998,0.106669348261,-0.0117709404395,0.994202009523,7.56160259247,-0.160279139876,0.00773667078465,-2.58559012413,2.26580476761,9.59833717346,232.477752627
2481,497.789997864,7.7,21.0,96761.25,14.3990001678,16.0400009155,0.34999999404,5.48573589325,18.8792324066,19.410243988,34.0301859,108.7565578,34.0301742554,108.756980896,20.0,-0.00872283820836,0.108288835646,-0.0118363102016,0.994010789272,7.58156299591,-0.171322137117,-0.0481051839888,-3.02963018417,-1.82409405708,13.9892091751,230.959975875
2482,498.011991072,7.7,21.0,96759.5,14.3819999695,16.0900001526,0.34999999404,7.04379272461,18.8215465546,19.4058246613,34.0301855,108.7565743,34.0301742554,108.756980896,20.0,-0.0109935523554,0.1102211106,-0.0138807695291,0.993749394517,7.60349655151,-0.187616020441,-0.105494990945,-3.4717040062,0.403109490871,20.3076400757,231.406381703
2483,498.193974066,7.7,21.0,96762.5,14.3879995346,16.3299999237,0.34999999404,8.57085227966,18.7666378021,19.3962879181,34.0301851,108.7565909,34.0301742554,108.756980896,20.0,-0.0117435344513,0.110291864622,-0.0164310753325,0.993694097852,7.64677190781,-0.181675419211,-0.129676699638,0.274910271168,1.38491439819,1.88613784313,234.956031302
2484,498.390971947,5.4,36.0,96760.2421875,14.3800001144,16.6499996185,0.34999999404,10.1420764923,18.7132987976,19.3860454559,34.0301847,108.7566076,34.0301742554,108.756980896,20.0,-0.0110153053976,0.108577304483,-0.0182406924202,0.993859650673,7.66668272018,-0.183804303408,-0.104489997029,-4.40431118011,2.75557184219,19.2767848969,239.42699642
2485,498.587968159,5.4,36.0,96759.0,14.375,16.7999992371,0.34999999404,11.7179899216,18.6651344299,19.3815917969,34.0301843,108.7566243,34.0301742554,108.756980896,20.0,-0.0107620660584,0.105432043229,-0.0196090741508,0.994174951247,7.70138454437,-0.170186877251,-0.0823260098696,0.215507358313,0.844590902328,3.93649673462,241.499989033
2486,498.789955425,5.4,36.0,96761.7421875,14.3669996262,16.7800006866,0.34999999404,13.2589845657,18.6200942993,19.3822841644,34.030184,108.7566412,34.0301742554,108.756980896,20.0,-0.0107243657024,0.104294499788,-0.019824065225,0.994291065814,7.72631311417,-0.16535423696,-0.0339091420174,-1.01264774799,0.156953915954,-1.71369242668,241.078263592
2487,498.991956997,5.4,36.0,96753.5,14.3680000305,16.7999992371,0.34999999404,14.8060092926,18.5839080811,19.3826065063,34.0301836,108.7566581,34.0301742554,108.756980896,20.0,-0.00478110161658,0.102368494178,-0.0213374321145,0.994506225476,7.7548828125,-0.158978030086,-0.0423981323838,-1.29387187958,-0.637438416481,11.0054740906,241.382389551
2488,499.188951778,5.4,36.0,96759.5,14.361000061,16.5799999237,0.340000003576,16.396314621,18.5469722748,19.3878383636,34.0301834,108.756675,34.0301742554,108.756980896,20.0,-0.00436188271951,0.103966887066,-0.0214188598258,0.994340588361,7.7771487236,-0.161099120975,-0.00548944948241,-0.713509976864,-1.73859596252,0.960709750652,238.105379916
2489,499.391943502,5.3,23.0,96757.9921875,14.3640003204,16.4200000763,0.340000003576,17.9889354706,18.5165252686,19.3926696777,34.0301833,108.7566921,34.0301742554,108.756980896,20.0,-0.00279693335581,0.103624248993,-0.0201342238832,0.994408781962,7.78012657166,-0.182935893536,-0.0156946964562,-2.27998924255,-1.3552570343,10.9719953537,235.856886357
2490,499.58894114500004,5.3,23.0,96761.5,14.3640003204,16.2700004578,0.340000003576,19.5497207642,18.4883861542,19.3953132629,34.0301831,108.7567092,34.0301742554,108.756980896,20.0,-0.000173950580517,0.106299019708,-0.0177353938534,0.994176047065,7.79083347321,-0.211728334427,-0.0146606527269,-0.695920526981,-1.50188612938,9.61954975128,233.702291789
2491,499.810935783,5.3,23.0,96761.25,14.3699998856,16.2700004578,0.34999999404,21.155664444,18.4618606567,19.3986530304,34.0301829,108.7567264,34.0301742554,108.756980896,20.0,-0.00159065894129,0.10257602526,-0.017465906904,0.994570625861,7.80577993393,-0.214359253645,-0.0252633057535,-1.99953043461,-1.14986896515,11.1676197052,233.799904716
2492,499.987930584,5.3,23.0,96760.7578125,14.375,16.0300006866,0.34999999404,22.7652072906,18.4358100891,19.4046020508,34.0301827,108.7567437,34.0301742554,108.756980896,20.0,0.00230674970256,0.0930659207999,-0.0197354725495,0.995461736679,7.80497694016,-0.238099783659,-0.011914989911,-1.92702531815,0.655035972595,7.65646123886,230.431259871
2493,500.189928341,5.3,23.0,96760.25,14.3789997101,15.720000267,0.340000003576,24.3298034668,18.4067306519,19.4063625336,34.0301823,108.756761,34.0301742554,108.756980896,20.0,0.00392638196803,0.0486592030529,-0.0211019576719,0.998584818153,7.704662323,-0.25284332037,-0.0510615073144,-5.93058538437,0.425545632839,21.2774925232,226.037879282
2494,500.39192276,8.2,357.0,96756.75,14.3680000305,15.5600004196,0.340000003576,25.8618774414,18.3716716766,19.4099693298,34.0301821,108.7567781,34.0301742554,108.756980896,20.0,0.00298013532392,-0.00270573334819,-0.0215055980401,0.99976067308,7.44136714935,-0.285385817289,0.0206494294107,-0.718845129013,1.89795184135,7.06298780441,223.566086504
2495,500.588919449,8.2,357.0,96755.0078125,14.3660001755,15.1400003433,0.340000003576,27.1500797272,18.3416233063,19.4252529144,34.0301817,108.7567949,34.0301742554,108.756980896,20.0,0.00373535137715,-0.0169630884158,-0.0235989898588,0.99957063294,7.0934510231,-0.299596816301,-0.0336323790252,-2.60407161713,-1.22394514084,14.5218715668,217.501247589
2496,500.791911411,8.2,357.0,96758.5,14.3660001755,15.0699996948,0.340000003576,28.8305454254,18.2930088043,19.4321155548,34.0301813,108.7568111,34.0301742554,108.756980896,20.0,0.00286773874422,-0.0230082767522,-0.0248632267267,0.999421938858,6.71019029617,-0.296388089657,-0.0713069811463,-1.87864410877,-1.33242917061,5.64737462997,216.49561826
2497,501.008906889,8.2,357.0,96762.9921875,14.3690004349,15.3400001526,0.340000003576,30.1909999847,18.2457618713,19.4273929596,34.0301809,108.7568263,34.0301742554,108.756980896,20.0,0.00113104228993,-0.0327262086393,-0.0265305560538,0.999111569466,6.3228430748,-0.321100354195,-0.102726556361,-1.30748653412,2.01267981529,4.02400445938,220.420468864
2498,501.19090037300003,8.2,357.0,96763.5,14.3850002289,15.3800001144,0.340000003576,31.5022392273,18.1949481964,19.4146633148,34.0301804,108.7568409,34.0301742554,108.756980896,20.0,-0.0001395745572,-0.0378721649868,-0.0277186335665,0.998898095678,5.97614383698,-0.315232694149,-0.125021383166,-0.990842461586,-0.0405515134335,4.52809000015,221.241305166
2499,501.39289360000004,10.8,7.0,96760.75,14.3699998856,15.6000003815,0.340000003576,32.7385749817,18.1399440765,19.4000072479,34.0301799,108.7568544,34.0301742554,108.756980896,20.0,-0.00440593803001,-0.0462578455292,-0.02990972178,0.998471948893,5.48196363449,-0.315260469913,-0.0926311537623,-1.17659139633,-0.280784338713,3.76037192345,224.172003696
2500,501.58988099100003,10.8,7.0,96765.25,14.3819999695,16.0699996948,0.340000003576,33.8632621765,18.0810241699,19.3854351044,34.0301794,108.7568669,34.0301742554,108.756980896,20.0,-0.00529079926069,-0.0454832773327,-0.0304078132357,0.998488217576,5.10056972504,-0.319904237986,-0.133681759238,-0.761686861515,0.425149619579,9.06081199646,231.118735121
2501,501.791870403,10.8,7.0,96768.2421875,14.3690004349,16.4200000763,0.340000003576,34.8979759216,18.0169754028,19.3582000732,34.0301789,108.7568786,34.0301742554,108.756980896,20.0,-0.0100241063511,-0.0476457636412,-0.0306041754029,0.998345044732,4.71492004395,-0.318801790476,-0.160345837474,1.21601951122,-0.489482581615,2.10620307922,235.938988237
2502,501.993865061,10.8,7.0,96767.7421875,14.373000145,16.9300003052,0.34999999404,35.873210907,17.9563941956,19.3186893463,34.0301784,108.7568892,34.0301742554,108.756980896,20.0,-0.0107980054663,-0.0470934621187,-0.0294356540279,0.998398360495,4.30842399597,-0.305714994669,-0.166471585631,-3.56729125977,-0.207641303539,20.8149166107,243.33489684
2503,502.191856909,10.8,7.0,96770.7421875,14.3830003738,17.3899993896,0.34999999404,36.7535324097,17.8958835602,19.2761764526,34.030178,108.7568991,34.0301742554,108.756980896,20.0,-0.0125099748914,-0.0447001414722,-0.0285749732345,0.998513379245,3.90011787415,-0.291454851627,-0.117743454874,-1.65904545784,-0.998969435692,12.8031253815,250.120367722
2504,502.393850613,11.5,8.0,96765.0,14.3710002899,17.8600006104,0.34999999404,37.5366706848,17.84233284,19.2380008698,34.0301777,108.7569079,34.0301742554,108.756980896,20.0,-0.0152087271636,-0.0404027170891,-0.0290837699897,0.998644287357,3.54145073891,-0.282316505909,-0.0791861414909,-1.51738727093,-1.16458392143,11.8625574112,256.666073949
2505,502.590845394,11.5,8.0,96766.5,14.3710002899,18.2800006866,0.34999999404,38.155216217,17.8020515442,19.207157135,34.0301774,108.7569159,34.0301742554,108.756980896,20.0,-0.0159486914804,-0.0420926239561,-0.0303953799154,0.998523915957,3.20793437958,-0.250504761934,-0.0425104498863,-3.91689419746,0.44063103199,17.8838653564,262.701895167
2506,502.787842321,11.5,8.0,96761.75,14.361000061,18.5200004578,0.34999999404,38.9062652588,17.7618408203,19.1777019501,34.0301773,108.7569231,34.0301742554,108.756980896,20.0,-0.017071368938,-0.0360630628809,-0.0318535344333,0.998695917246,2.93448805809,-0.218659341335,-0.0201054997742,1.03104889393,-0.51146364212,0.835704863071,265.965727704
2507,503.009834576,11.5,8.0,96763.7421875,14.3599996567,18.7800006866,0.34999999404,39.4698905945,17.743598938,19.1586513519,34.0301772,108.7569294,34.0301742554,108.756980896,20.0,-0.018320839921,-0.0397313177923,-0.0336450283761,0.998475742109,2.60050463676,-0.168684184551,0.0119004892185,-1.27970838547,0.958745598793,13.954240799,269.680803413
2508,503.19182138400004,11.5,8.0,96764.75,14.3649997711,18.8899993896,0.360000014305,39.96667099,17.7381248474,19.1505374908,34.0301772,108.7569353,34.0301742554,108.756980896,20.0,-0.0119814817285,-0.0306255655871,-0.0347350723192,0.998855358774,2.32071805,-0.126345098019,0.0659098699689,-1.87149572372,0.310062050819,15.6213178635,271.354836909
2509,503.388812351,11.2,7.0,96768.5,14.373000145,18.9300003052,0.360000014305,40.4219398499,17.7416992187,19.1475276947,34.0301773,108.7569403,34.0301742554,108.756980896,20.0,-0.00893017897107,-0.028039132032,-0.0382316170185,0.998835591902,2.08907794952,-0.103006057441,0.0573863349855,-1.70932936668,-0.758314609528,16.0211200714,272.08089713
2510,503.59080867800003,11.2,7.0,96767.3984375,14.3719997406,18.8299999237,0.360000014305,40.8218574524,17.7540435791,19.1462688446,34.0301776,108.7569448,34.0301742554,108.756980896,20.0,-0.00530123850823,-0.0251292681712,-0.0438618459237,0.998707465482,1.86411964893,-0.0875360518694,0.0944656282663,-0.753192305565,0.406298279762,8.59244155884,270.624754019
2511,503.788803148,11.2,7.0,96766.0,14.359000206,18.7000007629,0.34999999404,41.1631736755,17.7766151428,19.1474227905,34.030178,108.7569489,34.0301742554,108.756980896,20.0,-0.00474301798769,-0.0223718856815,-0.0538894662682,0.99828502762,1.67269587517,-0.0760215073824,0.0832529962063,-0.297915548086,-1.88435196877,13.8744668961,268.513314807
2512,503.99079256100003,11.2,7.0,96770.4921875,14.3540000916,18.6000003815,0.34999999404,41.4755096436,17.8059558868,19.1515789032,34.0301783,108.7569525,34.0301742554,108.756980896,20.0,0.0011238154225,-0.0190524459909,-0.0693029059434,0.997413093618,1.5017272234,-0.0786479413509,0.0854898244143,-0.963964164257,0.0635379105806,16.3576183319,266.984407178
2513,504.19278459500003,11.2,7.0,96767.25,14.345000267,18.9400005341,0.34999999404,41.7487106323,17.8396244049,19.1594829559,34.0301788,108.7569557,34.0300178528,108.756561279,20.0,0.00996387307155,-0.0138339893261,-0.103416396541,0.994492064135,1.33863866329,-0.0948981791735,0.140062600374,-0.129587262869,-1.14840507507,5.37091398239,271.694312719
2514,504.38977723100004,9.8,10.0,96769.7421875,14.3380002975,19.0300006866,0.34999999404,41.9763221741,17.8744087219,19.1727237701,34.0301792,108.7569587,34.0300178528,108.756561279,20.0,0.0417448788701,-0.045161000797,-0.174612117451,0.982714885962,1.12585520744,-0.161382049322,0.119342461228,-1.47740411758,0.129453003407,15.1330900192,272.852155507
2515,504.591773081,9.8,10.0,96768.7421875,14.3409996033,19.2800006866,0.34999999404,42.1557273865,17.892496109,19.1873779297,34.0301795,108.7569612,34.0300178528,108.756561279,20.0,0.0813317019134,-0.080715902624,-0.253481177894,0.96052979643,0.731955468655,-0.322025448084,0.131801381707,-1.68388330936,-0.00182190537453,11.8483724594,276.494482198
2516,504.793768692,9.8,10.0,96764.5,14.3400001526,19.5300006866,0.34999999404,42.2401046753,17.8660831451,19.2078399658,34.0301797,108.7569629,34.0300178528,108.756561279,20.0,0.108440282444,-0.103718966132,-0.329507412333,0.932152344401,0.245866760612,-0.5257781744,0.121385127306,1.70422208309,0.394243389368,5.46248292923,280.060212827
2517,504.99075655900003,9.8,10.0,96767.25,14.329000473,19.6100006104,0.34999999404,42.2291259766,17.8170223236,19.2342700958,34.0301794,108.7569637,34.0300178528,108.756561279,20.0,0.116484088825,-0.091544410349,-0.402539492506,0.903334499952,-0.295904636383,-0.732258617878,0.10230153054,-2.28453230858,-0.255639761686,16.5660209656,280.991708022
2518,505.192750978,9.8,10.0,96765.5,14.3299999237,19.4500007629,0.34999999404,42.1315879822,17.7360744476,19.2596702576,34.0301789,108.7569633,34.0300178528,108.756561279,20.0,0.119022052187,-0.0761675475529,-0.476852478625,0.867550561161,-0.767191648483,-0.911971390247,0.091835975647,-0.140302047133,0.401059865952,3.24200463295,278.718509449
2519,505.39074235000004,7.5,11.0,96764.75,14.3249998093,19.2099990845,0.34999999404,41.9417457581,17.6180763245,19.2802352905,34.030178,108.7569617,34.0300178528,108.756561279,20.0,0.122438847146,-0.0653472161106,-0.546553008474,0.825844052386,-1.19506919384,-1.08478665352,0.0778276473284,0.326696544886,-0.598629593849,11.6192445755,275.183233221
2520,505.587736654,7.5,11.0,96762.5,14.3319997787,19.0799999237,0.34999999404,41.6592941284,17.4689407349,19.2927837372,34.0301768,108.7569591,34.0300178528,108.756561279,20.0,0.125550406726,-0.0517830062923,-0.612802164509,0.778478707534,-1.59051454067,-1.23841059208,0.0760316997766,0.624921739101,-0.0233537256718,10.0538015366,273.454554685
2521,505.809732723,7.5,11.0,96753.5,14.3369998932,19.2000007629,0.34999999404,41.3010444641,17.2960243225,19.3056621552,34.0301754,108.7569555,34.0300178528,108.756561279,20.0,0.13287133802,-0.034992373561,-0.682226848503,0.718113741508,-1.94698834419,-1.37265992165,0.0713833123446,0.580897808075,1.06515312195,1.17402517796,275.270408887
2522,505.991723347,7.5,11.0,96749.25,14.3360004425,19.1100006104,0.34999999404,40.8341217041,17.09466362,19.3297595978,34.0301737,108.756951,34.0300178528,108.756561279,20.0,0.137903181775,-0.0255608729734,-0.732697246516,0.665946005612,-2.30214834213,-1.49182975292,0.0838940292597,-4.16984939575,0.3031937778,21.9614009857,273.960977206
2523,506.188713598,7.5,11.0,96748.25,14.3350000381,18.9899997711,0.34999999404,40.3308105469,16.8800582886,19.3668479919,34.0301719,108.7569457,34.0300178528,108.756561279,20.0,0.141065544113,-0.00977341162777,-0.779701693173,0.609975744164,-2.59894704819,-1.61112582684,0.0603135749698,0.95721322298,-0.425775140524,4.90514469147,272.221647443
2524,506.390704918,5.7,9.0,96755.25,14.3219995499,18.6499996185,0.340000003576,39.7279014587,16.6413574219,19.4159507751,34.0301699,108.7569395,34.0300178528,108.756561279,20.0,0.145279001437,0.00488079998674,-0.821633287192,0.551170490757,-2.87680673599,-1.73439264297,-0.00524846231565,-0.402974933386,1.7374702692,10.6673059464,267.105286142
2525,506.592698622,5.7,9.0,96756.4921875,14.3280000687,18.5699996948,0.340000003576,39.0670623779,16.3867454529,19.4629230499,34.0301677,108.7569327,34.0300178528,108.756561279,20.0,0.162909818422,0.0150781351535,-0.857790130762,0.487267028113,-3.12201786041,-1.85128748417,0.00149125943426,1.86609256268,-2.30232334137,-1.06755030155,266.070956903
2526,506.790687132,5.7,9.0,96755.0,14.3129997253,18.7099990845,0.340000003576,38.3184814453,16.0940532684,19.4982585907,34.0301654,108.7569254,34.0300178528,108.756561279,20.0,0.181904249276,0.0245672820932,-0.88837150472,0.420836556336,-3.49903130531,-2.04830336571,-0.05974239856,-3.54726457596,-0.941985368729,17.202507019,267.796211757
2527,506.992684412,5.7,9.0,96760.0,14.3070001602,18.8600006104,0.340000003576,37.6712646484,15.8389101028,19.5162296295,34.0301627,108.7569173,34.0300178528,108.756561279,20.0,0.192464405589,0.0370931463465,-0.916111843914,0.349743715883,-3.86628365517,-2.24141478539,-0.0400480739772,-1.99096488953,0.0261975824833,11.1191654205,269.830031754
2528,507.189676809,5.7,9.0,96750.2421875,14.3190002441,18.8500003815,0.340000003576,36.6336402893,15.4322900772,19.5288524628,34.0301598,108.7569085,34.0300178528,108.756561279,20.0,0.199969321047,0.0507405540438,-0.938536285398,0.276744236297,-4.2057800293,-2.44077897072,-0.0724741667509,-2.00666379929,1.70772945881,9.22358512878,269.913160064
2529,507.391671944,4.3,10.0,96757.9921875,14.3129997253,19.2099990845,0.340000003576,35.8475036621,15.1083612442,19.532207489,34.0301565,108.7568988,34.0300178528,108.756561279,20.0,0.212592370665,0.0667339080127,-0.953103648163,0.204803717354,-4.60241317749,-2.69868159294,-0.0591208226979,-1.1984436512,-1.17115807533,9.52273368835,274.95271162
2530,507.59366874700004,4.3,10.0,96757.9921875,14.3179998398,19.3799991608,0.340000003576,34.6609764099,14.5987701416,19.5299873352,34.0301528,108.7568884,34.0300178528,108.756561279,20.0,0.21140965107,0.0869481845663,-0.953955730999,0.19420222552,-4.95603847504,-2.97445321083,-0.104565739632,0.0415286868811,0.0952907949686,2.3394639492,277.482824879
2531,507.790658998,4.3,10.0,96758.5,14.3240003586,19.2399997711,0.340000003576,33.5539932251,14.0836105347,19.5196838379,34.0301486,108.7568773,34.0300178528,108.756561279,20.0,0.209183475605,0.0839136746938,-0.954663250145,0.194470658798,-5.32939910889,-3.27526307106,-0.120395243168,-4.48140525818,-0.111993297935,15.7101516724,275.593763621
2532,507.992655087,4.3,10.0,96754.9921875,14.3120002747,19.1800003052,0.340000003576,32.4138679504,13.5449647903,19.5077972412,34.0301437,108.7568655,34.0300178528,108.756561279,20.0,0.190351715782,0.0848890159886,-0.957310156525,0.200293330213,-5.62194633484,-3.54354572296,-0.133153453469,0.307182848454,1.66544485092,-1.41519474983,274.504169636
2533,508.189649868,4.3,10.0,96755.0,14.3030004501,18.6299991608,0.340000003576,31.1958885193,12.9283533096,19.5021400452,34.0301384,108.756853,34.0300178528,108.756561279,20.0,0.165595015215,0.0566068158373,-0.963862853504,0.20085426262,-5.84301757813,-3.74038362503,-0.0920577570796,1.31260061264,0.943760335445,1.958802104,266.464886382
2534,508.387644577,3.2,7.0,96754.0,14.3140001297,17.9099998474,0.340000003576,29.9427337646,12.2838840485,19.500585556,34.0301327,108.75684,34.0300178528,108.756561279,20.0,0.132376934414,0.0341211771288,-0.970186819536,0.200124110617,-5.96119689941,-3.77613139153,-0.077332533896,-4.1542339325,1.43265926838,16.8989620209,256.363740139
2535,508.589637327,3.2,7.0,96751.2421875,14.3190002441,17.1399993896,0.340000003576,28.7008495331,11.6475954056,19.5157546997,34.0301267,108.7568266,34.0300178528,108.756561279,20.0,0.116432797427,0.034695254084,-0.971980715849,0.201229411719,-6.0009598732,-3.78318357468,-0.0817852914333,-1.99302721024,1.9013068676,18.9926548004,245.427655445
2536,508.791632223,3.2,7.0,96751.75,14.3360004425,16.4500007629,0.340000003576,27.4208488464,10.9797840118,19.5344200134,34.0301206,108.756813,34.0300178528,108.756561279,20.0,0.120530619604,0.0321399433424,-0.971455987585,0.201774201883,-6.00244903564,-3.76671433449,-0.0774755999446,-1.40635836124,-2.46296572685,8.37878131866,235.827218217
2537,508.993631411,3.2,7.0,96753.5,14.3420000076,16.2700004578,0.340000003576,26.1315288544,10.3035306931,19.5485134125,34.0301146,108.7567995,34.0300178528,108.756561279,20.0,0.126390058877,0.0249251773257,-0.97125317695,0.200179196548,-6.04520511627,-3.76201081276,-0.111804865301,-0.238414794207,1.04227495193,2.08966064453,233.344346689
2538,509.19062953,3.2,7.0,96752.5,14.343000412,15.9600000381,0.340000003576,24.8567810059,9.64922428131,19.5562515259,34.0301085,108.7567858,34.0300178528,108.756561279,20.0,0.125892915725,0.0188013456041,-0.97161011861,0.199427423211,-6.12156867981,-3.71826386452,-0.0985124930739,-1.53627431393,4.09009504318,-0.663558423519,228.914287122
2539,509.392623711,4.5,7.0,96753.25,14.357000351,15.6099996567,0.340000003576,23.5682449341,8.99170589447,19.5662994385,34.0301025,108.7567721,34.0300178528,108.756561279,20.0,0.125032472007,0.0161315482169,-0.971485111057,0.200807311031,-6.18643712997,-3.68346571922,-0.104026004672,-3.1110560894,1.59194517136,13.8438339233,224.112770549
2540,509.589614916,4.5,7.0,96750.5,14.3599996567,15.1899995804,0.340000003576,22.2427864075,8.32726383209,19.5708179474,34.0300964,108.7567583,34.0300178528,108.756561279,20.0,0.0929618707676,0.00810426998619,-0.97498949507,0.201712667484,-6.20129299164,-3.60799145699,-0.155886054039,-2.37027978897,-0.0738886743784,13.4343738556,218.128388759
2541,509.79260592500003,4.5,7.0,96752.1953125,14.373000145,14.6899995804,0.340000003576,20.9294757843,7.67636537552,19.5798568726,34.0300905,108.7567445,34.0300178528,108.756561279,20.0,0.0455960109329,0.00544448115834,-0.978366300573,0.20171941098,-6.11699438095,-3.52770876884,-0.0779587998986,-1.70360600948,4.50515174866,6.45532131195,211.139366098
2542,509.989600468,4.5,7.0,96753.25,14.3789997101,14.2100000381,0.340000003576,19.6858139038,7.06203603745,19.6023921967,34.0300847,108.7567307,34.0300178528,108.756561279,20.0,0.0196025150475,0.000529443442638,-0.979738011905,0.199321423887,-5.87907123566,-3.35999393463,-0.0556671917439,1.78823375702,-1.671682477,6.01223993301,204.325586429
2543,510.191595364,4.5,7.0,96753.25,14.388999939,13.8400001526,0.340000003576,18.423406601,6.44170045853,19.6142292023,34.0300792,108.7567174,34.0300178528,108.756561279,20.0,0.0112829940266,-0.00585980460001,-0.980447469806,0.196370175113,-5.60697746277,-3.19888663292,-0.0971612110734,-1.03883934021,2.24831032753,-0.829974293709,199.143761351
2544,510.38858943,7.0,351.0,96751.7421875,14.3879995346,13.4399995804,0.340000003576,17.2991313934,5.89963960648,19.6139984131,34.0300739,108.7567046,34.0300178528,108.756561279,20.0,0.0104699530014,-0.0124186464574,-0.980566492506,0.195514004033,-5.35884284973,-3.00944423676,-0.121083259583,-4.11627483368,5.25181484222,9.71845245361,193.374707708
2545,510.590582657,7.0,351.0,96753.25,14.388999939,13.6000003815,0.330000013113,16.158323288,5.36213302612,19.5988674164,34.030069,108.7566924,34.0300178528,108.756561279,20.0,0.0146289480362,-0.00987609633263,-0.980632705205,0.195059113097,-5.12495136261,-2.8290874958,-0.215387001634,-1.64955711365,-3.78781700134,21.3850383759,195.690404659
2546,510.792573023,7.0,351.0,96756.5,14.3809995651,13.75,0.330000013113,15.0992279053,4.87177991867,19.579284668,34.0300643,108.7566808,34.0300178528,108.756561279,20.0,0.00868480844635,-0.00890373788429,-0.980629544191,0.195476661925,-4.8690533638,-2.64547920227,-0.209882363677,-0.407731920481,2.82619023323,5.32055139542,197.73874402
2547,510.98956089,7.0,351.0,96756.4921875,14.3819999695,13.9899997711,0.330000013113,14.0744905472,4.3949174881,19.55210495,34.0300599,108.7566698,34.0300178528,108.756561279,20.0,-0.00292097177793,-0.00446278993043,-0.980670384487,0.195594462367,-4.59605503082,-2.49502778053,-0.242446705699,-4.59363079071,-5.65691947937,17.4173526764,201.204176281
2548,511.192556906,7.0,351.0,96750.9921875,14.3800001144,14.2899999619,0.340000003576,13.2572669983,4.01295614243,19.53125,34.0300559,108.7566595,34.0300178528,108.756561279,20.0,-0.00298499374632,-0.00698095127089,-0.980714427944,0.195298802224,-4.25507974625,-2.33376955986,-0.165612667799,-0.249303326011,4.19327878952,5.51815891266,205.490201087
2549,511.389547396,8.1,354.0,96759.25,14.3920001984,14.3699998856,0.330000013113,12.2494001389,3.54899024963,19.5070285797,34.0300521,108.7566498,34.0300178528,108.756561279,20.0,-0.00899059079846,-0.00837537802519,-0.980794928425,0.194654461204,-3.97054505348,-2.1694355011,-0.173894941807,-1.41831302643,-0.136269837618,15.7951459885,206.813041203
2550,511.591546822,8.1,354.0,96760.25,14.3789997101,14.3999996185,0.330000013113,11.4057846069,3.15919399261,19.4759998322,34.0300484,108.7566409,34.0300178528,108.756561279,20.0,0.000442014415214,-0.00921311800911,-0.980569063464,0.195957431026,-3.64341425896,-1.98938131332,-0.137157648802,-1.44117081165,6.22133302689,4.94349098206,207.05759034
2551,511.788540649,8.1,354.0,96754.5078125,14.3830003738,14.4899997711,0.340000003576,10.6899204254,2.8215303421,19.440870285,34.0300451,108.7566327,34.0300178528,108.756561279,20.0,0.0113546902611,-0.0173992753707,-0.980207317063,0.196880742036,-3.38035798073,-1.83322787285,-0.175993844867,-1.27727806568,3.20839238167,0.00991152413189,208.409672125
2552,512.0105376719999,8.1,354.0,96756.75,14.3900003433,14.8599996567,0.340000003576,9.99034976959,2.50008869171,19.4148769379,34.030042,108.7566251,34.0300178528,108.756561279,20.0,0.0127261220406,-0.0182889772328,-0.979985540346,0.197818003654,-3.13745760918,-1.65738296509,-0.198270097375,-0.220901966095,-1.3819975853,9.76524925232,213.835400161
2553,512.212530661,8.1,354.0,96765.5,14.3900003433,15.1700000763,0.340000003576,9.36373996735,2.22060966492,19.3952083588,34.0300392,108.7566182,34.0300178528,108.756561279,20.0,0.0118229575531,-0.0180010796839,-0.979306849644,0.201232277705,-2.89452171326,-1.49851870537,-0.201823800802,-3.11460161209,-0.816344738007,16.1261901855,218.296306306
2554,512.389530706,8.5,4.0,96761.2421875,14.3830003738,15.5799999237,0.340000003576,8.77871131897,1.95827805996,19.3634357452,34.0300365,108.7566118,34.0300178528,108.756561279,20.0,0.0100341563988,-0.0134599694667,-0.978247867929,0.20675899395,-2.70818042755,-1.38143503666,-0.221881359816,-2.67267584801,3.21715831757,11.7976446152,224.087144727
2555,512.6125274179999,8.5,4.0,96761.4921875,14.3789997101,16.0799999237,0.340000003576,8.32315731049,1.74838519096,19.3247947693,34.0300342,108.756606,34.0300178528,108.756561279,20.0,0.0128094682567,-0.0113753627964,-0.977295981355,0.211184876659,-2.43942451477,-1.23779845238,-0.186873957515,-0.603990137577,0.275160431862,8.97021770477,231.214314241
2556,512.809516716,8.5,4.0,96757.4921875,14.375,16.5200004578,0.340000003576,7.7794919014,1.49727189541,19.2804508209,34.030032,108.7566006,34.0300178528,108.756561279,20.0,0.0217157804223,0.00250653234995,-0.977299268809,0.21073323103,-2.22058582306,-1.14178645611,-0.149529010057,-0.738581001759,-0.609961509705,6.20064973831,237.47500658
2557,512.9915082929999,8.5,4.0,96765.25,14.361000061,16.9400005341,0.340000003576,7.33958959579,1.28421640396,19.2537460327,34.0300299,108.7565957,34.0300178528,108.756561279,20.0,0.0600486670982,0.00756160560401,-0.976066009875,0.208883363702,-2.10082364082,-1.10619568825,-0.111899070442,-2.28424978256,-1.57471287251,18.6000919342,243.275348704
2558,513.1885011669999,8.5,4.0,96762.7421875,14.3509998322,17.1100006104,0.340000003576,6.91119527817,1.06648445129,19.2362556458,34.0300278,108.7565912,34.0300178528,108.756561279,20.0,0.07691473742,0.00219568748838,-0.976216853446,0.202681834265,-2.10409235954,-1.09715533257,-0.00473963469267,-2.05002737045,1.70178043842,15.703663826,245.545615887
2559,513.3904943939999,8.3,7.0,96772.5,14.3409996033,17.8799991608,0.330000013113,6.50236845016,0.854433059692,19.2223930359,34.0300258,108.7565869,34.0302047729,108.756134033,20.0,0.0789086337002,-0.00283277134794,-0.980203270965,0.181568033329,-2.14715075493,-1.07621777058,0.0248508192599,-1.31455433369,2.19234681129,9.24244594574,256.417060871
2560,513.592488575,8.3,7.0,96767.25,14.3280000687,18.0699996948,0.330000013113,6.06900501251,0.639921367168,19.204744339,34.0300237,108.7565822,34.0302047729,108.756134033,20.0,0.105465842367,-0.0455117554314,-0.987521270419,0.107737417891,-2.25936412811,-0.973548233509,0.00881020445377,-2.10958194733,0.271301448345,8.6340265274,258.906956868
2561,513.789479542,8.3,7.0,96765.0,14.3229999542,18.5799999237,0.330000013113,5.63037395477,0.471098721027,19.1869716644,34.0300216,108.7565776,34.0302047729,108.756134033,20.0,0.14352046633,-0.0848124878485,-0.985742504825,0.0228136254836,-2.50181341171,-0.703783333302,0.0961984619498,-1.42919147015,-0.527958989143,9.81949996948,266.121338057
2562,513.991474199,8.3,7.0,96769.75,14.3260002136,19.1700000763,0.330000013113,5.11695432663,0.347734510899,19.17927742,34.0300199,108.7565726,34.0302047729,108.756134033,20.0,0.179648760678,-0.108824817119,-0.975451340236,-0.0661677283233,-2.8792090416,-0.290919035673,0.174673572183,-0.441602826118,-2.56741642952,6.22813272476,274.629425188
2563,514.188465643,8.3,7.0,96769.2421875,14.3190002441,19.7700004578,0.340000003576,4.54584884644,0.300791293383,19.1757774353,34.0300186,108.756567,34.0302047729,108.756134033,20.0,0.215086700185,-0.120925424939,-0.957750801827,-0.147743670113,-3.31819677353,0.224316641688,0.181328997016,-3.81891274452,-0.712577939034,17.4171600342,283.086641381
2564,514.3914614199999,8.5,5.0,96770.25,14.3170003891,20.2800006866,0.340000003576,3.87819218636,0.340265393257,19.1734142303,34.0300181,108.7565603,34.0302047729,108.756134033,20.0,0.233547193689,-0.106346276862,-0.940749100312,-0.221669495282,-3.79956459999,0.742617785931,0.167129829526,-1.22676825523,0.0739761590958,5.2160987854,290.348777722
2565,514.5934536929999,8.5,5.0,96765.25,14.3100004196,20.9899997711,0.340000003576,3.12263822556,0.451270222664,19.1683006287,34.0300185,108.7565526,34.0302047729,108.756134033,20.0,0.245624246689,-0.0936310995017,-0.932065521893,-0.249310641867,-4.29069471359,1.21690011024,0.134219393134,-1.43087375164,-2.75977253914,13.1388092041,300.366905532
2566,514.7904394149999,8.5,5.0,96766.0,14.3100004196,21.4699993134,0.340000003576,2.26785254478,0.638759434223,19.1703968048,34.0300197,108.7565438,34.0302047729,108.756134033,20.0,0.249253833184,-0.0946977045286,-0.930288947935,-0.251927118223,-4.78198480606,1.64897990227,0.120864547789,-3.32009863853,0.507849931717,11.8246192932,307.235699183
2567,514.992438364,8.5,5.0,96767.25,14.2829999924,21.8400001526,0.340000003576,1.36117243767,0.900553762913,19.1794509888,34.0300216,108.756534,34.0302047729,108.756134033,20.0,0.242636208985,-0.101486107757,-0.9318584755,-0.249936459347,-5.22436141968,2.07599258423,0.170577377081,-4.66127061844,-1.87374043465,20.0328807831,311.940722013
2568,515.18943243,8.5,5.0,96759.75,14.2749996185,22.0400009155,0.330000013113,0.310410678387,1.26248788834,19.2044773102,34.0300243,108.756523,34.0302047729,108.756134033,20.0,0.242741260005,-0.111130634322,-0.930992758158,-0.248956397605,-5.6357960701,2.50034356117,0.178316488862,-0.337830662727,2.08894824982,3.84508895874,314.621004662
2569,515.3924272539999,8.4,4.0,96764.5,14.2670001984,21.7800006866,0.330000013113,-0.849627912045,1.70973455906,19.2367324829,34.0300279,108.7565108,34.0302047729,108.756134033,20.0,0.235180663291,-0.113323745585,-0.932681919553,-0.248902365346,-5.99115657806,2.91832709312,0.166382864118,-2.12362360954,-0.48894149065,14.1109933853,310.735274117
2570,515.5894186969999,8.4,4.0,96758.5,14.2709999084,21.1499996185,0.330000013113,-2.03502702713,2.21890830994,19.262676239,34.0300322,108.7564978,34.0302047729,108.756134033,20.0,0.212965997208,-0.108503716085,-0.938048098452,-0.250874711415,-6.22870159149,3.25530266762,0.116430811584,-3.18911981583,-1.69207239151,14.5652713776,301.83164262
2571,515.8114154819999,8.4,4.0,96759.75,14.2709999084,20.3799991608,0.330000013113,-3.3113386631,2.81950378418,19.2892932892,34.0300373,108.7564842,34.0302047729,108.756134033,20.0,0.18076920567,-0.0957074824328,-0.945200397571,-0.254477529393,-6.39683246613,3.53825426102,0.100823774934,-5.30502271652,-1.0181261301,17.8622264862,290.842966157
2572,515.988416481,8.4,4.0,96763.7421875,14.2790002823,19.3600006104,0.330000013113,-4.55952310562,3.44177651405,19.3144569397,34.030043,108.75647,34.0302047729,108.756134033,20.0,0.151560973402,-0.0745236360685,-0.951457687288,-0.25730128395,-6.47796154022,3.69279813766,-0.00835086312145,-4.03747558594,-0.93756967783,19.0817375183,276.44145418
2573,516.19040494,8.4,4.0,96755.7421875,14.2810001373,18.5200004578,0.330000013113,-5.92983150482,4.14143323898,19.3382644653,34.0300491,108.7564556,34.0302047729,108.756134033,20.0,0.108119576537,-0.0624774424639,-0.95673403018,-0.262805683439,-6.46015501022,3.76932549477,0.0305142588913,-2.91820073128,-0.832142531872,6.14605379105,264.484129081
2574,516.4124041079999,8.5,1.0,96759.7421875,14.2869997025,17.8999996185,0.330000013113,-7.26834487915,4.85806560516,19.3710346222,34.0300556,108.7564412,34.0302047729,108.756134033,20.0,0.117484353395,-0.0552586566915,-0.956204075707,-0.262331278512,-6.40412712097,3.81969118118,0.0845510736108,-5.55114126205,0.922291398048,14.7771492004,255.737289224
2575,516.5893986699999,8.5,1.0,96759.0,14.295999527,17.3400001526,0.330000013113,-8.53798294067,5.56411409378,19.4004821777,34.0300621,108.7564269,34.0302047729,108.756134033,20.0,0.13170400466,-0.0563979070801,-0.955007632044,-0.259680304961,-6.35855960846,3.86200141907,-0.00814138073474,-1.35236811638,-2.79540061951,-0.44346010685,247.892633979
2576,516.7913907049999,8.5,1.0,96756.9921875,14.3000001907,17.2399997711,0.330000013113,-9.84579277039,6.30363321304,19.412902832,34.0300688,108.7564127,34.0302047729,108.756134033,20.0,0.130807638656,-0.0518775601128,-0.955843235463,-0.257995695426,-6.35809469223,3.8985118866,-0.0541142299771,-5.70435667038,0.584603846073,16.4342823029,246.532000015
2577,516.988380003,8.5,1.0,96762.0,14.3000001907,17.25,0.330000013113,-11.1843137741,7.07904148102,19.4205741882,34.0300755,108.7563986,34.0302047729,108.756134033,20.0,0.128939292569,-0.050042315107,-0.955760395832,-0.259601047812,-6.3733625412,3.9496088028,-0.0642824172974,-4.69597768784,-0.870331943035,13.5316524506,246.67500329
2578,517.1913719649999,8.5,1.0,96754.9921875,14.3059997559,17.0400009155,0.330000013113,-12.5198888779,7.8660030365,19.4253139496,34.0300823,108.7563845,34.0302047729,108.756134033,20.0,0.132464370685,-0.0485539834456,-0.955345249374,-0.259636872633,-6.38595151901,4.00006008148,-0.0362638644874,-1.51304626465,1.91843187809,3.03306436539,243.774248937
2579,517.3883672239999,6.6,358.0,96760.0,14.3199996948,16.7999992371,0.330000013113,-13.8224878311,8.64037513733,19.4288215637,34.0300892,108.7563705,34.0302047729,108.756134033,20.0,0.129883821884,-0.0384554325891,-0.956095779379,-0.259869881485,-6.41765880585,4.01047229767,-0.0279737766832,-5.4362039566,-0.104777857661,14.2755422592,240.575983948
2580,517.590357351,6.6,358.0,96758.5,14.3249998093,16.5799999237,0.330000013113,-15.1928367615,9.45160388947,19.4290866852,34.0300961,108.7563565,34.0302047729,108.756134033,20.0,0.135122369589,-0.0364865109508,-0.955787812357,-0.258612851729,-6.45231389999,4.01205301285,-0.0280125103891,-0.0281016789377,1.21517562866,8.15409851074,237.508495745
2581,517.7923419949999,6.6,358.0,96761.2578125,14.3280000687,16.2199993134,0.330000013113,-16.4608364105,10.2087450027,19.4251346588,34.0301031,108.7563423,34.0302047729,108.756134033,20.0,0.131128887204,-0.0340822176357,-0.956533326887,-0.258239578165,-6.47197580338,4.01611661911,-0.0552875846624,-2.6513543129,-0.612927615643,8.7695350647,232.400151275
2582,517.989334869,6.6,358.0,96756.4921875,14.3129997253,15.970000267,0.330000013113,-17.7944583893,11.0002756119,19.4170036316,34.0301101,108.7563282,34.0302047729,108.756134033,20.0,0.0908314239666,-0.0241102495704,-0.961441580277,-0.258453937036,-6.43854141235,3.96523046494,-0.00770156783983,-1.26978349686,-0.929648041725,5.86232042313,228.578609436
2583,518.211330462,6.6,358.0,96753.5,14.3240003586,15.529999733,0.330000013113,-19.1360454559,11.7978496552,19.4284896851,34.0301171,108.756314,34.0302047729,108.756134033,20.0,0.037316804525,-0.0165482165711,-0.965087388041,-0.258727870478,-6.25254392624,3.85030508041,0.0391945652664,-2.02952337265,0.0642940849066,13.8813447952,222.451721744
2584,518.3933182239999,4.5,357.0,96757.5,14.3330001831,14.8000001907,0.330000013113,-20.3372497559,12.5171279907,19.4522743225,34.0301238,108.7563001,34.0302047729,108.756134033,20.0,0.0272908812497,-0.00970755585988,-0.965498024786,-0.258794673233,-5.99569559097,3.71356987953,0.0118129281327,-2.42700862885,0.820516943932,11.5139036179,212.128405444
2585,518.590303707,4.5,357.0,96755.0,14.3509998322,14.5100002289,0.330000013113,-21.5544509888,13.242688179,19.4663391113,34.0301304,108.7562867,34.0302047729,108.756134033,20.0,0.0213129678446,-0.00235532723819,-0.966082854456,-0.257340438372,-5.71484088898,3.51803207397,-0.0136937182397,-1.00477516651,1.97827148438,6.429022789,208.233010849
2586,518.7882977009999,4.5,357.0,96758.25,14.359000206,14.2700004578,0.330000013113,-22.6958885193,13.9171237946,19.4785709381,34.0301367,108.7562739,34.0302047729,108.756134033,20.0,0.0145633805462,-0.00208499998602,-0.966327727645,-0.256893766072,-5.45454311371,3.32438731194,-0.0482581555843,-1.27703332901,-4.10479784012,15.0934362411,204.902939513
2587,519.0102782729999,4.5,357.0,96756.9921875,14.3640003204,14.1800003052,0.330000013113,-23.8381481171,14.5918264389,19.4862060547,34.0301426,108.7562617,34.0302047729,108.756134033,20.0,0.00526505724979,0.00238664909672,-0.966608889272,-0.25619113596,-5.15419197083,3.13499259949,-0.0871578156948,0.2372597754,-1.4307141304,0.396736264229,203.681528927
2588,519.19227581,4.5,357.0,96761.4921875,14.3579998016,14.1599998474,0.330000013113,-24.6822357178,15.0892314911,19.4841442108,34.0301481,108.7562502,34.0302047729,108.756134033,20.0,-0.00579432914158,0.00921051395949,-0.966670929433,-0.255790572312,-4.85773563385,2.93617534637,-0.133858844638,-0.847557425499,-1.91452550888,8.41473293304,203.309275
2589,519.389263916,2.3,336.0,96754.7578125,14.3529996872,14.220000267,0.330000013113,-25.8258666992,15.7530593872,19.4874267578,34.0301533,108.7562394,34.0302047729,108.756134033,20.0,-0.00763659159759,0.0122612859301,-0.966307286424,-0.256986025523,-4.55942344666,2.69636678696,-0.0836565792561,-5.77204704285,-2.62312960625,17.6405849457,204.099659385
2590,519.5912540439999,2.3,336.0,96759.0,14.3579998016,14.1899995804,0.330000013113,-26.7773246765,16.2887687683,19.4832515717,34.0301581,108.7562292,34.0302047729,108.756134033,20.0,-0.00553312865774,0.00793311739665,-0.965323621127,-0.260877149018,-4.2496380806,2.48150324821,-0.13670372963,-3.05634522438,-0.459581196308,20.922618866,203.74001116
2591,519.7882457259999,2.3,336.0,96761.7421875,14.3629999161,14.4899997711,0.330000013113,-27.5987968445,16.7447166443,19.4638366699,34.0301624,108.7562198,34.0302047729,108.756134033,20.0,-0.011769379689,0.00243511056388,-0.964910961333,-0.2623023447,-3.96963953972,2.26342630386,-0.181712180376,-2.13422822952,1.38354349136,14.4490537643,208.119865497
2592,519.990236807,2.3,336.0,96759.0,14.3660001755,14.8699998856,0.330000013113,-28.397310257,17.1811599731,19.4338436127,34.0301663,108.7562109,34.0302047729,108.756134033,20.0,-0.00947289471972,0.00103050493407,-0.964926661034,-0.262346999286,-3.65254616737,2.07964205742,-0.213278755546,-2.82886362076,-0.105714485049,10.8418741226,213.622420965
2593,520.193229246,2.3,336.0,96761.0,14.373000145,15.2600002289,0.340000003576,-29.1153964996,17.5617923737,19.3939743042,34.0301699,108.7562028,34.0302047729,108.756134033,20.0,-0.0134556711467,0.00867517802523,-0.964914101273,-0.262077428043,-3.35185003281,1.8844332695,-0.215993314981,1.03675627708,-1.7496317625,4.82226419449,219.331985502
2594,520.390216398,1.5,294.0,96759.4921875,14.3859996796,15.7299995422,0.340000003576,-29.7962970734,17.9181251526,19.3570251465,34.030173,108.7561953,34.0302047729,108.756134033,20.0,-0.0113412329041,5.01349933935e-06,-0.964951801629,-0.262182268329,-3.03262162209,1.67222082615,-0.167330145836,-1.30267691612,-0.207532063127,9.98892784119,226.291768374
2595,520.5922067639999,1.5,294.0,96761.7578125,14.3739995956,16.0699996948,0.340000003576,-30.3694534302,18.2091579437,19.3294887543,34.0301758,108.7561884,34.0302047729,108.756134033,20.0,-0.00664119317733,-0.00486098998012,-0.963997344098,-0.265784559471,-2.76455211639,1.51423311234,-0.15654502809,-1.87104392052,0.887223541737,1.60376560688,230.990169115
2596,520.789202499,1.5,294.0,96765.0,14.3559999466,16.3600006104,0.340000003576,-30.9193592072,18.4829807281,19.3117599487,34.0301782,108.7561823,34.0302047729,108.756134033,20.0,-0.00132405905104,-0.00980411033855,-0.962515692712,-0.271045771644,-2.49679636955,1.38366723061,-0.0972468405962,0.335892558098,-0.339395523071,0.710264384747,234.864167888
2597,520.99120121,1.5,294.0,96776.0,14.3529996872,16.5599994659,0.340000003576,-31.4249095917,18.7320671082,19.2816486359,34.0301803,108.7561767,34.0302047729,108.756134033,20.0,0.000375554762012,-0.0136142973965,-0.960733112827,-0.277139889838,-2.24898314476,1.2774668932,-0.0690363794565,-2.05152988434,-0.14024361968,13.2469930649,237.685667155
2598,521.193197536,1.5,294.0,96768.2421875,14.3540000916,16.7900009155,0.340000003576,-31.8452014923,18.93708992,19.2425689697,34.0301823,108.7561717,34.0302047729,108.756134033,20.0,0.00249859623008,-0.0105333225991,-0.95942801459,-0.281745844957,-2.02691245079,1.17546796799,-0.0710697248578,0.315033197403,0.778856158257,8.61502075195,241.003674679
2599,521.390198278,1.7,137.0,96769.9921875,14.3629999161,17.3500003815,0.340000003576,-32.2406234741,19.1263809204,19.1909255981,34.0301841,108.7561672,34.0302047729,108.756134033,20.0,0.00800790154634,-0.0147369613539,-0.958068083302,-0.286049396438,-1.82598185539,1.05421662331,-0.0488305985928,-1.06062316895,-1.43851530552,11.3849878311,249.198054023
2600,521.592184591,1.7,137.0,96776.5,14.3549995422,17.7000007629,0.340000003576,-32.5839271545,19.2862968445,19.1524829865,34.0301857,108.756163,34.0302047729,108.756134033,20.0,0.0108590400299,-0.0200198669709,-0.955129499657,-0.295311524646,-1.6240695715,0.963069856167,0.0405515357852,-1.3572589159,1.62406980991,12.2598657608,254.08350285
2601,521.790170002,1.7,137.0,96770.7421875,14.359000206,17.7299995422,0.34999999404,-32.897769928,19.4335613251,19.1227703094,34.030187,108.7561594,34.0302047729,108.756134033,20.0,0.014897036237,-0.0199619715244,-0.951402685651,-0.306940957042,-1.45477855206,0.886041760445,0.0455050766468,-2.28813791275,-1.28079986572,14.8905448914,254.585067079
2602,521.992160368,1.7,137.0,96775.5,14.3529996872,17.9799995422,0.340000003576,-33.1783561707,19.5599136353,19.0915164948,34.0301882,108.756156,34.0302047729,108.756134033,20.0,0.015972488974,-0.0235851785341,-0.946472494826,-0.321525304987,-1.30056846142,0.811871230602,0.0773881077766,-3.84090614319,1.57769620419,19.5283184052,258.066927805
2603,522.189150143,1.7,137.0,96772.25,14.3380002975,18.2700004578,0.330000013113,-33.4234848022,19.6671733856,19.071723938,34.0301894,108.756153,34.0301818848,108.756973267,20.0,0.0190995905336,-0.027568039584,-0.942973927078,-0.331173097933,-1.15623939037,0.757787227631,0.131541445851,-1.69241535664,-0.374543815851,15.1425199509,261.955272
2604,522.3911402699999,7.5,39.0,96772.75,14.3059997559,18.3899993896,0.330000013113,-33.6429634094,19.7693061829,19.0644836426,34.0301903,108.7561503,34.0301818848,108.756973267,20.0,-0.000794774976171,-0.0332165780021,-0.919240130524,-0.392292834989,-0.960470438004,0.694552063942,0.208117350936,-2.07197546959,-0.792686581612,11.1717119217,263.087326779
2605,522.5931377889999,7.5,39.0,96770.25,14.3070001602,18.4099998474,0.330000013113,-33.8147277832,19.8524513245,19.0625591278,34.0301912,108.7561481,34.0301818848,108.756973267,20.0,-0.0399607046495,-0.0550467423372,-0.883517894719,-0.463431994829,-0.654932439327,0.624127209187,0.208883047104,-2.07610082626,0.15652102232,12.173828125,263.391870767
2606,522.790133524,7.5,39.0,96771.0,14.3120002747,18.5499992371,0.330000013113,-33.9073104858,19.916387558,19.0654830933,34.030192,108.7561464,34.0301818848,108.756973267,20.0,-0.0735533043217,-0.0833466000424,-0.840052734934,-0.530994025195,-0.210828840733,0.530638873577,0.202284440398,-1.01313245296,0.338361442089,13.9328641891,265.487594176
2607,522.992123413,7.5,39.0,96766.75,14.3070001602,18.6399993896,0.330000013113,-33.9066123962,19.9679698944,19.0762844086,34.0301926,108.7561455,34.0301818848,108.756973267,20.0,-0.0795823622689,-0.0971462750837,-0.790745052567,-0.599125585924,0.325496524572,0.435097843409,0.216007053852,-0.768250405788,0.128732025623,8.80006408691,266.682474254
2608,523.190114784,7.5,39.0,96765.75,14.3059997559,18.7700004578,0.330000013113,-33.8114433289,20.0060482025,19.0946445465,34.030193,108.7561456,34.0301818848,108.756973267,20.0,-0.0657038205959,-0.107986503131,-0.738093112602,-0.662752312361,0.834862530231,0.354194253683,0.199769213796,-2.60643076897,0.733287811279,12.4793777466,268.523621966
2609,523.387110758,9.7,18.0,96768.9921875,14.3170003891,18.7399997711,0.340000003576,-33.6706581116,20.0231647491,19.1137180328,34.0301934,108.7561471,34.0301818848,108.756973267,20.0,-0.0533040307373,-0.115163708403,-0.679619803822,-0.722504609406,1.29246890545,0.293314665556,0.163477912545,-0.954437017441,-0.766682505608,7.24399805069,268.300584015
2610,523.5891056539999,9.7,18.0,96768.2421875,14.3170003891,18.7399997711,0.340000003576,-33.354385376,20.0331077576,19.1364059448,34.0301935,108.7561495,34.0301818848,108.756973267,20.0,-0.0432033040498,-0.119680588792,-0.615589767606,-0.7777270501,1.70988976955,0.238148882985,0.154823973775,-1.45042991638,0.244973838329,15.1371393204,268.300584015
2611,523.791094351,9.7,18.0,96766.25,14.3140001297,18.7000007629,0.340000003576,-32.9951972961,20.0215759277,19.1588077545,34.0301935,108.756153,34.0301818848,108.756973267,20.0,-0.028289918293,-0.121488464688,-0.550973254042,-0.825147818059,2.091588974,0.190186351538,0.177215054631,-0.592434823513,1.64713680744,4.71397209167,267.671813346
2612,523.9880850789999,9.7,18.0,96763.4921875,14.3120002747,18.6800003052,0.340000003576,-32.5544281006,19.9958839417,19.1817893982,34.0301935,108.7561573,34.0301818848,108.756973267,20.0,-0.0208423330851,-0.13493441045,-0.484968212554,-0.86380789994,2.38890838623,0.175450444221,0.150906980038,-0.339913368225,1.11767280102,7.37990283966,267.348169498
2613,524.19008069,9.7,18.0,96771.0,14.3090000153,18.5,0.340000003576,-32.0472869873,19.9651737213,19.2066688538,34.0301933,108.7561624,34.0301818848,108.756973267,20.0,-0.00925399386672,-0.13500940023,-0.415193451568,-0.899611795264,2.79652690887,0.149349167943,0.153639405966,0.015195928514,2.07376074791,7.113717556,264.716500282
2614,524.392073441,10.4,13.0,96763.4921875,14.3039999008,18.4300003052,0.330000013113,-31.4663848877,19.930109024,19.226650238,34.0301931,108.7561684,34.0301818848,108.756973267,20.0,-0.00165691378715,-0.137780192003,-0.343531691881,-0.928977928065,3.11885428429,0.149702727795,0.130102500319,-1.34577262402,-1.68339705467,12.5908746719,263.622722537
2615,524.589059401,10.4,13.0,96768.2421875,14.3009996414,18.4099998474,0.330000013113,-30.7961883545,19.8898563385,19.2475032806,34.0301928,108.7561751,34.0301818848,108.756973267,20.0,0.00527295533871,-0.144615336087,-0.271722418224,-0.951433410703,3.464884758,0.154842719436,0.129645049572,0.331687778234,0.375262826681,6.49013280869,263.281401216
2616,524.792048502,10.4,13.0,96762.0,14.3009996414,18.4200000763,0.330000013113,-30.0493488312,19.8469600677,19.2695102692,34.0301924,108.7561825,34.0301818848,108.756973267,20.0,0.0106621200755,-0.158639462853,-0.195427476553,-0.967743777462,3.83227181435,0.170211225748,0.119418181479,-2.05703234673,1.17461585999,10.7274637222,263.424414486
2617,524.9890404219999,10.4,13.0,96763.2578125,14.2760000229,18.4899997711,0.319999992847,-29.2452373505,19.8001899719,19.2858333588,34.030192,108.7561906,34.0301818848,108.756973267,20.0,0.0151490682996,-0.16980154465,-0.119987441557,-0.978029083638,4.22374391556,0.183208525181,0.14063282311,-1.19086408615,-0.159969821572,7.00516366959,263.963237156
2618,525.191032457,10.4,13.0,96761.0,14.279999733,18.4899997711,0.330000013113,-28.3393630981,19.7549877167,19.3030834198,34.0301917,108.7561995,34.0301818848,108.756973267,20.0,0.0227656254915,-0.178680252441,-0.0441129989939,-0.9826541945,4.64920473099,0.200662985444,0.128020703793,-0.284807384014,2.58845424652,2.46868228912,264.037191794
2619,525.408025074,9.8,14.0,96760.0,14.2919998169,18.8999996185,0.330000013113,-27.3535385132,19.7163639069,19.3177032471,34.0301913,108.7562095,34.0301818848,108.756973267,20.0,0.0410485227121,-0.191333205248,0.02216304673,-0.98041598611,5.08178853989,0.237474665046,0.0741716697812,0.669926285744,2.03440523148,-0.900460243225,270.118791087
2620,525.5900152209999,9.8,14.0,96764.2421875,14.2779998779,19.0200004578,0.330000013113,-26.3007183075,19.683883667,19.3390789032,34.030191,108.7562202,34.0301818848,108.756973267,20.0,0.0554860099632,-0.196921203011,0.026504888623,-0.978489158636,5.53735303879,0.333393096924,0.0719977021217,1.06258177757,0.676174402237,0.979443907738,271.567564214
2621,525.787000465,9.8,14.0,96760.5,14.2950000763,19.2099990845,0.330000013113,-25.1310005188,19.6769981384,19.3535633087,34.0301911,108.7562321,34.0301818848,108.756973267,20.0,0.0482694474371,-0.204325108279,0.0216329236694,-0.977472955972,6.00162220001,0.425612211227,0.00573281291872,-1.79943323135,0.0718867331743,7.18185520172,274.606938378
2622,526.0099895479999,9.8,14.0,96762.7578125,14.2849998474,19.2199993134,0.330000013113,-23.8747119904,19.6863555908,19.3707790375,34.0301912,108.7562449,34.0301818848,108.756973267,20.0,0.0371509823594,-0.188553673272,0.0144409011458,-0.981253696871,6.42515182495,0.477618068457,0.0215301662683,-2.32847309113,2.44200396538,9.88374710083,274.557687259
2623,526.2069738389999,9.8,14.0,96757.9921875,14.2840003967,18.7900009155,0.330000013113,-22.5758285522,19.6997661591,19.3904933929,34.0301915,108.7562585,34.0301818848,108.756973267,20.0,0.0335219279683,-0.169299854908,0.00721162080815,-0.984968014336,6.74778270721,0.51574331522,0.012909588404,-4.35861253738,2.05147528648,18.3340568542,268.396380532
2624,526.388964939,7.8,16.0,96757.4921875,14.2729997635,18.4899997711,0.319999992847,-21.2213306427,19.7309055328,19.407869339,34.0301919,108.7562729,34.0301818848,108.756973267,20.0,0.0227409695851,-0.14844813888,0.00298100444833,-0.988654262001,6.96700716019,0.523664355278,-0.022456638515,-3.52323269844,-0.0892076045275,14.1273698807,263.90776236
2625,526.590953875,7.8,16.0,96757.0,14.2720003128,17.9500007629,0.319999992847,-19.7951183319,19.7718315125,19.4236545563,34.0301924,108.7562879,34.0301818848,108.756973267,20.0,0.0154630412476,-0.120315465211,0.000810778924804,-0.992614969943,7.09401226044,0.518316924572,-0.0117745427415,-2.84524726868,-1.36796450615,11.371881485,256.182416504
2626,526.7929435249999,7.8,16.0,96759.25,14.2770004272,17.3899993896,0.319999992847,-18.344171524,19.8162593842,19.440404892,34.0301929,108.7563033,34.0301818848,108.756973267,20.0,0.00879681646421,-0.0937862841979,-0.000637513230576,-0.99555332178,7.09908151627,0.472598046064,-0.0658242255449,-2.30409622192,-0.75234234333,15.7232570648,248.277028716
2627,526.989932823,7.8,16.0,96754.5,14.2749996185,17.3799991608,0.319999992847,-16.917224884,19.849193573,19.44764328,34.0301934,108.756319,34.0301818848,108.756973267,20.0,0.00734605344984,-0.102907046608,-0.00314061456364,-0.994658881361,7.10617923737,0.412099629641,-0.0819309949875,-2.6165626049,-2.96371507645,14.4198474884,248.09948139
2628,527.211913395,7.8,16.0,96757.5,14.2860002518,16.9699993134,0.319999992847,-15.4008159637,19.8766899109,19.459777832,34.0301938,108.7563346,34.0301818848,108.756973267,20.0,0.001526543048,-0.108392121767,-0.00395775766257,-0.994099171213,7.13530778885,0.349842965603,-0.023820547387,1.23623967171,-0.886895775795,-1.03322017193,242.433414463
2629,527.388912487,6.1,20.0,96753.5,14.2919998169,16.7299995422,0.319999992847,-13.9861688614,19.8943271637,19.4656238556,34.030194,108.7563502,34.0301818848,108.756973267,20.0,0.000849527683654,-0.115133699847,-0.00246087019085,-0.993346597086,7.19821023941,0.277549415827,-0.0870652273297,-3.41461873055,-1.00819754601,7.20067834854,239.105150394
2630,527.590908575,6.1,20.0,96756.75,14.3050003052,16.7000007629,0.319999992847,-12.4836044312,19.9013328552,19.4615974426,34.0301941,108.7563658,34.0301818848,108.756973267,20.0,0.00173336817035,-0.111132141072,0.00234252184024,-0.993801361582,7.26537656784,0.22324347496,-0.10512778163,-4.21772861481,0.913368761539,18.4439525604,238.89351601
2631,527.788904238,6.1,20.0,96760.5,14.3039999008,16.75,0.319999992847,-11.010184288,19.8975391388,19.4577579498,34.0301941,108.7563816,34.0301818848,108.756973267,20.0,-0.000225411882548,-0.112795756208,0.00743896090902,-0.993590332311,7.33341217041,0.175448656082,-0.117469809949,-0.511235356331,0.545891165733,4.56244754791,239.591998339
2632,527.990893888,6.1,20.0,96758.0,14.3020000458,16.8799991608,0.319999992847,-9.49270820618,19.8847007751,19.4480476379,34.030194,108.7563975,34.0301818848,108.756973267,20.0,0.00192326606467,-0.115072845066,0.0120233579152,-0.99328249173,7.40119743347,0.130261987448,-0.123816415668,-0.279608011246,0.389140039682,5.0647983551,241.41774877
2633,528.1878843779999,6.1,20.0,96760.0,14.2950000763,17.0400009155,0.330000013113,-7.96225357056,19.8658504486,19.4332618713,34.0301938,108.7564135,34.0301818848,108.756973267,20.0,0.00154020916363,-0.109323956977,0.0163596364243,-0.993870398119,7.46462392807,0.0859881341457,-0.176750272512,-0.0627852752805,2.44637036324,1.61620187759,243.586814388
2634,528.4098756789999,5.0,23.0,96758.2421875,14.3050003052,17.1700000763,0.319999992847,-6.46448469162,19.8426570892,19.4179039001,34.0301935,108.7564297,34.0301818848,108.756973267,20.0,0.0008292813913,-0.104208672999,0.0209453399828,-0.994334561362,7.50333070755,0.056911226362,-0.0939127579331,0.695161104202,-1.36214888096,7.4268579483,245.616856331
2635,528.591865826,5.0,23.0,96762.5,14.2980003357,17.2299995422,0.319999992847,-4.96340179443,19.8031826019,19.4056968689,34.0301933,108.7564459,34.0301818848,108.756973267,20.0,-0.000745108866468,-0.102980224074,0.0233411354396,-0.994409245578,7.52705860138,0.0139263346791,-0.0853816047311,-2.3974852562,1.60850739479,10.5481700897,246.354539239
2636,528.7888570309999,5.0,23.0,96755.0,14.2950000763,17.1599998474,0.319999992847,-3.419475317,19.763458252,19.3944339752,34.030193,108.7564624,34.0301818848,108.756973267,20.0,0.0009616014222,-0.100392855386,0.0239166085091,-0.994659935033,7.5429315567,-0.0236663874239,-0.0976038649678,-2.60106873512,-0.45616298914,20.7988758087,245.302199128
2637,528.9858479979999,5.0,23.0,96763.7421875,14.2880001068,17.2299995422,0.319999992847,-1.90610337257,19.7218532562,19.3808879852,34.0301925,108.7564788,34.0301818848,108.756973267,20.0,0.00130780617258,-0.105693643449,0.0239660889093,-0.994109075723,7.56840133667,-0.0415525324643,-0.104416228831,-2.10407090187,-2.57706809044,16.04429245,246.1822353
2638,529.188841391,5.0,23.0,96758.5,14.2910003662,17.3799991608,0.319999992847,-0.349169045687,19.6758079529,19.367521286,34.0301922,108.7564953,34.0301818848,108.756973267,20.0,0.00171048243161,-0.1017446576,0.024288891622,-0.994512547503,7.59559011459,-0.0650578886271,-0.0729037374258,0.1452434659,-0.716925263405,6.82928562164,248.377574371
2639,529.4108360289999,4.4,28.0,96758.5,14.2869997025,17.3099994659,0.319999992847,1.21275663376,19.629447937,19.3647918701,34.0301918,108.7565119,34.0301818848,108.756973267,20.0,0.00320723819442,-0.103037359395,0.0227441674773,-0.994412280151,7.62592029572,-0.0948319882154,-0.043780695647,-0.463944524527,1.06003785133,4.03415822983,247.307957219
2640,529.592832136,4.4,28.0,96762.5,14.2889995575,17.3799991608,0.319999992847,2.74496769905,19.579580307,19.3687782288,34.0301914,108.7565285,34.0301818848,108.756973267,20.0,0.00217118963268,-0.10551568365,0.022184752357,-0.994167786282,7.65497207642,-0.125521689653,-0.0402726307511,-2.00725769997,-1.44739866257,10.8195133209,248.342800317
2641,529.7898228649999,4.4,28.0,96760.7578125,14.2770004272,17.4400005341,0.319999992847,4.31502628326,19.5269870758,19.3643169403,34.030191,108.7565453,34.0301818848,108.756973267,20.0,0.00511401957297,-0.102263295644,0.0208829205002,-0.99452502297,7.67256450653,-0.126340180635,-0.0697334334254,-2.79427361488,-1.33764135838,15.7882585526,248.990895076
2642,529.991815138,4.4,28.0,96754.2578125,14.2790002823,17.4899997711,0.319999992847,5.894323349,19.4751415253,19.3611335754,34.0301907,108.756562,34.0301818848,108.756973267,20.0,0.00377126839462,-0.104759426942,0.019910044796,-0.994291150108,7.6950469017,-0.146800041199,-0.0430250503123,-0.779571413994,-0.0259170383215,8.00544166565,249.739711669
2643,530.188813496,4.4,28.0,96766.25,14.281999588,17.4699993134,0.319999992847,7.43200349808,19.4274673462,19.361825943,34.0301904,108.7565788,34.0301818848,108.756973267,20.0,0.00608271220243,-0.101608249324,0.0182513977197,-0.994638524434,7.71418809891,-0.144019842148,-0.0644257962704,-3.02035856247,-1.05295181274,14.3089828491,249.506522996
2644,530.390806723,2.3,42.0,96759.25,14.2849998474,17.4400005341,0.319999992847,9.05261993408,19.3800163269,19.3618946075,34.03019,108.7565956,34.0301818848,108.756973267,20.0,0.00393047284651,-0.104116460963,0.0181631843658,-0.994391501754,7.73914480209,-0.162357822061,-0.00701714027673,0.180403396487,0.985621511936,6.42249202728,249.130404968
2645,530.587800789,2.3,42.0,96763.4921875,14.2950000763,17.3799991608,0.319999992847,10.5585708618,19.3380851746,19.3622550964,34.0301896,108.7566127,34.0301818848,108.756973267,20.0,0.00384970894805,-0.104006468225,0.0178619186926,-0.994408781962,7.7540807724,-0.157562762499,-0.0207362715155,-0.964538395405,-1.89028477669,6.48195314407,248.447089329
2646,530.7907939429999,2.3,42.0,96760.5078125,14.2829999924,17.4300003052,0.319999992847,12.1585988998,19.2945156097,19.3618335724,34.0301892,108.7566296,34.0301818848,108.756973267,20.0,0.00393223774579,-0.105365340573,0.0176974195429,-0.99426839081,7.78454256058,-0.176830664277,-0.0259149335325,-1.4540143013,3.12762570381,8.75671291351,248.952694226
2647,530.992783594,2.3,42.0,96762.0,14.279999733,17.5,0.319999992847,13.7245206833,19.2516403198,19.3576717377,34.0301889,108.7566467,34.0301818848,108.756973267,20.0,0.00307280555274,-0.102539283745,0.0171353491711,-0.99457665286,7.81181526184,-0.171798095107,-0.0501173585653,-4.54264545441,-0.743850409985,11.9331817627,249.899995327
2648,531.189775038,2.3,42.0,96760.7578125,14.2770004272,17.5799999237,0.319999992847,15.3356275558,19.2130775452,19.3534507751,34.0301885,108.756664,34.0301818848,108.756973267,20.0,0.00272524683485,-0.103513481806,0.0178059476778,-0.994465005858,7.84414482117,-0.189598917961,-0.0302967671305,-1.78789925575,0.41586458683,8.91863250732,250.989666422
2649,531.391768742,1.6,69.0,96764.2421875,14.2720003128,17.6200008392,0.319999992847,16.959438324,19.1727409363,19.3547019958,34.0301883,108.7566812,34.0301818848,108.756973267,20.0,0.00114592012745,-0.100344534024,0.0184264757284,-0.994781486544,7.87023735046,-0.197279468179,-0.092897310853,-3.21356749535,-2.94502735138,16.3296051025,251.472657489
2650,531.6087587359999,1.6,69.0,96762.5,14.2709999084,17.8400001526,0.319999992847,18.5472316742,19.1358528137,19.3515548706,34.0301879,108.7566986,34.0301818848,108.756973267,20.0,0.0027282392611,-0.100019961143,0.0185761391875,-0.994808334086,7.89261245728,-0.202433153987,-0.022436497733,0.381250500679,1.24212896824,-2.17488002777,254.594640544
2651,531.790755796,1.6,69.0,96759.5,14.2760000229,17.7900009155,0.319999992847,20.1367435455,19.0980548859,19.346200943,34.0301876,108.756716,34.0301818848,108.756973267,20.0,0.000242365452362,-0.0982229354267,0.0180821359761,-0.995000144394,7.90989494324,-0.218068152666,-0.0322018265724,-3.14183354378,-0.163818463683,18.7626304626,253.970053477
2652,531.987748909,1.6,69.0,96759.25,14.2749996185,17.6900005341,0.319999992847,21.7692070007,19.0607624054,19.344045639,34.0301874,108.7567335,34.0301818848,108.756973267,20.0,0.00232326073047,-0.0902664428281,0.0167181375177,-0.995774677029,7.89263486862,-0.242919892073,-0.0314577780664,-3.84491062164,-0.194234997034,14.2937755585,252.524750875
2653,532.190737057,1.6,69.0,96765.0,14.279999733,17.5799999237,0.319999992847,23.3974742889,19.0253791809,19.3445205688,34.030187,108.756751,34.0301818848,108.756973267,20.0,0.00116112460305,-0.0472023735265,0.015568455784,-0.99876339435,7.78124380112,-0.246424973011,-0.029384912923,-1.41910660267,-3.6714758873,10.1064376831,251.042394216
2654,532.3927309989999,2.9,37.0,96759.6015625,14.2650003433,17.3799991608,0.310000002384,24.9504718781,18.9871273041,19.3402805328,34.0301867,108.7567684,34.0301818848,108.756973267,20.0,0.00138219552484,0.00353796336223,0.0144956077552,-0.999887745828,7.51940441132,-0.267727971077,0.0149158835411,-1.32992529869,-1.47870957851,12.2640161514,247.925693995
2655,532.5897238729999,2.9,37.0,96760.2421875,14.267999649,16.9899997711,0.310000002384,26.4823551178,18.9419822693,19.3457241058,34.0301863,108.7567854,34.0301818848,108.756973267,20.0,-0.00139934583482,0.0202742416409,0.0129105069296,-0.999710181155,7.12076330185,-0.281609982252,0.035828050226,-2.65831232071,0.124733902514,12.0446214676,242.413310772
2656,532.786714602,2.9,37.0,96761.2421875,14.2620000839,16.6499996185,0.319999992847,27.9524841309,18.891122818,19.3515510559,34.0301859,108.7568018,34.0301818848,108.756973267,20.0,0.00321195205601,0.0248463324259,0.0114428693707,-0.999620661249,6.73170137405,-0.310697883368,0.0296322163194,-0.111108705401,0.546835005283,8.77145767212,237.462295957
2657,532.9887083049999,2.9,37.0,96759.75,14.2770004272,16.5599994659,0.319999992847,29.3257236481,18.8390712738,19.3618774414,34.0301855,108.7568173,34.0301818848,108.756973267,20.0,0.00888185168235,0.0335782796219,0.0116316451052,-0.999328962911,6.35817813873,-0.315786808729,0.0243432316929,0.64986371994,-1.23126864433,1.26435542107,236.42711945
2658,533.1907041549999,2.9,37.0,96758.25,14.2869997025,16.4300003052,0.319999992847,30.6601314545,18.7829971313,19.3744678497,34.030185,108.7568319,34.0301818848,108.756973267,20.0,0.00831913066863,0.0430070643719,0.0127112787766,-0.998959335049,5.95036220551,-0.304420650005,0.0109101301059,-0.690710067749,-0.856348514557,8.97808456421,234.735409471
2659,533.387701559,2.6,41.0,96767.3984375,14.2910003662,16.3600006104,0.319999992847,31.8789749146,18.7249889374,19.3919849396,34.0301846,108.7568457,34.0301818848,108.756973267,20.0,0.0123491622739,0.0507484526266,0.0140875841148,-0.998535801368,5.55881357193,-0.289956092834,-0.0143256923184,-3.32565665245,-0.612008690834,15.3529453278,233.800774714
2660,533.5906894679999,2.6,41.0,96761.2421875,14.2880001068,16.3999996185,0.319999992847,33.0422515869,18.6641712189,19.3949737549,34.0301843,108.7568584,34.0301818848,108.756973267,20.0,0.0153943234452,0.05344969288,0.0139535149897,-0.998354443479,5.12838697433,-0.279996484518,-0.0365162044764,-2.09057092667,-1.24294281006,12.9368257523,234.323196301
2661,533.7876863959999,2.6,41.0,96762.5,14.2860002518,16.4400005341,0.319999992847,34.0923843384,18.6108074188,19.3838424683,34.0301838,108.7568702,34.0301818848,108.756973267,20.0,0.0145903657245,0.0505820226244,0.0128093544931,-0.998531249509,4.71667671204,-0.254390448332,-0.0668414756656,0.0656122937799,-0.719277620316,2.40267252922,234.861851769
2662,533.9896798609999,2.6,41.0,96763.2421875,14.2840003967,16.8400001526,0.310000002384,35.0774497986,18.5599269867,19.3606643677,34.0301835,108.7568811,34.0301818848,108.756973267,20.0,0.0175768005308,0.0505256841417,0.0130983132865,-0.998482190577,4.30932807922,-0.228338673711,-0.104435995221,0.00609143637121,0.110974609852,0.00737657025456,240.54256886
2663,534.1866655829999,2.6,41.0,96765.75,14.2760000229,17.4699993134,0.319999992847,35.9795646667,18.5176620483,19.3295345306,34.0301833,108.7568911,34.0301818848,108.756973267,20.0,0.0163969535074,0.0519511208514,0.0147558223979,-0.998406031222,3.92256307602,-0.190643295646,-0.12418255955,-2.12295389175,-1.00321364403,13.1992750168,249.401710597
2664,534.388659286,2.6,45.0,96767.0,14.2729997635,17.9400005341,0.319999992847,36.7755393982,18.4876384735,19.3015518188,34.0301832,108.7569001,34.0301818848,108.756973267,20.0,0.0148117618026,0.0473961015157,0.0162538056877,-0.998634129966,3.55854821205,-0.159592792392,-0.101207882166,-2.04058766365,1.07912015915,15.7152166367,256.05762338
2665,534.590649891,2.6,45.0,96766.5,14.267999649,18.2700004578,0.319999992847,37.5097045898,18.4673404694,19.2800197601,34.0301832,108.7569083,34.0301818848,108.756973267,20.0,0.0123615415935,0.0446505372657,0.0193285868739,-0.998739244206,3.21080470085,-0.126436680555,-0.0777108967304,-2.83657431602,1.24089729786,15.0518598557,260.676360119
2666,534.7926412109999,2.6,45.0,96765.0,14.263999939,18.6900005341,0.319999992847,38.1679840088,18.4596939087,19.2593669891,34.0301832,108.7569156,34.0301818848,108.756973267,20.0,0.0092655789817,0.0428929425599,0.0241512400148,-0.998744765443,2.88864040375,-0.0871598124504,-0.0719188377261,-4.69475412369,-0.403745651245,20.4775218964,266.594166477
2667,534.989637661,2.6,45.0,96764.75,14.2510004044,18.9699993134,0.319999992847,38.7385215759,18.4618682861,19.2469520569,34.0301834,108.7569222,34.0301818848,108.756973267,20.0,0.00513952631885,0.0396900112466,0.030620275499,-0.998729592578,2.58116292953,-0.0751874148846,-0.0231667980552,-0.837009072304,-0.180049777031,12.6962604523,270.341467885
2668,535.187635231,2.6,45.0,96764.5,14.2539997101,18.9200000763,0.310000002384,39.2444114685,18.4707126617,19.2376842499,34.0301837,108.756928,34.0301818848,108.756973267,20.0,0.00435005526015,0.0360880704501,0.0368204140898,-0.998660640334,2.30596804619,-0.0717936232686,0.00371459778398,0.243970751762,1.67319989204,6.66809368134,269.685675602
2669,535.4096320149999,2.6,52.0,96766.75,14.2399997711,18.7900009155,0.310000002384,39.7009735107,18.4889526367,19.2319602966,34.0301839,108.7569331,34.0301818848,108.756973267,20.0,0.00288961690987,0.0321665248329,0.0428699198439,-0.998558560667,2.05744290352,-0.0536179430783,-0.00829528085887,-3.42981028557,-0.481537044048,14.6138896942,267.569608736
2670,535.5916195389999,2.6,52.0,96763.2421875,14.2489995956,19.0100002289,0.319999992847,40.1015090942,18.5158958435,19.2320289612,34.0301844,108.7569377,34.0301818848,108.756973267,20.0,-0.0042981823678,0.0248916422637,0.04772005273,-0.998541322606,1.80351555347,-0.0536344498396,0.0565547347069,1.92569494247,0.913792073727,-1.23602759838,270.873485574
2671,535.788610268,2.6,52.0,96768.9921875,14.2510004044,18.9400005341,0.319999992847,40.4437828064,18.5538692474,19.2344360352,34.0301849,108.7569419,34.0301818848,108.756973267,20.0,-0.00572734907358,0.0218266272925,0.0569867117247,-0.998119938414,1.60074830055,-0.0548526234925,0.0500277839601,1.66625797749,1.06305539608,3.02868175507,269.913955269
2672,535.990602064,2.6,52.0,96766.25,14.2550001144,18.8099994659,0.319999992847,40.749256134,18.5961494446,19.2357521057,34.0301856,108.7569457,34.0301818848,108.756973267,20.0,-0.00908635543531,0.0172423698977,0.0734378489571,-0.997109383427,1.42833399773,-0.0558225363493,0.0290720034391,-0.588690459728,0.867157936096,6.39327287674,268.13654454
2673,536.1925960059999,2.6,52.0,96767.5,14.265999794,19.0499992371,0.319999992847,41.0297012329,18.651058197,19.2429504395,34.0301859,108.7569487,34.0300178528,108.756546021,20.0,-0.0143553943275,0.0119333520855,0.0938828215544,-0.995408294475,1.26790499687,-0.0763759762049,0.0389004722238,-1.68508982658,1.20120930672,17.6703605652,271.767285192
2674,536.389588881,2.2,46.0,96766.5,14.2539997101,19.0100002289,0.319999992847,41.2644958496,18.6908149719,19.2557621002,34.0301864,108.7569516,34.0300178528,108.756546021,20.0,-0.0470079790903,0.0345038626108,0.161836101115,-0.985093359064,1.06354761124,-0.152793586254,0.0762224718928,1.46623003483,-1.81880092621,7.95409584045,270.968537751
2675,536.587581444,2.2,46.0,96770.2421875,14.248000145,19.1599998474,0.319999992847,41.4408950806,18.7106761932,19.2707519531,34.0301867,108.756954,34.0300178528,108.756546021,20.0,-0.0860532838246,0.0651987637149,0.240919056815,-0.96452169304,0.747943818569,-0.319567978382,0.0724016353488,-1.29210519791,-0.101298332214,12.7555923462,272.991680603
2676,536.789570379,2.2,46.0,96764.75,14.2449998856,19.3700008392,0.310000002384,41.5373153687,18.6850414276,19.2900848389,34.0301869,108.7569558,34.0300178528,108.756546021,20.0,-0.111038372895,0.0945361049503,0.321259042271,-0.935695524588,0.260818481445,-0.545511245728,0.0899990871549,0.713135540485,0.568174660206,4.36825180054,275.925659738
2677,536.991564083,2.2,46.0,96764.75,14.2410001755,19.3999996185,0.310000002384,41.5433998108,18.6255626678,19.306968689,34.0301866,108.7569565,34.0300178528,108.756546021,20.0,-0.120657743719,0.0863966364188,0.396795488183,-0.905831511066,-0.175947487354,-0.720637559891,0.0537218116224,-2.85449337959,-0.0680658817291,21.0109214783,276.275397972
2678,537.208555746,2.2,46.0,96763.7421875,14.2309999466,19.2999992371,0.310000002384,41.4584083557,18.5375728607,19.3219528198,34.030186,108.7569562,34.0300178528,108.756546021,20.0,-0.117660503514,0.0695304883887,0.477237658674,-0.868081737893,-0.710451245308,-0.941326379776,0.0274236369878,-1.45502710342,0.797505259514,15.1366291046,274.658288112
2679,537.410548973,1.5,39.0,96763.2421875,14.2250003815,19.2299995422,0.310000002384,41.275352478,18.4104309082,19.3306369781,34.030185,108.7569547,34.0300178528,108.756546021,20.0,-0.122594798388,0.0554704735812,0.548538915293,-0.825226485152,-1.13525819778,-1.1092325449,0.0183964557946,1.43956673145,1.06872582436,1.65177059174,273.546750824
2680,537.5875354289999,1.5,39.0,96761.7421875,14.2250003815,19.2099990845,0.319999992847,41.0236816406,18.2624111176,19.3357181549,34.0301838,108.7569523,34.0300178528,108.756546021,20.0,-0.122994711395,0.0430508905089,0.608713888593,-0.782615030857,-1.49601709843,-1.26217699051,0.0147961135954,-2.6541903019,0.858165502548,18.3209209442,273.262244305
2681,537.789528179,1.5,39.0,96751.25,14.248000145,19.1800003052,0.319999992847,40.6758575439,18.0759716034,19.3424625397,34.0301823,108.7569489,34.0300178528,108.756546021,20.0,-0.129135683713,0.0305308451549,0.671943863037,-0.728617407872,-1.83431410789,-1.38836097717,-9.61847545116e-05,-1.42827665806,0.728551447392,14.9383621216,273.276647128
2682,537.9915228369999,1.5,39.0,96752.5,14.2410001755,19.1200008392,0.310000002384,40.2590751648,17.8767948151,19.3620815277,34.0301807,108.7569448,34.0300178528,108.756546021,20.0,-0.13430199172,0.0172590449032,0.726974871429,-0.673181031092,-2.14844202995,-1.50089228153,0.0110100898892,0.254715502262,0.131966695189,10.1106481552,272.287935307
2683,538.189515638,1.5,39.0,96749.75,14.2379999161,19.25,0.319999992847,39.7600669861,17.6509857178,19.3949890137,34.0301788,108.7569398,34.0300178528,108.756546021,20.0,-0.138847924458,0.00798515245559,0.773152115062,-0.618783887594,-2.43410944939,-1.63162767887,-0.00970935914665,-0.444409281015,0.451928377151,10.0670347214,274.081498384
2684,538.391506004,1.8,41.0,96755.25,14.2430000305,19.2299995422,0.319999992847,39.1851158142,17.3981666565,19.4346427917,34.0301767,108.756934,34.0300178528,108.756546021,20.0,-0.148742055197,-0.00325945813973,0.815372183185,-0.559493924355,-2.73124670982,-1.7691385746,-0.0258586034179,0.559584677219,-0.193183988333,5.79076719284,273.892884067
2685,538.5885022159999,1.8,41.0,96753.5,14.2489995956,19.3500003815,0.319999992847,38.5529403687,17.1248703003,19.4677505493,34.0301744,108.7569275,34.0300178528,108.756546021,20.0,-0.160269845199,-0.0123730766591,0.853435708035,-0.49579027992,-3.02190041542,-1.92393636703,-0.0928172767162,-4.55765104294,1.25133800507,20.2462329865,275.718147611
2686,538.790492105,1.8,41.0,96757.75,14.2510004044,19.4300003052,0.319999992847,37.8349266052,16.8151664734,19.49751091,34.0301719,108.7569205,34.0300178528,108.756546021,20.0,-0.178067426727,-0.02344592831,0.887176072583,-0.425042453569,-3.35068941116,-2.0971660614,-0.116191238165,-5.37840938568,0.715189695358,23.0628757477,276.896942206
2687,538.987487602,1.8,41.0,96755.4921875,14.251999855,19.6599998474,0.319999992847,37.0444564819,16.4754428864,19.5172405243,34.0301691,108.7569127,34.0300178528,108.756546021,20.0,-0.188891311676,-0.0340672660412,0.915460042902,-0.353684151191,-3.71676325798,-2.26653313637,-0.122150346637,1.50590598583,-1.79507541656,-4.31625938416,280.194314975
2688,539.1894760609999,1.8,41.0,96752.75,14.248000145,20.0599994659,0.319999992847,36.1995124817,16.1183052063,19.5241241455,34.030166,108.7569042,34.0300178528,108.756546021,20.0,-0.203160759442,-0.0460368445778,0.937573883186,-0.27849874638,-4.08302927017,-2.46426081657,-0.119380414486,0.108918190002,-2.42546582222,3.82801222801,285.814875299
2689,539.3864686969999,1.8,31.0,96755.25,14.248000145,20.3400001526,0.319999992847,35.284614563,15.7196760178,19.5211467743,34.0301626,108.7568949,34.0300178528,108.756546021,20.0,-0.209996346067,-0.062690434197,0.952896201375,-0.209666873616,-4.47952747345,-2.66784930229,-0.149352788925,-4.35550117493,0.523119568825,17.3480167389,289.804325123
2690,539.589457083,1.8,31.0,96757.0,14.2440004349,20.8799991608,0.319999992847,34.2757034302,15.2750253677,19.5121231079,34.0301588,108.7568848,34.0300178528,108.756546021,20.0,-0.213916619377,-0.0829217380774,0.953106345561,-0.197362859836,-4.88492488861,-2.94719552994,-0.0995611771941,-1.95993733406,-0.917934417725,3.80060076714,297.414717126
2691,539.786445904,1.8,31.0,96757.4921875,14.2370004654,20.9400005341,0.319999992847,33.1920852661,14.7693796158,19.5045127869,34.0301546,108.756874,34.0300178528,108.756546021,20.0,-0.215569977023,-0.0835906085633,0.952788811205,-0.196813939281,-5.26728820801,-3.2471549511,-0.116128399968,-4.12099742889,2.59407806396,19.3345031738,298.122797349
2692,539.98843627,1.8,31.0,96756.0,14.236000061,20.8600006104,0.319999992847,32.0731239319,14.2304964066,19.4973602295,34.0301498,108.7568623,34.0300178528,108.756546021,20.0,-0.198856412439,-0.0833438387653,0.955331614869,-0.202117614404,-5.57731389999,-3.49547696114,-0.135588660836,-5.3740401268,-0.641800522804,19.8326816559,296.962969962
2693,540.210426378,1.8,31.0,96760.25,14.2329998016,20.4400005341,0.319999992847,30.8427886963,13.6067619324,19.491186142,34.0301445,108.7568499,34.0300178528,108.756546021,20.0,-0.168020308197,-0.0636400343041,0.962238893284,-0.204488206046,-5.80988550186,-3.69918608665,-0.0894101634622,-2.14920496941,-0.493812084198,11.4402723312,290.922523547
2694,540.3874159339999,1.9,34.0,96756.25,14.2399997711,19.5400009155,0.319999992847,29.6712970734,12.9964475632,19.4881439209,34.0301387,108.7568369,34.0300178528,108.756546021,20.0,-0.144165855753,-0.0381098442364,0.967999988154,-0.201841173225,-5.91949605942,-3.77595424652,-0.110474258661,-5.05860185623,-0.94118386507,18.1379737854,278.249608565
2695,540.5894055839999,1.9,34.0,96757.5,14.2349996567,18.9599990845,0.310000002384,28.408033371,12.345946312,19.4924163818,34.0301328,108.7568235,34.0300178528,108.756546021,20.0,-0.124053232129,-0.0327557720194,0.971162266198,-0.200951874721,-5.99350261688,-3.75873351097,-0.0627672821283,0.588359892368,-1.33909904957,7.30991649628,269.895580458
2696,540.79139905,1.9,34.0,96755.25,14.2379999161,18.2399997711,0.310000002384,27.1566810608,11.7063694,19.5029640198,34.0301266,108.75681,34.0300178528,108.756546021,20.0,-0.123250887842,-0.0340896302127,0.970946347893,-0.202263273913,-6.00525856018,-3.74109625816,-0.0895412191749,0.0412340462208,1.03688466549,0.745103061199,259.70111521
2697,540.9883900169999,1.9,34.0,96758.5,14.2370004654,17.6700000763,0.310000002384,25.8621501923,11.0375871658,19.5131587982,34.0301205,108.7567964,34.0300178528,108.756546021,20.0,-0.129288339598,-0.0311058335357,0.969881760646,-0.204074281846,-6.04916477203,-3.71553468704,-0.0987384691834,-2.55916833878,0.236134231091,12.8676481247,251.56779931
2698,541.186379004,1.9,34.0,96760.7421875,14.2379999161,17.4500007629,0.310000002384,24.5544624329,10.3587818146,19.5136051178,34.0301145,108.7567828,34.0300178528,108.756546021,20.0,-0.130440913659,-0.0331513623395,0.969364576668,-0.205471660609,-6.10969734192,-3.70238280296,-0.115608401597,-3.29206871986,0.819108307362,4.14666986465,248.453109398
2699,541.408374357,1.8,49.0,96758.75,14.232000351,17.3299999237,0.310000002384,23.2681026459,9.70019626617,19.5093154907,34.0301084,108.7567691,34.0300178528,108.756546021,20.0,-0.134606376259,-0.0262264296633,0.969008225064,-0.205466307959,-6.17049598694,-3.68265867233,-0.115157358348,-2.81488108635,-2.72343492508,11.2541103363,246.640564996
2700,541.590359974,1.8,49.0,96758.5,14.2440004349,17.1100006104,0.310000002384,21.939365387,9.02761936188,19.5054111481,34.0301025,108.7567554,34.0300178528,108.756546021,20.0,-0.129111201662,-0.0206573505669,0.969925930543,-0.20529805774,-6.23905754089,-3.63543081284,-0.137170642614,-2.55099749565,0.201781749725,17.3973922729,243.714856135
2701,541.7873507019999,1.8,49.0,96754.25,14.2440004349,16.7800006866,0.300000011921,20.6128997803,8.36691856384,19.5050506592,34.0300965,108.7567415,34.0300178528,108.756546021,20.0,-0.092706969262,-0.0174550409196,0.974043129734,-0.205768964478,-6.22707557678,-3.56252574921,-0.089806817472,-3.80019950867,0.91361951828,14.7786912918,239.014337078
2702,541.989334869,1.8,49.0,96753.25,14.2430000305,16.2099990845,0.310000002384,19.3353404999,7.7354593277,19.5168495178,34.0300907,108.7567277,34.0300178528,108.756546021,20.0,-0.0481599051436,-0.0151102010027,0.976896260644,-0.207667975032,-6.08048772812,-3.46608257294,-0.0667950361967,-3.10258769989,-0.422970592976,21.5666370392,230.879017455
2703,542.1913278579999,1.8,49.0,96752.5,14.263999939,15.5799999237,0.310000002384,18.0995025635,7.12414979935,19.5388221741,34.030085,108.756714,34.0300178528,108.756546021,20.0,-0.0266793350876,-0.00792226606489,0.977010773631,-0.211365728786,-5.83774805069,-3.32780170441,-0.0171183217317,-4.92189073563,3.47004938126,14.1142244339,222.233117961
2704,542.388323355,2.0,50.0,96749.75,14.2749996185,14.9799995422,0.310000002384,16.9082221985,6.54077339172,19.5643253326,34.0300795,108.7567008,34.0300178528,108.756546021,20.0,-0.0261747352365,-0.00354019698057,0.976773444727,-0.2126407131,-5.58954381943,-3.16249275208,-0.0506121590734,-3.27604198456,3.60356903076,4.94341564178,213.839487751
2705,542.591317463,2.0,50.0,96747.25,14.2580003738,14.5100002289,0.300000011921,15.7318477631,5.96618461609,19.582118988,34.0300742,108.7566881,34.0300178528,108.756546021,20.0,-0.0208361704256,-0.000812842803292,0.976868823045,-0.21282072229,-5.34192657471,-3.00048947334,-0.0665799155831,-2.85214281082,1.74280667305,18.1833362579,206.883588688
2706,542.788308907,2.0,50.0,96753.5,14.2609996796,14.3100004196,0.300000011921,14.6063690186,5.41968536377,19.5921859741,34.0300692,108.756676,34.0300178528,108.756546021,20.0,-0.0158843918532,-0.000130015783667,0.977115382109,-0.21211619557,-5.09686136246,-2.84222507477,-0.203549981117,-2.44766640663,-1.40461587906,15.554192543,204.074911399
2707,542.9902987959999,2.0,50.0,96751.4921875,14.2690000534,14.3999996185,0.300000011921,13.5331945419,4.90685987473,19.5870323181,34.0300646,108.7566645,34.0300178528,108.756546021,20.0,-0.0116308871205,0.00232690182305,0.977502880234,-0.210588119431,-4.83769464493,-2.65285110474,-0.199080750346,0.438506782055,-1.92057979107,4.39006662369,205.473595326
2708,543.187289524,2.0,50.0,96751.7421875,14.2700004578,14.6800003052,0.300000011921,12.5385055542,4.44388532639,19.5722465515,34.0300601,108.7566535,34.0300178528,108.756546021,20.0,-0.00716374067116,0.00221061603383,0.977811900928,-0.209350940839,-4.5907998085,-2.49864840508,-0.263265252113,-1.73962879181,-0.659066200256,14.9984884262,209.483611075
2709,543.3892877579999,1.8,50.0,96757.9921875,14.2720003128,14.8400001526,0.300000011921,11.5791082382,4.00098609924,19.5516757965,34.030056,108.7566432,34.0300178528,108.756546021,20.0,-0.00312679031501,0.000463030957687,0.977863825845,-0.20921826256,-4.30808734894,-2.29495859146,-0.214456737041,-0.695804417133,-0.696450531483,12.6928024292,211.79648682
2710,543.591277647,1.8,50.0,96757.4921875,14.2600002289,15.0399999619,0.300000011921,10.7049188614,3.60270142555,19.5289764404,34.0300522,108.7566335,34.0300178528,108.756546021,20.0,0.0022873614937,0.00132682164525,0.977688284221,-0.210044804407,-4.03237819672,-2.1339495182,-0.220313459635,-1.59340012074,0.527085363865,14.4783201218,214.470402898
2711,543.788266706,1.8,50.0,96760.5,14.265999794,15.279999733,0.300000011921,9.87893486023,3.22308635712,19.4984836578,34.0300487,108.7566243,34.0300178528,108.756546021,20.0,0.000856376237844,-0.000310408966843,0.977493397194,-0.210964027173,-3.73416757584,-1.96048724651,-0.2235981673,0.70920830965,0.178909897804,2.12301540375,217.984473043
2712,543.9902587409999,1.8,50.0,96757.0,14.2620000839,15.5200004578,0.300000011921,9.1246471405,2.88963890076,19.463300705,34.0300455,108.7566157,34.0300178528,108.756546021,20.0,0.000838372104325,0.00185198158513,0.977428912515,-0.211255009015,-3.46109080315,-1.80007243156,-0.209216222167,-3.20759797096,-0.710114121437,17.0165615082,221.346247831
2713,544.1882548809999,1.8,50.0,96761.2578125,14.251999855,15.7299995422,0.300000011921,8.40732574463,2.5800974369,19.4254589081,34.0300425,108.7566079,34.0300178528,108.756546021,20.0,0.00343123148978,0.000784169857733,0.977209074553,-0.212249927521,-3.18832588196,-1.635846138,-0.213667795062,-3.75181889534,1.52861094475,16.7625827789,224.183951196
2714,544.390240479,1.5,45.0,96759.0,14.2559995651,16.1000003815,0.310000002384,7.75159931183,2.29228973389,19.384683609,34.0300396,108.7566008,34.0300178528,108.756546021,20.0,0.00385660357978,-0.00167487262516,0.977232297467,-0.212131115555,-2.90871477127,-1.49801421165,-0.195842921734,-2.55577468872,-2.34587073326,20.7454776764,229.521598437
2715,544.592235613,1.5,45.0,96768.4921875,14.2620000839,16.4599990845,0.310000002384,7.17361021042,2.03187274933,19.3460140228,34.0300371,108.7565943,34.0300178528,108.756546021,20.0,0.000872304104007,-0.00249753531488,0.977013555323,-0.213160763064,-2.6397588253,-1.36646664143,-0.106847815216,-3.34480500221,-1.72611653805,18.4480762482,234.752508324
2716,544.78923254,1.5,45.0,96768.75,14.2589998245,16.8199996948,0.300000011921,6.64189434052,1.78504598141,19.300994873,34.0300347,108.7565885,34.0300178528,108.756546021,20.0,-0.0021415222026,-0.00621969143573,0.976508931106,-0.215376549331,-2.39091777802,-1.26631045341,-0.0857853963971,1.2683570385,2.73784160614,4.51109457016,239.836372697
2717,544.991226959,1.5,45.0,96768.75,14.2379999161,17.1200008392,0.300000011921,6.17777013779,1.55947911739,19.2518253326,34.0300324,108.7565833,34.0300178528,108.756546021,20.0,-0.00983178571266,-0.00872816118246,0.975865137995,-0.217978232142,-2.17404794693,-1.18268883228,-0.0632291510701,-0.93088310957,1.8075889349,9.2146730423,243.754570512
2718,545.1882160189999,1.5,45.0,96772.75,14.2259998322,17.5400009155,0.300000011921,5.74626255035,1.33170676231,19.2019405365,34.0300303,108.7565786,34.0300178528,108.756546021,20.0,-0.0481737688226,-0.0149115866133,0.974469487253,-0.218783742711,-2.05076551437,-1.16038012505,-0.0127310268581,0.00745184347034,-1.29404401779,8.15572834015,249.52405008
2719,545.390209723,1.6,48.0,96765.5,14.2220001221,17.8700008392,0.300000011921,5.34443235397,1.10784482956,19.1638355255,34.0300282,108.7565744,34.0300178528,108.756546021,20.0,-0.0667304993864,-0.010190117519,0.974354679238,-0.214653688732,-2.04781961441,-1.15602684021,0.0316174887121,-0.0714134424925,0.527071595192,5.53267431259,254.147154117
2720,545.60820179,1.6,48.0,96771.0,14.2290000916,18.4699993134,0.300000011921,4.94151830673,0.881883382797,19.146900177,34.030026,108.7565703,34.0301971436,108.756149292,20.0,-0.0736376882394,0.00477043319555,0.981552012265,-0.176381568592,-2.07803964615,-1.11463189125,0.129438236356,-1.49249446392,-0.239137589931,12.4125185013,262.809621921
2721,545.7901921749999,1.6,48.0,96772.25,14.2119998932,18.5200004578,0.300000011921,4.54257440567,0.663430809975,19.1407871246,34.0300238,108.7565659,34.0301971436,108.756149292,20.0,-0.0737150882925,0.0292064410265,0.982483710498,-0.168638433877,-2.12636947632,-1.0199753046,0.134688615799,-2.8517780304,2.43222951889,7.96775865555,263.206244528
2722,545.9921854019999,1.6,48.0,96766.4921875,14.2299995422,17.9799995422,0.300000011921,4.15092039108,0.46671757102,19.1269798279,34.0300216,108.7565616,34.0301971436,108.756149292,20.0,-0.0373605839054,0.0249692471241,0.985024280379,-0.166456870851,-2.10525178909,-0.877436816692,0.131007254124,-3.20868992805,-0.029116615653,17.7464504242,255.855385255
2723,546.209175158,1.6,48.0,96766.0,14.2419996262,17.7999992371,0.310000002384,3.77113389969,0.280058562756,19.1193695068,34.0300196,108.7565572,34.0301971436,108.756149292,20.0,0.00542938863531,0.0235160712027,0.985585507814,-0.167447996141,-1.92700195313,-0.739890098572,0.116418480873,0.824195325375,0.470006227493,2.95010781288,253.50758248
2724,546.3911674499999,1.5,43.0,96767.2421875,14.2530002594,17.5699996948,0.310000002384,3.44200992584,0.114385731518,19.1141586304,34.0300178,108.756553,34.0301971436,108.756149292,20.0,0.0467046008063,0.0225059508553,0.98461275855,-0.166882806902,-1.60760450363,-0.598466992378,0.0888418704271,-0.842854499817,0.506213009357,2.97854924202,250.425210208
2725,546.588160563,1.5,43.0,96761.2421875,14.2370004654,17.8400001526,0.310000002384,3.17560791969,-0.0255641937256,19.1171684265,34.0300161,108.7565493,34.0301971436,108.756149292,20.0,0.0869707621063,0.0232021957193,0.983693872959,-0.155705968439,-1.12286961079,-0.42806917429,0.0921859741211,-0.25137001276,0.0924463272095,5.24220466614,253.988090475
2726,546.7901559349999,1.5,43.0,96761.7578125,14.2329998016,18.0200004578,0.310000002384,3.00100517273,-0.143902346492,19.1197891235,34.0300148,108.7565465,34.0301971436,108.756149292,20.0,0.100816518141,0.0221751086312,0.990545138212,-0.0903589235504,-0.581006109715,-0.28930208087,0.0241886284202,-1.88835072517,-2.23300981522,15.7372102737,256.478662941
2727,546.987147617,1.5,43.0,96766.75,14.2270002365,19.2000007629,0.300000011921,2.91950154305,-0.236273601651,19.121219635,34.0300136,108.7565448,34.0301971436,108.756149292,20.0,0.11043172367,0.0439021751893,0.990951475979,-0.0623913285498,0.0192805416882,-0.140214622021,0.0214304737747,-0.690484285355,1.89270341396,7.53278064728,273.158415395
2728,547.1901360029999,1.5,43.0,96769.0,14.2379999161,18.2800006866,0.310000002384,2.93323755264,-0.299846440554,19.1066207886,34.0300129,108.7565442,34.0301971436,108.756149292,20.0,0.080463641676,0.0262266904469,0.994343875816,-0.0641726229553,0.483296483755,0.0100078582764,-0.127842113376,0.985441148281,0.357002437115,2.70254778862,260.270648242
2729,547.3921261309999,1.4,48.0,96769.75,14.232000351,18.0300006866,0.300000011921,3.01721978188,-0.336348354816,19.0615215302,34.0300123,108.756545,34.0301971436,108.756149292,20.0,0.055038157551,0.00713947594021,0.996220717127,-0.0668147667416,0.820012867451,0.0765353664756,-0.23791359365,-1.34092485905,-0.811393260956,14.1416454315,256.6029761
2730,547.589116859,1.4,48.0,96772.25,14.2229995728,18.0799999237,0.300000011921,3.17876029015,-0.372691333294,19.0033111572,34.0300118,108.7565467,34.0301971436,108.756149292,20.0,0.0226639060483,0.011213896738,0.997159917499,-0.0709415332667,1.05944311619,0.109534740448,-0.264951735735,0.573228776455,0.671761870384,3.1588332653,257.15183119
2731,547.791108894,1.4,48.0,96771.0,14.2239999771,17.9699993134,0.300000011921,3.38946866989,-0.402450531721,18.9343128204,34.0300114,108.7565489,34.0301971436,108.756149292,20.0,-0.00434126105679,0.0118305808643,0.997243494699,-0.0731203988942,1.16814434528,0.133567839861,-0.31478792429,-0.205617800355,-0.463356792927,9.52262973785,255.605269822
2732,547.9880996229999,1.4,48.0,96776.2421875,14.2299995422,17.9099998474,0.310000002384,3.62180614471,-0.429766535759,18.856967926,34.0300109,108.7565516,34.0301971436,108.756149292,20.0,-0.0313098229654,0.0124232300918,0.996730188231,-0.0734473319981,1.18390917778,0.16042996943,-0.316350728273,0.749207437038,0.446315705776,2.53679680824,254.85928963
2733,548.190085936,1.4,48.0,96774.25,14.2110004425,17.8500003815,0.300000011921,3.86459636688,-0.458171933889,18.7738647461,34.0300106,108.7565545,34.0301971436,108.756149292,20.0,-0.0611681031997,0.0141316512791,0.995359657012,-0.0729243739017,1.10261631012,0.173105284572,-0.361056625843,0.779754221439,-0.724213600159,7.02792406082,253.66636332
2734,548.3870828629999,1.3,40.0,96776.7421875,14.1920003891,17.6399993896,0.289999991655,4.10476922989,-0.484663754702,18.6790904999,34.0300103,108.7565573,34.0301971436,108.756149292,20.0,-0.0975829855814,0.0124351668695,0.992570800046,-0.0715966638799,0.909306824207,0.177840337157,-0.398190677166,1.43340933323,1.49697029591,0.878503143787,250.346878202
2735,548.610070276,1.3,40.0,96773.75,14.1979999542,17.7000007629,0.289999991655,4.30704641342,-0.516216695309,18.5666732788,34.0300098,108.7565599,34.0301971436,108.756149292,20.0,-0.144985464442,0.0173712661557,0.986763849405,-0.0705305593469,0.578130066395,0.164849773049,-0.495741099119,0.673899233341,0.0180848687887,3.87751579285,251.304610022
2736,548.7870631689999,1.3,40.0,96777.5,14.1920003891,17.6100006104,0.300000011921,4.45041179657,-0.560282111168,18.4424419403,34.0300093,108.7565617,34.0301971436,108.756149292,20.0,-0.175692709963,0.0240430806648,0.981788034616,-0.0681632130129,0.141302198172,0.161878719926,-0.598411440849,-1.58676624298,0.328623592854,11.4848575592,249.921135514
2737,548.989054251,1.3,40.0,96777.5,14.2019996643,17.1700000763,0.289999991655,4.50027561188,-0.6024736166,18.2925701141,34.0300087,108.7565628,34.0301971436,108.756149292,20.0,-0.162498101664,0.0279925037881,0.984218306195,-0.0642275402989,-0.306215196848,0.17786423862,-0.726157605648,0.867111206055,0.474641561508,5.00384235382,243.84833532
2738,549.186049986,1.3,40.0,96776.75,14.2089996338,17.5499992371,0.300000011921,4.48202133179,-0.655843794346,18.1277694702,34.0300081,108.7565627,34.0301971436,108.756149292,20.0,-0.134777850713,0.0283890160705,0.988504345661,-0.0623550822601,-0.663697004318,0.203604519367,-0.771672189236,-1.01869535446,0.646357536316,16.9095649719,249.367932732
2739,549.388037729,1.2,44.0,96771.5,14.2110004425,17.6900005341,0.300000011921,4.39883613586,-0.706710875034,17.9831027985,34.0300074,108.7565619,34.0301971436,108.756149292,20.0,-0.103295651088,0.0234546105608,0.992357789873,-0.0632928917863,-0.894735455513,0.220454081893,-0.764599561691,-0.475785791874,-0.184544682503,9.22857761383,251.392605417
2740,549.585032988,1.2,44.0,96781.0,14.2270002365,17.4799995422,0.300000011921,4.27768516541,-0.760767698288,17.850851059,34.0300069,108.7565601,34.0301971436,108.756149292,20.0,-0.0790218638429,0.0294839016328,0.994399341068,-0.0636883556659,-1.01126301289,0.241240635514,-0.744335412979,-1.09733998775,-0.096919670701,10.4723100662,248.687957622
2741,549.7870228769999,1.2,44.0,96780.4921875,14.2159996033,17.2000007629,0.300000011921,4.11629772186,-0.803066432476,17.7199325562,34.0300064,108.756558,34.0301971436,108.756149292,20.0,-0.0511558361618,0.0298537468139,0.996201877485,-0.063825754392,-1.02174222469,0.299152195454,-0.71906876564,-2.24785542488,1.71730422974,10.0705327988,244.515204022
2742,549.990017462,1.2,44.0,96780.75,14.2170000076,16.9500007629,0.300000011921,3.94536185265,-0.84311068058,17.5804214478,34.0300059,108.7565556,34.0301971436,108.756149292,20.0,-0.0242698251122,0.0285078599759,0.997430163091,-0.0610855770361,-0.918008863926,0.336192578077,-0.730029642582,0.967355191708,1.12114357948,2.8941590786,240.978160976
2743,550.19201498,1.2,44.0,96787.2421875,14.2329998016,16.8799991608,0.300000011921,3.77828907967,-0.880766689777,17.4347991943,34.0300055,108.7565531,34.0301971436,108.756149292,20.0,-0.00556846401577,0.033043683727,0.99764161383,-0.059902641439,-0.772271692753,0.379329055548,-0.783762454987,0.915576696396,-0.609184980392,4.99427461624,240.253024707
2744,550.389005709,0.6,35.0,96786.0,14.234000206,16.7299995422,0.300000011921,3.61272192001,-0.901356935501,17.2630138397,34.0300052,108.7565511,34.0301971436,108.756149292,20.0,-0.0142542241927,0.0308345533696,0.997653962857,-0.0594361179728,-0.616987526417,0.424162179232,-0.853872001171,-0.567929148674,0.903585851192,4.03122091293,238.13481693
2745,550.5909946439999,0.6,35.0,96791.5,14.2110004425,16.7199993134,0.300000011921,3.47425222397,-0.907057225704,17.0948448181,34.0300049,108.7565491,34.0301971436,108.756149292,20.0,-0.0261941682264,0.0310831354821,0.997470118304,-0.0583197322494,-0.513322532177,0.480118453503,-0.84008026123,-0.957046210766,0.458156645298,8.73872947693,237.607917641
2746,550.787986803,0.6,35.0,96790.75,14.2119998932,16.6499996185,0.300000011921,3.33326435089,-0.912614762783,16.9215831757,34.0300048,108.7565476,34.0301971436,108.756149292,20.0,-0.0305131263563,0.0239009786138,0.997559806797,-0.0580701386126,-0.428141057491,0.510356843472,-0.86190700531,0.899730861187,-0.235027760267,8.31503295898,236.6297928
2747,550.989981222,0.6,35.0,96794.5,14.2119998932,16.6700000763,0.300000011921,3.21241092682,-0.910667538643,16.7410488129,34.0300048,108.7565462,34.0301971436,108.756149292,20.0,-0.0270508006175,0.0230842981424,0.997610804484,-0.0592292612403,-0.372714847326,0.520354926586,-0.934971094131,0.31691133976,0.661791563034,2.35221529007,236.914039304
2748,551.1919763569999,0.6,35.0,96792.25,14.218000412,16.7399997711,0.300000011921,3.104159832,-0.901733517647,16.5488967896,34.0300047,108.756545,34.0301971436,108.756149292,20.0,-0.0277623245372,0.0230863888566,0.997453891767,-0.0614986582984,-0.299059420824,0.544175207615,-0.926676630974,-1.44162285328,0.987294852734,12.3296308517,238.009323642
2749,551.388968277,0.0,30.0,96795.7421875,14.2209997177,16.9099998474,0.289999991655,3.01045179367,-0.893393337727,16.3500843048,34.0300048,108.7565439,34.0301971436,108.756149292,20.0,-0.0258009219954,0.0182256048362,0.997494268448,-0.0633038921138,-0.224693149328,0.556565344334,-0.937659800053,0.451446205378,1.04766869545,2.05851531029,240.477103057
2750,551.5919616699999,0.0,30.0,96796.75,14.2049999237,17.0699996948,0.289999991655,2.93657064438,-0.884080708027,16.154258728,34.0300048,108.7565433,34.0301971436,108.756149292,20.0,-0.0268577041725,0.0194518831987,0.997344183521,-0.0648447387485,-0.161980524659,0.559499382973,-0.938095271587,-1.60131800175,-1.13224494457,12.9956455231,242.479344363
2751,551.7889533519999,0.0,30.0,96801.0,14.220000267,17.3199996948,0.300000011921,2.88470339775,-0.866629123688,15.959602356,34.0300049,108.7565424,34.0301971436,108.756149292,20.0,-0.0271950383283,0.016255960116,0.997410691247,-0.0645608375769,-0.0903881415725,0.566581130028,-0.92751121521,-0.428956866264,-0.185212492943,8.21321392059,246.290400285
2752,551.9909449099999,0.0,30.0,96803.5,14.2279996872,17.1800003052,0.300000011921,2.83515310287,-0.845699608326,15.7644538879,34.030005,108.7565416,34.0301971436,108.756149292,20.0,-0.0291968236425,0.0187541411338,0.997332213816,-0.0642211339779,-0.0359876006842,0.56117361784,-0.957041978836,-1.08164072037,-1.4336180687,18.1396446228,244.437038968
2753,552.187934446,0.0,30.0,96805.25,14.2270002365,17.2700004578,0.300000011921,2.79347753525,-0.828583419323,15.5687866211,34.0300051,108.7565412,34.0301971436,108.756149292,20.0,-0.0306581569548,0.0177244547706,0.997356195372,-0.0634549464188,0.017738237977,0.563037395477,-0.916908919811,1.95487296581,0.892884612083,-0.807656705379,245.700300597
2754,552.389923859,0.0,30.0,96807.9921875,14.2229995728,17.4200000763,0.300000011921,2.76798534393,-0.813259840012,15.3569135666,34.0300051,108.756541,34.0301971436,108.756149292,20.0,-0.0303338804194,0.0121598893383,0.99739046076,-0.06437690873,0.0510069318116,0.542255759239,-0.962836325169,0.762204706669,-0.776252150536,7.35924291611,247.764653643
2755,552.591916609,0.0,30.0,96807.75,14.2209997177,17.6100006104,0.300000011921,2.75826048851,-0.804222524166,15.1611366272,34.0300052,108.7565408,34.0301971436,108.756149292,20.0,-0.032454399662,0.014700279437,0.997278898052,-0.0645406492365,0.0866833254695,0.512110352516,-0.975089013577,1.01117324829,0.350646793842,1.78504788876,250.431813709
2756,552.788910675,0.0,30.0,96809.0,14.218000412,17.6000003815,0.300000011921,2.75440120697,-0.799347758293,14.9612054825,34.0300053,108.7565407,34.0301971436,108.756149292,20.0,-0.03688834559,0.0185873910789,0.997065761439,-0.064448979841,0.114114843309,0.503103673458,-0.91312289238,-0.207531183958,-0.119485646486,3.92724776268,250.236812675
2757,552.9859030719999,0.0,30.0,96816.75,14.2030000687,17.5699996948,0.300000011921,2.75385761261,-0.801375210285,14.768535614,34.0300053,108.7565407,34.0301971436,108.756149292,20.0,-0.0371027044615,0.0222435722353,0.997031664639,-0.0636916431201,0.110142044723,0.488070517778,-0.981914639473,-2.80231642723,-0.681314945221,19.063369751,249.546706872
2758,553.188892651,0.0,30.0,96821.25,14.204000473,17.6100006104,0.289999991655,2.75783014297,-0.803015470505,14.5682106018,34.0300053,108.7565408,34.0301971436,108.756149292,20.0,-0.0370053261436,0.0215536790331,0.997194815089,-0.0613884442895,0.12272785604,0.488591343164,-0.959734678268,-2.12978029251,-0.243694812059,12.5562620163,250.132456999
2759,553.390886831,0.0,30.0,96818.7421875,14.204000473,17.7199993134,0.300000011921,2.76662778854,-0.800704300404,14.3661231995,34.0300053,108.7565408,34.0301971436,108.756149292,20.0,-0.0385582886802,0.0236021541651,0.99720965078,-0.0594061937103,0.128149196506,0.505500793457,-0.954971015453,-0.240325048566,1.13351202011,9.41620540619,251.694878629
2760,553.5878804209999,0.0,30.0,96817.5,14.2060003281,17.6200008392,0.300000011921,2.77416872978,-0.800751507282,14.1733875275,34.0300053,108.7565409,34.0301971436,108.756149292,20.0,-0.0396656668318,0.0206553769091,0.997268867102,-0.0587791750451,0.121516950428,0.509374558926,-0.926128983498,1.06580376625,1.78376638889,-2.59780049324,250.309737703
2761,553.789872932,0.0,30.0,96826.2421875,14.2069997787,17.6100006104,0.300000011921,2.78226447105,-0.794183433056,13.9756717682,34.0300054,108.7565409,34.0301971436,108.756149292,20.0,-0.0392332994351,0.0213580531187,0.997180274427,-0.0603005076889,0.118608541787,0.504396855831,-0.981088101864,0.194462060928,1.29004406929,2.95830321312,250.185274775
2762,553.9868648529999,0.0,30.0,96825.5,14.2089996338,17.5599994659,0.300000011921,2.78827500343,-0.785167872906,13.7862529755,34.0300055,108.7565408,34.0301971436,108.756149292,20.0,-0.0390984512518,0.0173175289238,0.997100701177,-0.0629425250347,0.10982311517,0.503391206264,-0.986706018448,-1.69657790661,-0.0775240063667,13.4466152191,249.510025981
2763,554.1888580799999,0.0,30.0,96824.5,14.220000267,17.6200008392,0.300000011921,2.79021716118,-0.773213922977,13.5864677429,34.0300056,108.7565408,34.0301971436,108.756149292,20.0,-0.0406532175418,0.0200590701254,0.996959972849,-0.0633700205191,0.107343263924,0.500188171864,-0.975205242634,-0.461229234934,0.42978399992,7.23278522491,250.556416639
2764,554.3858550069999,0.0,30.0,96832.5,14.2089996338,17.6100006104,0.300000011921,2.78893709183,-0.760536730289,13.3874759674,34.0300058,108.7565406,34.0301971436,108.756149292,20.0,-0.0399332966856,0.0198522397347,0.997071156236,-0.0621315775225,0.091653868556,0.500884771347,-0.99399638176,-3.36810708046,0.288160800934,17.9678630829,250.220492224
2765,554.588845301,0.0,30.0,96839.2421875,14.1969995499,17.5400009155,0.289999991655,2.78046417236,-0.748517453671,13.1861791611,34.0300061,108.7565405,34.0301971436,108.756149292,20.0,-0.0396972282359,0.0184618613005,0.997161814107,-0.0612499918922,0.0870744362473,0.499091953039,-0.973527193069,-2.2667222023,-0.14779484272,12.1737775803,249.015385102
2766,554.79083972,0.0,30.0,96839.2421875,14.1979999542,17.5300006866,0.300000011921,2.77431416512,-0.722923636436,12.9836673737,34.0300062,108.7565404,34.0301971436,108.756149292,20.0,-0.0396447679218,0.0172988486503,0.997166998169,-0.0615399200631,0.0820074081421,0.510030686855,-0.98899269104,-3.87967681885,-0.104506701231,18.728509903,248.890948947
2767,555.007834005,0.0,30.0,96836.7421875,14.1990003586,17.6100006104,0.300000011921,2.76803588867,-0.700164318085,12.7868833542,34.0300066,108.7565402,34.0301971436,108.756149292,20.0,-0.0405246518731,0.0148088602555,0.997124471999,-0.0623009657066,0.0824739933014,0.511374592781,-0.960743308067,0.486690551043,0.123430535197,6.09954404831,250.044404981
2768,555.189826298,0.0,30.0,96841.9921875,14.2010002136,17.4599990845,0.300000011921,2.75899815559,-0.666681408882,12.5854120255,34.0300069,108.75654,34.0301971436,108.756149292,20.0,-0.0377268400189,0.0120003035891,0.997188198034,-0.0636274956167,0.0785332545638,0.505462646484,-0.975533008575,-0.912124872208,0.540969014168,10.6291236877,247.949450728
2769,555.386820126,0.0,30.0,96842.75,14.204000473,17.4699993134,0.289999991655,2.74424529076,-0.63841766119,12.3859901428,34.0300073,108.7565398,34.0301971436,108.756149292,20.0,-0.0349065454552,0.00922932083818,0.997187818713,-0.0656723342659,0.0791671574116,0.480619639158,-0.976674675941,-0.99523293972,1.93023896217,7.35808515549,248.143878511
2770,555.5888126369999,0.0,30.0,96844.7421875,14.1990003586,17.4500007629,0.300000011921,2.73025202751,-0.610580682755,12.1873998642,34.0300076,108.7565396,34.0301971436,108.756149292,20.0,-0.0351280376809,0.00907294812767,0.997108835518,-0.0667665507469,0.0871199071407,0.460342168808,-0.988533675671,-0.55104726553,0.503500878811,13.8593444824,247.77256709
2771,555.785806227,0.0,30.0,96848.25,14.2089996338,17.5300006866,0.300000011921,2.72050094604,-0.58126449585,11.9930477142,34.030008,108.7565395,34.0301971436,108.756149292,20.0,-0.0336730112494,0.00914024479094,0.997224739352,-0.0657689348426,0.106974951923,0.44269862771,-0.965570807457,-0.328034907579,0.487330794334,9.00109195709,249.083773337
2772,555.9877973079999,0.0,30.0,96852.0,14.2130002975,17.5499992371,0.300000011921,2.71311926842,-0.553733944893,11.794503212,34.0300082,108.7565393,34.0301971436,108.756149292,20.0,-0.0350396228123,0.00943534912168,0.997247372209,-0.0646595033493,0.131561890244,0.425495177507,-0.945570349693,1.67183840275,-0.511126041412,3.5642516613,249.438144378
2773,556.190790224,0.0,30.0,96849.0,14.2089996338,17.4699993134,0.300000011921,2.70708012581,-0.534211695194,11.595246315,34.0300084,108.756539,34.0301971436,108.756149292,20.0,-0.0337799588775,0.00587986468891,0.997374697839,-0.0637813737606,0.141393199563,0.404174029827,-0.991748094559,-2.34973692894,2.10311985016,15.6160459518,248.231213846
2774,556.38777976,0.0,30.0,96855.4921875,14.2139997482,17.5200004578,0.300000011921,2.69710350037,-0.51841288805,11.4002275467,34.0300086,108.7565388,34.0301971436,108.756149292,20.0,-0.0388144894941,0.00790102471178,0.997197006726,-0.06347606199,0.152365893126,0.37764069438,-0.991294026375,0.264681339264,-0.964048504829,8.85259342194,249.029282096
2775,556.58977108,0.0,30.0,96862.0,14.2189998627,17.6000003815,0.300000011921,2.68480634689,-0.502669453621,11.2017297745,34.0300088,108.7565387,34.0301971436,108.756149292,20.0,-0.0344007016136,0.00893107129887,0.99737562507,-0.0630775213904,0.164609774947,0.361638247967,-0.955475747585,-3.76983046532,-0.565342843533,20.6272563934,250.254403007
2776,556.786767769,0.0,30.0,96857.25,14.2309999466,17.5300006866,0.300000011921,2.67844676971,-0.484129309654,11.0131616592,34.030009,108.7565386,34.0301971436,108.756149292,20.0,-0.037435698809,0.00932516013752,0.997308780168,-0.0623452620444,0.167962431908,0.354616820812,-0.975026726723,-0.619395911694,1.40363383293,5.91055059433,249.469438835
2777,557.008759308,0.0,30.0,96860.7421875,14.2159996033,17.5300006866,0.300000011921,2.67431688309,-0.466060936451,10.810379982,34.0300092,108.7565385,34.0301971436,108.756149292,20.0,-0.0368354973932,0.00650214446792,0.997314301405,-0.0629687403744,0.174992397428,0.34584274888,-0.960284471512,3.26565623283,-0.0688500404358,-2.24218916893,249.206482807
2778,557.190750408,0.0,30.0,96865.5,14.2069997787,17.4899997711,0.300000011921,2.66997599602,-0.447543501854,10.6095495224,34.0300094,108.7565383,34.0301971436,108.756149292,20.0,-0.0362124932152,0.00601805103428,0.99726996292,-0.0640721448684,0.172785326838,0.336649149656,-1.00725293159,-0.923662006855,0.0442336499691,12.4144849777,248.480422879
2779,557.387748289,0.5,315.0,96868.25,14.2159996033,17.7199993134,0.300000011921,2.66221046448,-0.431787520647,10.3976926804,34.0300095,108.7565384,34.0301971436,108.756149292,20.0,-0.0364286420107,0.0036595384163,0.997198734746,-0.0652238496509,0.175577536225,0.315522700548,-1.00573503971,-2.15933322906,1.88950848579,9.6879234314,251.907503209
2780,557.5907376289999,0.5,315.0,96868.75,14.2139997482,17.9200000763,0.300000011921,2.66450309753,-0.419208407402,10.1884670258,34.0300097,108.7565383,34.0301971436,108.756149292,20.0,-0.0364980446993,0.00288028270001,0.997088183563,-0.0668946771664,0.181562811136,0.293171077967,-0.965478241444,-1.12028455734,-0.0689432621002,14.7174682617,254.714876573
2781,557.807726908,0.5,315.0,96872.0,14.2030000687,17.9099998474,0.300000011921,2.66266775131,-0.409877389669,9.98396682739,34.0300098,108.7565382,34.0301971436,108.756149292,20.0,-0.0384528866561,0.00319409759731,0.99690206308,-0.0685387414331,0.178113713861,0.262006342411,-1.00281190872,-3.88361859322,-1.05996572971,19.1389408112,254.375729063
2782,557.989718008,0.5,315.0,96875.75,14.2130002975,18.1299991608,0.300000011921,2.65744543076,-0.406396180391,9.77893829346,34.0300099,108.7565381,34.0301971436,108.756149292,20.0,-0.0354374653547,0.00351506823923,0.996898396304,-0.0701820892034,0.175898432732,0.244370117784,-0.973379194736,0.301067620516,0.765869736671,6.28312063217,257.681683466
2783,558.191716242,0.5,315.0,96879.25,14.220000267,18.1900005341,0.300000011921,2.65472531319,-0.395686864853,9.59130764008,34.03001,108.756538,34.0301971436,108.756149292,20.0,-0.0332932668272,0.00532680188895,0.996933125307,-0.0706230295325,0.184737294912,0.229921847582,-0.961759626865,-2.29022121429,1.57124257088,12.8614654541,258.661812452
2784,558.388707447,0.0,314.0,96875.5,14.2119998932,18.0400009155,0.300000011921,2.64991354942,-0.392889559269,9.38809585571,34.0300101,108.7565379,34.0301971436,108.756149292,20.0,-0.0351127383749,0.00623485047176,0.996941765411,-0.0695374531554,0.186542674899,0.220617413521,-0.971066653728,-0.86170566082,1.02665054798,7.22403001785,256.384491085
2785,558.590697336,0.0,314.0,96882.25,14.2049999237,18.1299991608,0.300000011921,2.64771580696,-0.38944786787,9.18758964539,34.0300102,108.7565377,34.0301971436,108.756149292,20.0,-0.0345194279688,0.00712071005592,0.997176017595,-0.0663151579993,0.182793334126,0.208764567971,-0.955227553844,-1.58173406124,0.637375593185,15.7676906586,257.536636695
2786,558.8086877349999,0.0,314.0,96879.75,14.1979999542,18.0,0.300000011921,2.6433608532,-0.379776060581,8.98020458221,34.0300103,108.7565378,34.0301971436,108.756149292,20.0,-0.0357248660317,0.00792760225103,0.997367069259,-0.0626089748755,0.170817390084,0.202690824866,-0.985365092754,-2.64345169067,1.25217676163,17.8706989288,255.563999176
2787,558.9906802649999,0.0,314.0,96883.75,14.2069997787,18.0699996948,0.300000011921,2.64099502563,-0.377635836601,8.77305412292,34.0300104,108.7565378,34.0301971436,108.756149292,20.0,-0.0345026653769,0.00806658675235,0.997522548983,-0.0607722573643,0.161593809724,0.203088894486,-0.958772659302,-1.75356543064,1.04394674301,13.0889797211,256.720481666
2788,559.187674809,0.0,314.0,96884.5,14.2119998932,18.0200004578,0.300000011921,2.6388335228,-0.371078491211,8.57331752777,34.0300105,108.7565378,34.0301971436,108.756149292,20.0,-0.033000849358,0.00543331487767,0.997598497604,-0.0606530660767,0.173222854733,0.202250674367,-0.906485617161,2.52456903458,-0.586271047592,7.13486289978,256.100244581
2789,559.389668036,0.0,314.0,96892.75,14.1960000992,18.0,0.289999991655,2.64024543762,-0.361908733845,8.36902618408,34.0300106,108.7565377,34.0301971436,108.756149292,20.0,-0.0301076512831,0.00666626956438,0.997618601651,-0.0616946411439,0.173456430435,0.190819710493,-0.919962704182,-1.80913591385,-0.853277742863,16.0791473389,255.528001785
2790,559.591657686,0.0,314.0,96892.75,14.1929998398,17.9599990845,0.300000011921,2.63937187195,-0.354748696089,8.18101406097,34.0300106,108.7565377,34.0301971436,108.756149292,20.0,-0.0324301691754,0.0066664592252,0.997511970124,-0.0622396841889,0.167897492647,0.183325946331,-0.9397315979,0.639969408512,0.727936983109,5.11083126068,254.906264128
2791,559.788653183,0.0,314.0,96896.5,14.1960000992,17.9599990845,0.289999991655,2.63482570648,-0.355782210827,7.98029518127,34.0300107,108.7565376,34.0301971436,108.756149292,20.0,-0.0320607665362,0.00689750956582,0.997593945745,-0.0610806880017,0.164169698954,0.17567640543,-0.93639343977,-3.19956159592,-0.22874429822,12.7923183441,254.960148784
2792,559.990645933,0.0,314.0,96897.25,14.1929998398,17.8500003815,0.289999991655,2.62796592712,-0.355167359114,7.78231954575,34.0300108,108.7565377,34.0301971436,108.756149292,20.0,-0.0305703920697,0.00805294566142,0.997716635221,-0.05968423647,0.164523676038,0.175735190511,-0.941141188145,-0.612651646137,-0.0150234699249,5.40448522568,253.345052554
2793,560.187636185,0.0,314.0,96902.0,14.1739997864,17.7800006866,0.289999991655,2.62761831284,-0.347387194633,7.58254337311,34.0300109,108.7565376,34.0301971436,108.756149292,20.0,-0.0295341018221,0.00859375492372,0.997779602612,-0.0590750459216,0.175744369626,0.175675868988,-0.93301910162,0.315432518721,0.282302349806,14.296423912,252.013725934
2794,560.410627174,0.0,314.0,96904.75,14.1730003357,18.0200004578,0.289999991655,2.62458276749,-0.343033701181,7.38805437088,34.0300111,108.7565377,34.0301971436,108.756149292,20.0,-0.0302807167798,0.00522541896194,0.997736907855,-0.0598074317082,0.175491809845,0.17242859304,-0.923231899738,-1.53474402428,-0.388253748417,14.9925079346,255.397472537
2795,560.5876179219999,0.0,314.0,96905.75,14.1770000458,17.8400001526,0.289999991655,2.62792778015,-0.335454821587,7.19826936722,34.0300112,108.7565377,34.0301971436,108.756149292,20.0,-0.0297064488467,0.00551539059679,0.997703569698,-0.0606207394439,0.179085701704,0.164670467377,-0.91678839922,0.484596729279,0.613306641579,1.98836231232,252.91768298
2796,560.789612341,0.0,314.0,96908.25,14.1780004501,18.0300006866,0.289999991655,2.63543653488,-0.325372368097,6.99858188629,34.0300114,108.7565377,34.0301971436,108.756149292,20.0,-0.0299254017247,0.00410871055178,0.997714148557,-0.0604503397354,0.184474334121,0.156852513552,-0.937341213226,0.833913445473,0.718826889992,4.28333282471,255.629357851
2797,560.986607122,0.0,314.0,96911.7421875,14.1669998169,17.9500007629,0.280000001192,2.63928985596,-0.317229449749,6.79614257812,34.0300115,108.7565378,34.0301971436,108.756149292,20.0,-0.0308187371061,0.00664140028958,0.997730712268,-0.0594942384769,0.186820477247,0.15889197588,-0.917985856533,-2.14418816566,-1.06681799889,21.6271247864,254.297657522
2798,561.1885984419999,0.0,314.0,96909.0,14.1649999619,17.9899997711,0.280000001192,2.6444466114,-0.308947652578,6.59885978699,34.0300117,108.7565379,34.0301971436,108.756149292,20.0,-0.0324602277809,0.00455317145984,0.997740869659,-0.0586417341721,0.185390800238,0.145685270429,-0.95725184679,0.377894282341,0.317554801703,9.49906921387,254.828346072
2799,561.3905919079999,0.0,314.0,96913.0,14.170999527,17.9599990845,0.289999991655,2.65269756317,-0.299759447575,6.3957285881,34.0300117,108.7565379,34.0301971436,108.756149292,20.0,-0.0310449721693,0.00560756048612,0.997774460697,-0.0587444460419,0.181891813874,0.145889639854,-0.954253971577,-0.544571518898,-0.796243429184,11.411108017,254.511138531
2800,561.58758359,0.0,314.0,96914.2421875,14.1820001602,18.0200004578,0.289999991655,2.65807247162,-0.298885494471,6.19425153732,34.0300118,108.7565379,34.0301971436,108.756149292,20.0,-0.0309179468363,0.0054718133896,0.997731007296,-0.0595571637217,0.184956341982,0.135738357902,-0.945604264736,-1.27476465702,0.619532048702,10.6976003647,255.559649379
2801,561.789574432,0.0,314.0,96916.75,14.1719999313,17.8400001526,0.280000001192,2.66096496582,-0.297844231129,5.99421024323,34.0300118,108.7565379,34.0301971436,108.756149292,20.0,-0.0317738979631,0.00658462321628,0.997693328014,-0.0596247672667,0.185768827796,0.133326083422,-0.940113186836,-1.12625896931,-0.683134317398,11.5580720901,252.828480937
2802,561.986568499,0.0,314.0,96919.7421875,14.1660003662,17.7800006866,0.289999991655,2.66465997696,-0.296052545309,5.80289649963,34.0300118,108.756538,34.0301971436,108.756149292,20.0,-0.0314428265655,0.00582078797818,0.997720723465,-0.0594208608136,0.18466848135,0.136695474386,-0.938998758793,0.937135159969,1.34495544434,3.27110123634,251.871496238
2803,562.1895604609999,0.0,314.0,96924.25,14.1700000763,17.7399997711,0.289999991655,2.6698410511,-0.295542210341,5.60330915451,34.0300119,108.7565381,34.0301971436,108.756149292,20.0,-0.0312246718434,0.00638896700878,0.997742134064,-0.0591181621476,0.177586272359,0.125158980489,-0.978186428547,0.346725553274,1.54387187958,3.61128401756,251.37579811
2804,562.3865545269999,0.0,314.0,96920.4921875,14.1719999313,17.6800003052,0.289999991655,2.67809557915,-0.291857838631,5.41614055634,34.0300117,108.7565381,34.0301971436,108.756149292,20.0,-0.0300355130006,0.0037145769321,0.997790982262,-0.0591384347818,0.179339721799,0.122677750885,-0.99568939209,-2.01664733887,-1.36443269253,17.7301883698,250.560963111
2805,562.588547277,0.0,314.0,96925.5,14.1689996719,17.7399997711,0.280000001192,2.68541002274,-0.300475001335,5.22350740433,34.0300118,108.7565381,34.0301971436,108.756149292,20.0,-0.0316684149379,0.00718490234038,0.99761607284,-0.060890310687,0.184561505914,0.120791986585,-0.982915222645,-1.02237200737,-0.370435297489,11.1366081238,251.358050937
2806,562.7905436039999,0.0,314.0,96926.5,14.156999588,17.7099990845,0.280000001192,2.68522453308,-0.302996277809,5.03711795807,34.0300118,108.7565381,34.0301971436,108.756149292,20.0,-0.0320935357109,0.00588281891957,0.997475892422,-0.0630657624197,0.180409729481,0.130227416754,-0.959617257118,-2.80278396606,-1.66521203518,17.1040859222,250.720449743
2807,562.987536001,0.0,314.0,96924.25,14.1619997025,17.8199996948,0.289999991655,2.68819618225,-0.30016130209,4.84404373169,34.0300119,108.7565383,34.0301971436,108.756149292,20.0,-0.029784295393,0.00445412900001,0.997420469316,-0.0651578055392,0.175300210714,0.125079587102,-0.947488665581,2.86122226715,1.72517883778,-5.37673997879,252.366830376
2808,563.1895256519999,0.0,314.0,96927.5,14.1689996719,17.75,0.289999991655,2.69736647606,-0.295074641705,4.64932155609,34.0300119,108.7565384,34.0301971436,108.756149292,20.0,-0.0302968063393,0.00627135095966,0.997254874349,-0.0672722707822,0.176125645638,0.129657700658,-0.984442353249,-1.64317500591,-1.2539126873,16.6544876099,251.499744177
2809,563.3875189299999,0.9,41.0,96933.0,14.1610002518,17.8999996185,0.280000001192,2.70547127724,-0.292095065117,4.44118070602,34.030012,108.7565385,34.0301971436,108.756149292,20.0,-0.0326086070782,0.00627486100188,0.997097202988,-0.0685175837151,0.177021935582,0.119258001447,-1.00192523003,-1.95286822319,0.296853870153,12.8580570221,253.481899105
2810,563.5895109649999,0.9,41.0,96933.25,14.1529998779,17.8400001526,0.280000001192,2.7112133503,-0.285076797009,4.23551607132,34.0300121,108.7565385,34.0301971436,108.756149292,20.0,-0.0318374778011,0.00396078565021,0.997176734091,-0.0678919980427,0.158768773079,0.118603914976,-1.02879309654,0.657698988914,-0.409996002913,0.845007896423,252.489519982
2811,563.7865062239999,0.9,41.0,96938.0,14.1520004272,18.0699996948,0.280000001192,2.71506738663,-0.281772732735,4.04446411133,34.030012,108.7565387,34.0301971436,108.756149292,20.0,-0.0327569126185,0.00537312259255,0.997159538177,-0.0676097827451,0.156393289566,0.11949031055,-0.977811992168,-2.27098536491,1.62763631344,11.6312026978,255.726643401
2812,563.988497543,0.9,41.0,96942.25,14.1529998779,17.8899993896,0.280000001192,2.72362923622,-0.281898766756,3.84235596657,34.0300121,108.7565388,34.0301971436,108.756149292,20.0,-0.0325673874604,0.00544455228115,0.997170412064,-0.0675353514106,0.154727652669,0.111932002008,-0.987823426723,0.945826768875,0.312931656837,1.85640060902,253.197159178
2813,564.190495062,0.9,41.0,96944.5,14.1520004272,18.0699996948,0.270000010729,2.73075032234,-0.277798146009,3.6548974514,34.0300121,108.756539,34.0301971436,108.756149292,20.0,-0.0329801671092,0.00586492889947,0.997160086086,-0.0674519427974,0.155822992325,0.116492815316,-0.940651476383,-0.0506666451693,-0.839977264404,12.4614753723,255.726643401
2814,564.3874898429999,1.1,42.0,96942.5,14.1239995956,18.1299991608,0.270000010729,2.73990178108,-0.280949383974,3.46668314934,34.0300121,108.7565391,34.0301971436,108.756149292,20.0,-0.0332752740741,0.00565998458022,0.997121437426,-0.067893852504,0.15098489821,0.104374356568,-0.934938848019,-0.399819821119,-0.5762540102,10.8409528732,256.068100816
2815,564.589482355,1.1,42.0,96941.75,14.1450004578,17.9899997711,0.280000001192,2.74760293961,-0.28169053793,3.27541899681,34.0300121,108.7565392,34.0301971436,108.756149292,20.0,-0.0334705417404,0.0051737903896,0.997107107498,-0.0680476042074,0.14050476253,0.103094749153,-0.919785499573,-1.74668872356,-0.568778157234,12.4475774765,254.468554998
2816,564.7864768979999,1.1,42.0,96953.0,14.1510000229,18.1299991608,0.280000001192,2.75268292427,-0.279339969158,3.09914064407,34.0300121,108.7565393,34.0301971436,108.756149292,20.0,-0.0337455249022,0.00546317196857,0.997160381114,-0.0671011545772,0.138287872076,0.0996562689543,-0.87508392334,-3.84374928474,0.47677102685,19.2215480804,256.557618539
2817,564.989467907,1.1,42.0,96949.25,14.1440000534,18.1800003052,0.280000001192,2.76031112671,-0.278148561716,2.92541241646,34.0300119,108.7565393,34.0301971436,108.756149292,20.0,-0.0342558112851,0.00695480820638,0.997212221738,-0.0659236559235,0.128071561456,0.103819385171,-0.896069943905,-1.2011026144,-0.322362720966,9.40952205658,257.137925287
2818,565.191460419,1.1,42.0,96952.5,14.1350002289,18.0499992371,0.280000001192,2.75984477997,-0.282756358385,2.76108288765,34.0300122,108.7565396,34.0301971436,108.756149292,20.0,-0.0342117480721,0.00565404714294,0.997226467373,-0.0658550408542,0.113995619118,0.10629568994,-0.873994588852,0.456867724657,0.113691985607,9.25653553009,255.136743347
2819,565.388456392,1.2,44.0,96952.5,14.1400003433,18.1700000763,0.270000010729,2.77110791206,-0.266837120056,2.59140515327,34.0300122,108.7565397,34.0301971436,108.756149292,20.0,-0.034745707813,0.0035434422879,0.997208091347,-0.0660017961807,0.105682738125,0.115982353687,-0.874981820583,0.579630434513,-0.65370953083,2.16443634033,256.923807317
2820,565.585446644,1.2,44.0,96954.75,14.140999794,18.1700000763,0.280000001192,2.77912282944,-0.260928183794,2.43636393547,34.0300122,108.7565397,34.0301971436,108.756149292,20.0,-0.0378224672669,0.00375481663572,0.997022645213,-0.0670920508579,0.0976157858968,0.114548958838,-0.843951582909,-3.92071509361,0.179640829563,17.0724105835,256.941967336
2821,565.807444382,1.2,44.0,96959.2421875,14.1440000534,18.1599998474,0.280000001192,2.77815651894,-0.25975099206,2.27341580391,34.0300122,108.7565397,34.0301971436,108.756149292,20.0,-0.0328044687516,0.000220165916998,0.997166787435,-0.0676931492114,0.101832717657,0.101700626314,-0.804525256157,1.36605012417,-1.0385311842,3.08095908165,256.855038812
2822,565.9894335749999,1.2,44.0,96962.4921875,14.1319999695,18.0100002289,0.270000010729,2.77709841728,-0.258144021034,2.1128578186,34.0300123,108.7565399,34.0301971436,108.756149292,20.0,-0.0326220361178,0.00341114596461,0.997122238216,-0.0683473104471,0.0993098691106,0.0924130603671,-0.8107817173,-2.66063284874,0.946293413639,16.8700199127,254.517322685
2823,566.2074289799999,1.2,44.0,96960.4921875,14.1300001144,18.2999992371,0.270000010729,2.78279471397,-0.255864590406,1.9495152235,34.0300124,108.7565399,34.0301971436,108.756149292,20.0,-0.0314361331191,0.00239074573747,0.997236751204,-0.0672687304469,0.101993635297,0.0948481932282,-0.823496043682,-1.48107933998,0.705227851868,18.9703121185,258.578991314
2824,566.388422775,1.0,34.0,96963.5,14.1280002594,18.3099994659,0.270000010729,2.78585910797,-0.245842218399,1.78999316692,34.0300123,108.7565398,34.0301971436,108.756149292,20.0,-0.0328338780322,0.0023834754061,0.997223179918,-0.0668006475473,0.095043182373,0.100811190903,-0.778858959675,-1.06190383434,0.0517527610064,7.84718418121,258.683677204
2825,566.606411505,1.0,34.0,96966.5,14.1169996262,18.3299999237,0.270000010729,2.78423905373,-0.243678033352,1.64181613922,34.0300123,108.7565397,34.0301971436,108.756149292,20.0,-0.0332007531776,0.00137742749796,0.997258246096,-0.0661209031746,0.09262085706,0.0901618078351,-0.739980041981,1.74141025543,-0.3028639853,2.62692332268,258.76460207
2826,566.788402367,1.0,34.0,96969.7421875,14.123000145,18.6700000763,0.280000001192,2.77664637566,-0.244098365307,1.49314129353,34.0300121,108.7565395,34.0301971436,108.756149292,20.0,-0.0302676459884,0.00110685526724,0.997442722852,-0.0647353255298,0.0799315944314,0.0907197445631,-0.723695933819,-0.693409204483,-0.118088394403,15.0593423843,263.676413784
2827,566.9903939249999,1.0,34.0,96965.5,14.140999794,18.5100002289,0.280000001192,2.76502799988,-0.255313336849,1.34513247013,34.0300121,108.7565394,34.0301971436,108.756149292,20.0,-0.0316230043429,0.0032932994249,0.997479727785,-0.0634302905125,0.0720736905932,0.0797677859664,-0.726091444492,-0.483041256666,0.644411325455,6.69137525558,261.749909424
2828,567.187387276,1.0,34.0,96971.5,14.1510000229,18.2999992371,0.280000001192,2.75240707397,-0.263896137476,1.20185244083,34.0300121,108.7565394,34.0301971436,108.756149292,20.0,-0.0290198977579,0.00365241033055,0.99760136359,-0.0627389136095,0.0643944293261,0.0847719013691,-0.722543597221,-2.63206791878,1.19523632526,15.3368215561,258.963289622
2829,567.38937788,1.1,22.0,96976.75,14.1450004578,18.2600002289,0.280000001192,2.74289941788,-0.271281212568,1.05922484398,34.030012,108.7565392,34.0301971436,108.756149292,20.0,-0.0276465611384,0.00282489910689,0.997678913791,-0.0621650421202,0.0710277929902,0.0892595648766,-0.712194085121,-3.07340502739,-0.456137984991,13.0431909561,258.287711596
2830,567.591368484,1.1,22.0,96973.75,14.138999939,18.3999996185,0.280000001192,2.73459267616,-0.27648550272,0.930407345295,34.030012,108.7565391,34.0301971436,108.756149292,20.0,-0.0309422313236,0.00530305477399,0.997587160102,-0.0619213911889,0.0678272470832,0.0955327898264,-0.690270423889,0.420033842325,-0.406580895185,11.419757843,260.157593483
2831,567.7883632659999,1.1,22.0,96972.5,14.1309995651,18.3199996948,0.280000001192,2.72530460358,-0.275674372911,0.799425840378,34.0300121,108.756539,34.0301971436,108.756149292,20.0,-0.0248689218196,0.00202323838934,0.997768560138,-0.0619307477893,0.0671373829246,0.106979526579,-0.649051785469,1.56790268421,0.124420911074,9.33538532257,258.879907721
2832,567.98535161,1.1,22.0,96980.75,14.1319999695,17.8600006104,0.270000010729,2.71729683876,-0.269242823124,0.678026676178,34.030012,108.7565388,34.0301971436,108.756149292,20.0,-0.0229795951632,0.00207299735382,0.997807377386,-0.0620333753654,0.0638278052211,0.108044028282,-0.595475971699,0.956582546234,-0.856635212898,13.2305727005,252.39752808
2833,568.1883416649999,1.1,22.0,96985.0,14.125,17.0100002289,0.270000010729,2.70408153534,-0.268423706293,0.563402473927,34.0300119,108.7565387,34.0301971436,108.756149292,20.0,-0.0253739108705,0.000384427990713,0.997773280585,-0.0616811541524,0.053292054683,0.106664501131,-0.538215279579,-1.52508866787,-1.16413736343,14.7480621338,240.266253233
2834,568.410331535,1.0,38.0,96988.2421875,14.125,16.2199993134,0.259999990463,2.701141119,-0.269433885813,0.516736149788,34.030012,108.7565387,34.0301971436,108.756149292,20.0,-0.00725443278662,0.0251258529594,0.997818714888,-0.0606128158364,0.110452666879,0.0836098864675,0.000175003049662,-0.760748803616,1.57434988022,8.11780548096,229.107490301
2835,568.587321806,1.0,38.0,96986.7578125,14.1479997635,13.6599998474,0.259999990463,2.70578455925,-0.269140005112,0.479889512062,34.0300124,108.7565388,34.0301971436,108.756149292,20.0,0.00862269334503,0.0362384016733,0.997982413248,-0.0514151933795,0.10224699229,0.0498405471444,-0.0325248986483,1.28258240223,0.241965830326,12.1696157455,193.26167461
2836,568.7893157479999,1.0,38.0,96984.5,14.1689996719,11.2100000381,0.259999990463,2.70575690269,-0.253726452589,0.428996413946,34.0300122,108.7565387,34.0301971436,108.756149292,20.0,0.0139185133491,0.036809054197,0.997950760964,-0.0504550460236,0.0798466429114,0.0816712155938,-0.0295266769826,1.55874609947,-0.428453028202,11.0215616226,158.834486863
2837,568.9913101669999,1.0,38.0,96984.5,14.1960000992,9.40999984741,0.25,2.69938111305,-0.252111315727,0.386156320572,34.0300122,108.7565387,34.0301971436,108.756149292,20.0,0.0119762956905,0.0366547875118,0.997967408969,-0.0507361233563,0.0693075582385,0.0859027802944,-0.0260604340583,-1.91640269756,-2.00443887711,12.9164524078,133.584358767
2838,569.2093005659999,1.0,38.0,96983.0,14.2139997482,8.14999961853,0.25,2.69368720055,-0.260322213173,0.354640096426,34.0300121,108.7565387,34.0301971436,108.756149292,20.0,0.00962296845201,0.036306001267,0.998002517294,-0.0507964354965,0.0767301991582,0.0753712132573,-0.029446484521,-1.31848025322,0.842761337757,6.4905333519,115.844092526
2839,569.3852916239999,1.2,49.0,96984.2421875,14.2370004654,7.21999979019,0.25,2.68844342232,-0.272260099649,0.329922378063,34.030012,108.7565387,34.0301971436,108.756149292,20.0,0.0114893863206,0.0359831695783,0.998001463623,-0.050659416092,0.0630859881639,0.0594782978296,-0.0489388071001,-1.40389585495,-0.737061262131,11.6968135834,102.791140373
2840,569.5882843019999,1.2,49.0,96981.9921875,14.2650003433,6.44000005722,0.25,2.68529939651,-0.285834610462,0.310423016548,34.030012,108.7565386,34.0301971436,108.756149292,20.0,0.0109702741242,0.0355036543461,0.998028226872,-0.0505859541351,0.0606426373124,0.0496824532747,-0.0374715588987,0.302672535181,0.996294856071,8.64547252655,91.8666030272
2841,569.7852745529999,1.2,49.0,96979.9921875,14.2880001068,5.69999980927,0.239999994636,2.67873883247,-0.295857846737,0.294324457645,34.030012,108.7565385,34.0301971436,108.756149292,20.0,0.00919324577004,0.0357505097549,0.998021651963,-0.0508951434158,0.0621812827885,0.0447930581868,-0.0461331419647,0.341087162495,1.62501621246,6.94282436371,81.4415978836
2842,569.9872675419999,1.2,49.0,96979.4921875,14.2919998169,4.67000007629,0.239999994636,2.67283010483,-0.307116597891,0.283937424421,34.0300119,108.7565385,34.0301971436,108.756149292,20.0,0.0119237016919,0.037008194105,0.997949454412,-0.0508445250507,0.0713009461761,0.0397619791329,-0.0402165912092,0.278100341558,0.970900475979,10.0238075256,66.7436402353
2843,570.2092576499999,1.2,49.0,96981.25,14.3170003891,3.50999999046,0.230000004172,2.66787219048,-0.321827948093,0.278774917126,34.0300118,108.7565384,34.0301971436,108.756149292,20.0,0.0160251715469,0.0365161487464,0.997932342791,-0.0504080522875,0.0511183366179,0.0344205982983,-0.0331030078232,0.99464815855,1.41930425167,10.5384941101,50.2526712292
2844,570.386252928,1.3,48.0,96980.25,14.3420000076,2.80999994278,0.230000004172,2.6555249691,-0.338919371367,0.277826368809,34.0300117,108.7565384,34.0301971436,108.756149292,20.0,0.0158695706505,0.0366316205746,0.997932258498,-0.0503754306268,0.0514544844627,0.0228287801147,-0.0290083810687,-0.5508274436,-0.259361892939,9.3050661087,40.3010192008
2845,570.5882442469999,,,96982.0,14.3540000916,2.16000008583,0.219999998808,2.65065288544,-0.357026010752,0.279225796461,34.0300116,108.7565384,34.0301971436,108.756149292,20.0,0.0238974619861,0.0343769360594,0.997894747803,-0.0495299648456,0.10528948158,-3.65738524124e-05,-0.0334610231221,0.187725797296,0.519508481026,9.60262107849,31.0046414298
2846,570.785237598,,,96983.25,14.3800001144,1.45000004768,0.219999998808,2.66037154198,-0.375802397728,0.282070726156,34.0300116,108.7565384,34.0301971436,108.756149292,20.0,0.0692951351182,0.022875375885,0.996286803385,-0.045691019149,0.0578346066177,0.0241684559733,-0.025128044188,3.23915743828,0.218017041683,9.77921104431,20.8510008516
2847,570.988230038,,,96981.75,14.4020004272,0.980000019073,0.209999993443,2.64657640457,-0.385714352131,0.2820571661,34.0300115,108.7565387,34.0301971436,108.756149292,20.0,0.059794424137,0.0232235246588,0.996983743672,-0.0436892124322,0.0580974482,0.00286886608228,-0.0244309362024,0.636482894421,0.673156142235,10.33618927,14.1139606934
2848,571.185218859,,,96981.75,14.4259996414,0.660000026226,0.209999993443,2.65741586685,-0.396173655987,0.282332926989,34.0300115,108.7565386,34.0301971436,108.756149292,20.0,0.0626586857663,0.0223577980973,0.996837915576,-0.0434537801364,0.0464185960591,-0.00083785422612,-0.022505287081,0.985020637512,0.430741578341,9.61770248413,9.52116014167
2849,571.4072120669999,,,96981.25,14.4259996414,0.439999997616,0.20000000298,2.65355491638,-0.407094985247,0.283122211695,34.0300115,108.7565387,34.0301971436,108.756149292,20.0,0.0631832270036,0.0222993272476,0.996847735792,-0.0424891652145,0.0431309863925,-0.00380600104108,-0.0224020238966,1.16929686069,0.559772253037,10.2336168289,6.34743980783
2850,571.589205551,,,96980.75,14.4309997559,0.300000011921,0.20000000298,2.65211582184,-0.416158884764,0.286647677422,34.0300115,108.7565387,34.0301971436,108.756149292,20.0,0.0633044057785,0.0222387082256,0.996867081195,-0.0418821241554,0.0452652797103,-0.00347789959051,-0.02171699889,0.999480843544,0.425554692745,9.67756652832,4.32930009879
2851,571.786200333,,,96984.5,14.454000473,0.20000000298,0.20000000298,2.65335559845,-0.417660713196,0.291771203279,34.0300115,108.7565386,34.0301971436,108.756149292,20.0,0.0634109121818,0.0222695742067,0.99688520434,-0.0412696461528,0.0461500585079,-0.00175213161856,-0.0210051983595,1.17214798927,0.258672893047,10.1665744781,2.89080013768
2852,572.0081942559999,,,96980.75,14.4689998627,0.129999995232,0.20000000298,2.65266656876,-0.419613569975,0.296867221594,34.0300114,108.7565386,34.0301971436,108.756149292,20.0,0.0634761041368,0.0222722492145,0.996910998212,-0.0405373025131,0.0449763648212,0.000442065531388,-0.0194225329906,1.10871732235,0.764332175255,9.7925567627,1.88096991315
2853,572.1901865479999,,,96981.0,14.4689998627,0.0900000035763,0.189999997616,2.65102934837,-0.424276709557,0.304963082075,34.0300114,108.7565386,34.0301971436,108.756149292,20.0,0.0634970642914,0.0222961333067,0.996929500678,-0.0400322568274,0.046672064811,0.00126900000032,-0.0151021089405,1.53744673729,0.133558779955,9.7380657196,1.30221003939
2854,572.387173462,,,96980.75,14.4720001221,0.0599999986589,0.189999997616,2.65007781982,-0.426986664534,0.310211241245,34.0300114,108.7565386,34.0301971436,108.756149292,20.0,0.0634504446086,0.0222932989311,0.996958666297,-0.0393765361583,0.0471483580768,0.00312601681799,-0.0141946393996,0.988279044628,0.645856976509,9.95249843597,0.868319987916
2855,572.5851657869999,,,96981.5,14.4949998856,0.0399999991059,0.20000000298,2.64762496948,-0.429735481739,0.315451234579,34.0300114,108.7565386,34.0301971436,108.756149292,20.0,0.0633841357621,0.0223306318193,0.99698791621,-0.0387165165106,0.0447554513812,0.00614391779527,-0.0126180229709,1.26034796238,0.318003773689,10.0458230972,0.579799982463
2856,572.787158298,,,96982.5,14.5010004044,0.019999999553,0.20000000298,2.64579057693,-0.432189464569,0.320273697376,34.0300114,108.7565385,0.0,0.0,0.0,0.0632506975226,0.0223084270156,0.997020706458,-0.0380990651799,0.0459916107357,0.00791708100587,-0.012734032236,1.19903326035,0.318988353014,9.87612724304,0.290020001605
2857,572.989147711,,,96980.9921875,14.5209999084,0.00999999977648,0.209999993443,2.64019584656,-0.436619341373,0.322123587132,34.0300114,108.7565384,0.0,0.0,0.0,0.0632343787897,0.022332980189,0.997044603721,-0.0374808130591,0.0437492318451,0.00647528748959,-0.0124799320474,1.24842882156,0.432551860809,9.63918304443,0.145209995839
2858,573.186139154,,,96981.75,14.5410003662,0.00999999977648,0.209999993443,2.63501429558,-0.442584455013,0.324117481709,34.0300115,108.7565384,0.0,0.0,0.0,0.063194980706,0.0222555314036,0.997072336348,-0.0368506333802,0.0424059666693,0.00641730800271,-0.0127463107929,1.17973577976,0.325492799282,9.75210380554,0.145410000412
2859,573.388127136,,,96983.2421875,14.545999527,0.00999999977648,0.20000000298,2.63144183159,-0.446847677231,0.325825750828,34.0300114,108.7565384,0.0,0.0,0.0,0.0633158315257,0.0222692185927,0.997081145039,-0.036391612053,0.0418713614345,0.00605912553146,-0.0120191927999,1.23504054546,0.336035072803,9.70618247986,0.145459992018
2860,573.5851204869999,,,96981.9921875,14.5399999619,0.0,0.20000000298,2.63016676903,-0.45182159543,0.326972037554,34.0300115,108.7565384,0.0,0.0,0.0,0.0632257847839,0.0222876262288,0.997115663308,-0.0355843734635,0.0430912449956,0.00621726131067,-0.0121503444389,1.20139110088,0.385125756264,9.73447704315,0.0
2861,573.787112045,,,96982.0,14.529999733,0.0,0.20000000298,2.62989163399,-0.453219562769,0.330470025539,34.0300117,108.7565385,0.0,0.0,0.0,0.0632641318306,0.0223736598004,0.99713235346,-0.0349885013193,0.0451520271599,0.00922494754195,-0.0120127685368,1.22657036781,0.362438976765,9.72806930542,0.0
2862,573.984100628,,,96981.2421875,14.5279998779,0.0,0.20000000298,2.63114356995,-0.45025229454,0.334868878126,34.0300116,108.7565384,0.0,0.0,0.0,0.0633219415017,0.0223979521902,0.997151108807,-0.0343277651752,0.0477600172162,0.014649335295,-0.0107778692618,1.21867966652,0.376135408878,9.72036838531,0.0
2863,574.1870923519999,,,96982.75,14.5290002823,0.0,0.20000000298,2.63135242462,-0.449329763651,0.33929169178,34.0300117,108.7565384,0.0,0.0,0.0,0.0632976438435,0.0224207272934,0.997172730141,-0.0337250230946,0.0490361377597,0.0172404330224,-0.00982270203531,1.21200180054,0.388946056366,9.71468448639,0.0
2864,574.3890805719999,,,96980.0,14.5450000763,0.0,0.20000000298,2.63208079338,-0.445014148951,0.343889534473,34.0300118,108.7565384,0.0,0.0,0.0,0.0633849457718,0.0224863762784,0.997186174985,-0.0331135987633,0.0515488609672,0.0213020816445,-0.00822492130101,1.20834589005,0.388008832932,9.72214126587,0.0
2865,574.6060710429999,,,96982.0,14.5410003662,0.0,0.20000000298,2.6317653656,-0.438930183649,0.350113272667,34.0300117,108.7565383,0.0,0.0,0.0,0.0633861416887,0.0225557341859,0.997205604683,-0.0324727559316,0.0531882494688,0.0267360918224,-0.00563795026392,1.22544193268,0.369458913803,9.73368549347,0.0
2866,574.808062124,,,96983.25,14.5570001602,0.0,0.209999993443,2.62729382515,-0.43628063798,0.357606053352,34.0300116,108.7565383,0.0,0.0,0.0,0.0633162806531,0.0225705777791,0.997229122624,-0.0318718261656,0.0520514734089,0.0304944831878,-0.00312596792355,1.20110118389,0.350925028324,9.73647975922,0.0
2867,574.9850521559999,,,96982.25,14.5819997787,0.0,0.209999993443,2.62575435638,-0.439575612545,0.365597814322,34.0300116,108.7565383,0.0,0.0,0.0,0.0633101509208,0.0224926350854,0.997248215146,-0.0313367719237,0.0533485673368,0.0297626573592,-0.000446262041805,1.21739351749,0.379474163055,9.7099981308,0.0
2868,575.1870427609999,,,96981.25,14.5860004425,0.0,0.219999998808,2.6276948452,-0.437959015369,0.373558580875,34.0300116,108.7565383,0.0,0.0,0.0,0.0633999052689,0.0225203229306,0.997260058411,-0.0307539231557,0.0562143400311,0.0320913940668,0.00187177001499,1.20633029938,0.390156805515,9.73092651367,0.0
2869,575.389032412,,,96981.25,14.5869998932,0.0,0.219999998808,2.62794113159,-0.436976999044,0.382698297501,34.0300116,108.7565382,0.0,0.0,0.0,0.0633986803761,0.022494953162,0.997279150933,-0.0301488208516,0.0572030059993,0.0343606881797,0.00504881283268,1.21094679832,0.389183849096,9.71681785583,0.0
2870,575.587023306,,,96980.9921875,14.5920000076,0.0,0.219999998808,2.62548422813,-0.43974930048,0.392656713724,34.0300116,108.7565382,0.0,0.0,0.0,0.0634031637471,0.0225067648163,0.997295461764,-0.0295856968086,0.0571274757385,0.0352517329156,0.00733416667208,1.22585785389,0.365030556917,9.71558380127,0.0
2871,575.78901701,,,96979.25,14.595000267,0.0,0.219999998808,2.62418818474,-0.441435068846,0.395929932594,34.0300116,108.7565382,0.0,0.0,0.0,0.0633949029648,0.0224377862304,0.997314891461,-0.0289956830763,0.0578331425786,0.0354931689799,0.00733117712662,1.21915316582,0.378623962402,9.72214031219,0.0
2872,575.9860074999999,,,96980.0,14.5989999771,0.0,0.219999998808,2.62278223038,-0.441870301962,0.399484187365,34.0300117,108.7565382,0.0,0.0,0.0,0.0633728061624,0.0224625909678,0.997331497319,-0.028447689752,0.0586119405925,0.0369055047631,0.00778906140476,1.22111535072,0.393338322639,9.71170806885,0.0
2873,576.207999277,,,96979.25,14.5920000076,0.0,0.219999998808,2.62132787704,-0.439821243286,0.404584079981,34.0300117,108.7565381,0.0,0.0,0.0,0.063391444289,0.0224477618626,0.997348103177,-0.0278295640717,0.0585203580558,0.0400633849204,0.00842159427702,1.22434782982,0.377234607935,9.71423244476,0.0
2874,576.4049902439999,,,96980.0,14.5939998627,0.0,0.219999998808,2.61895084381,-0.43757340312,0.408925563097,34.0300118,108.7565381,0.0,0.0,0.0,0.0633821759336,0.0224038461635,0.997365636266,-0.0272521522471,0.0583830587566,0.0418482199311,0.00941520184278,1.21607482433,0.396634817123,9.7110118866,0.0
2875,576.5869799139999,,,96980.75,14.6009998322,0.0,0.219999998808,2.6190340519,-0.433822572231,0.417960166931,34.0300118,108.7565381,0.0,0.0,0.0,0.0634185512981,0.0223929433006,0.997376636594,-0.0267682642794,0.0594769455492,0.0449355207384,0.0107494182885,1.21474337578,0.373172312975,9.73303222656,0.0
2876,576.789971876,,,96980.75,14.6120004654,0.0,0.230000004172,2.61761164665,-0.431711047888,0.424712896347,34.0300118,108.756538,0.0,0.0,0.0,0.0633807785022,0.0223782169284,0.997394253977,-0.0262083855438,0.0596507303417,0.0469337776303,0.0116467140615,1.2040694952,0.37688845396,9.71635818481,0.0
2877,576.986962128,,,96980.25,14.6219997406,0.0,0.230000004172,2.61586880684,-0.431906372309,0.427876532078,34.0300118,108.756538,0.0,0.0,0.0,0.0634905117735,0.0223507911838,0.997401123913,-0.0256980293552,0.0604729242623,0.0466249324381,0.0115847270936,1.20860242844,0.385515511036,9.73355388641,0.0
2878,577.2089524749999,,,96980.25,14.6210002899,0.0,0.230000004172,2.61292338371,-0.432411849499,0.431433498859,34.0300118,108.756538,0.0,0.0,0.0,0.063484230576,0.0223297454184,0.997416718247,-0.0251229777541,0.0605691857636,0.0466439165175,0.011441456154,1.21296286583,0.374168515205,9.71967124939,0.0
2879,577.4059412959999,,,96981.0,14.6190004349,0.0,0.230000004172,2.60960769653,-0.43274730444,0.435405135155,34.0300119,108.7565379,0.0,0.0,0.0,0.0634192124768,0.0223194576361,0.997433872014,-0.0246095869924,0.0601113699377,0.0470375530422,0.0115888593718,1.2288210392,0.391452729702,9.73626708984,0.0
2880,577.5879314419999,,,96980.5,14.6379995346,0.0,0.239999994636,2.60843753815,-0.430135130882,0.437565177679,34.0300119,108.7565379,0.0,0.0,0.0,0.0634380442155,0.0222852528343,0.997445799572,-0.024102771139,0.0607183873653,0.049081299454,0.0116743128747,1.21729326248,0.386700421572,9.72159576416,0.0
2881,577.784925747,,,96981.25,14.6459999084,0.0,0.219999998808,2.60770893097,-0.427179425955,0.438526928425,34.030012,108.7565378,0.0,0.0,0.0,0.0634970168762,0.0223127655068,0.997453386005,-0.0236040053337,0.0620272085071,0.0511420071125,0.011154265143,1.22996401787,0.390592098236,9.72081375122,0.0
2882,577.986921597,,,96981.5,14.6029996872,0.0,0.230000004172,2.6041560173,-0.42485255003,0.438669025898,34.030012,108.7565378,0.0,0.0,0.0,0.0634784380185,0.022259146813,0.99746843243,-0.0230630505331,0.0611519180238,0.0528477020562,0.010649564676,1.19601428509,0.394613265991,9.71983146667,0.0
2883,578.188912201,,,96981.25,14.623000145,0.0,0.230000004172,2.60066962242,-0.423313587904,0.440113306046,34.0300119,108.7565378,0.0,0.0,0.0,0.0634640132596,0.022255358865,0.997480907897,-0.0225578784068,0.0617925785482,0.0532044693828,0.0111340712756,1.20398974419,0.383203566074,9.72944068909,0.0
2884,578.3859086509999,,,96981.0,14.6330003738,0.0,0.230000004172,2.59885382652,-0.424603313208,0.442008346319,34.0300119,108.7565378,0.0,0.0,0.0,0.0635209786767,0.0221798962498,0.997490306644,-0.0220522426653,0.0613439567387,0.052017390728,0.0110289976001,1.20911824703,0.376407921314,9.7128276825,0.0
2885,578.588897753,,,96982.25,14.6350002289,0.0,0.230000004172,2.59664392471,-0.423686921597,0.444582372904,34.0300119,108.7565377,0.0,0.0,0.0,0.063475249346,0.0221565995793,0.997504594426,-0.021555963524,0.0620590411127,0.0527667403221,0.0116244805977,1.2140506506,0.387158423662,9.72891330719,0.0
2886,578.8058903689999,,,96979.25,14.6239995956,0.0,0.230000004172,2.59436035156,-0.422714352608,0.447509735823,34.0300118,108.7565377,0.0,0.0,0.0,0.0634747936332,0.0221208564176,0.997516859159,-0.0210201506389,0.0620809942484,0.0534894838929,0.0121203986928,1.21391379833,0.389046192169,9.71883392334,0.0
2887,579.007882881,,,96982.4921875,14.640999794,0.0,0.239999994636,2.59358239174,-0.427743703127,0.448518812656,34.0300118,108.7565376,0.0,0.0,0.0,0.0634975819074,0.0220299324944,0.997527901633,-0.020516832974,0.0632566809654,0.0507696196437,0.0123604824767,1.21014153957,0.358699113131,9.71253490448,0.0
2888,579.189877081,,,96980.75,14.656999588,0.0,0.239999994636,2.59141755104,-0.432473450899,0.451314389706,34.0300118,108.7565376,0.0,0.0,0.0,0.0635174106825,0.0219650698117,0.997536963206,-0.0200793908333,0.0632905140519,0.0481348112226,0.0129549494013,1.20441997051,0.368218421936,9.733751297,0.0
2889,579.386871147,,,96980.75,14.6540002823,0.0,0.239999994636,2.58839535713,-0.436422526836,0.452020555735,34.0300119,108.7565376,0.0,0.0,0.0,0.0634352072058,0.0218738232017,0.997553611211,-0.0196053652281,0.0630266144872,0.046157758683,0.0122293336317,1.22399401665,0.403363764286,9.72589206696,0.0
2890,579.588860083,,,96983.25,14.6529998779,0.0,0.239999994636,2.58471417427,-0.435960441828,0.454446703196,34.0300119,108.7565376,0.0,0.0,0.0,0.0634518815527,0.0218686760178,0.99756191414,-0.0191266191759,0.0624550096691,0.0464576259255,0.0121170841157,1.20001423359,0.360964983702,9.71387004852,0.0
2891,579.785851288,,,96980.75,14.640999794,0.0,0.239999994636,2.58610773087,-0.435213148594,0.455242723227,34.0300118,108.7565375,0.0,0.0,0.0,0.0634431321304,0.021792625981,0.997573378083,-0.0186421832991,0.0647429972887,0.0465120077133,0.0114042432979,1.21149468422,0.36756592989,9.71910858154,0.0
2892,580.0088427539999,,,96980.25,14.6590003967,0.0,0.239999994636,2.58237361908,-0.440364360809,0.456218987703,34.0300118,108.7565375,0.0,0.0,0.0,0.0634153046736,0.0217257125906,0.997585895697,-0.0181348616836,0.0638837367296,0.0430094935,0.0102482344955,1.19820559025,0.390837490559,9.70408058167,0.0
2893,580.2108335969999,,,96981.5,14.6610002518,0.0,0.239999994636,2.57909584045,-0.443257719278,0.45792132616,34.0300119,108.7565375,0.0,0.0,0.0,0.0634348015424,0.0217091976114,0.997592849927,-0.0176982624798,0.063341461122,0.0414371415973,0.0102615151554,1.22063040733,0.3715262115,9.74193763733,0.0
2894,580.387823391,,,96982.0,14.6520004272,0.0,0.239999994636,2.5768661499,-0.444383472204,0.454671919346,34.0300119,108.7565374,0.0,0.0,0.0,0.0634154205775,0.021698211772,0.997601490031,-0.017290070252,0.0630981698632,0.0405645109713,0.00853685289621,1.21518516541,0.371057987213,9.71986103058,0.0
2895,580.589814472,,,96980.25,14.6479997635,0.0,0.239999994636,2.57260346413,-0.44481703639,0.452768474817,34.0300119,108.7565373,0.0,0.0,0.0,0.0634509042727,0.0216701037753,0.997608107086,-0.0168075309834,0.0620411522686,0.0407025031745,0.00765855144709,1.21949565411,0.374174058437,9.71787548065,0.0
2896,580.7868083,,,96982.4921875,14.6590003967,0.0,0.239999994636,2.56779146194,-0.444747626781,0.452730715275,34.0300119,108.7565373,0.0,0.0,0.0,0.0633681449843,0.0216511416447,0.997621509784,-0.0163439999435,0.0603934489191,0.0408182106912,0.00714967399836,1.20014429092,0.380568385124,9.73454284668,0.0
2897,581.0087922099999,,,96982.25,14.6479997635,0.0,0.230000004172,2.56403756142,-0.44453689456,0.452794134617,34.0300119,108.7565373,0.0,0.0,0.0,0.0633567403106,0.0216085351321,0.997631287853,-0.0158417780966,0.0601022876799,0.0406721606851,0.00665545323864,1.20595085621,0.368718534708,9.71528625488,0.0
2898,581.206785727,,,96981.0,14.6400003433,0.0,0.239999994636,2.56162023544,-0.444357544184,0.452433347702,34.030012,108.7565372,0.0,0.0,0.0,0.0633938150493,0.0215533319802,0.997637441292,-0.015373442316,0.0601977370679,0.0396393872797,0.00599923776463,1.18907654285,0.360133886337,9.70948219299,0.0
2899,581.387776661,,,96983.25,14.6400003433,0.0,0.239999994636,2.55776596069,-0.441881477833,0.451703876257,34.030012,108.7565372,0.0,0.0,0.0,0.0633772184106,0.0215568894376,0.997644226935,-0.0149879250927,0.0600816942751,0.0402919650078,0.00562503235415,1.20903754234,0.394002139568,9.7170009613,0.0
2900,581.5857680319999,,,96980.4921875,14.656999588,0.0,0.239999994636,2.55574727058,-0.440493762493,0.449465334415,34.030012,108.7565371,0.0,0.0,0.0,0.0633158117694,0.0214984251733,0.997656154493,-0.0145335399189,0.0604480355978,0.040923204273,0.0048691960983,1.19505274296,0.372283965349,9.71904659271,0.0
2901,581.787752199,,,96981.25,14.6490001678,0.0,0.239999994636,2.55126905441,-0.440951436758,0.448800772429,34.030012,108.7565371,0.0,0.0,0.0,0.0633166876336,0.0214629045996,0.997662897989,-0.0141121557274,0.0591950006783,0.0403214730322,0.00466301757842,1.22148513794,0.383069872856,9.73067378998,0.0
2902,581.98474412,,,96980.9921875,14.6579999924,0.0,0.239999994636,2.54863166809,-0.439958781004,0.450256854296,34.030012,108.7565371,0.0,0.0,0.0,0.0632788055193,0.0213696573315,0.997673561142,-0.0136611423015,0.0583898983896,0.040209390223,0.00509574729949,1.19196712971,0.387568533421,9.71341228485,0.0
2903,582.186738539,,,96981.4921875,14.6730003357,0.0,0.239999994636,2.54500293732,-0.436797469854,0.452648788691,34.0300121,108.7565371,0.0,0.0,0.0,0.0632814528682,0.021374770271,0.997678913791,-0.0132443521166,0.0574230737984,0.0407102890313,0.0054499716498,1.21475088596,0.381256818771,9.72710800171,0.0
2904,582.388732958,,,96980.5,14.6730003357,0.0,0.25,2.54328298569,-0.433451265097,0.453145116568,34.030012,108.756537,0.0,0.0,0.0,0.0632919039696,0.0213206550346,0.997685235819,-0.0128019787946,0.0578652992845,0.0416573621333,0.00508525781333,1.21209084988,0.377658009529,9.7178478241,0.0
2905,582.5907228469999,,,96980.5,14.6789999008,0.0,0.239999994636,2.53989672661,-0.433103740215,0.450353085995,34.030012,108.756537,0.0,0.0,0.0,0.0632398117819,0.021301914175,0.997693875923,-0.0124097180755,0.0571047887206,0.0402692854404,0.00394924823195,1.20744848251,0.385316073895,9.70998096466,0.0
2906,582.787713814,,,96981.0,14.6639995575,0.0,0.239999994636,2.53850960732,-0.43136793375,0.447920322418,34.030012,108.7565369,0.0,0.0,0.0,0.0633228331709,0.0212407037801,0.997694634566,-0.0120242429991,0.0579460076988,0.0407356657088,0.00323295965791,1.20958304405,0.387697160244,9.73473072052,0.0
2907,582.9857059,,,96982.0,14.654999733,0.0,0.239999994636,2.53265953064,-0.431464791298,0.446829885244,34.030012,108.7565369,0.0,0.0,0.0,0.0632427844518,0.0212047222253,0.997704960544,-0.0116401587686,0.0556379631162,0.0401146300137,0.00284657301381,1.20023226738,0.37598195672,9.74217319489,0.0
2908,583.187697697,,,96979.5,14.6719999313,0.0,0.25,2.53005003929,-0.432690292597,0.44440099597,34.0300121,108.7565369,0.0,0.0,0.0,0.0633002029475,0.0211572714593,0.997706941446,-0.0112403959105,0.0556475669146,0.0378561317921,0.00106073101051,1.20099711418,0.377927273512,9.71733951569,0.0
2909,583.384694386,,,96980.5,14.6759996414,0.0,0.239999994636,2.52793335915,-0.430039227009,0.443398863077,34.0300122,108.7565368,0.0,0.0,0.0,0.0632336543907,0.0211246063346,0.997716298046,-0.0108366291017,0.0561387985945,0.0381651856005,-8.10827186797e-05,1.20755279064,0.390827000141,9.71842765808,0.0
2910,583.586686659,,,96979.5,14.6630001068,0.0,0.25,2.52291369438,-0.425988614559,0.442985415459,34.0300122,108.7565367,0.0,0.0,0.0,0.0632886823698,0.0211314815393,0.997716550927,-0.0104761049596,0.0549442879856,0.0398513041437,-0.000896054145414,1.21212601662,0.401840746403,9.71200942993,0.0
2911,583.788677979,,,96980.75,14.6719999313,0.0,0.25,2.51798534393,-0.42191901803,0.442920893431,34.0300122,108.7565367,0.0,0.0,0.0,0.0632108239697,0.0210863448987,0.997726750464,-0.010054215006,0.0537356473505,0.040704831481,-0.00113656767644,1.20811724663,0.384904265404,9.71749401093,0.0
2912,583.9856715679999,,,96983.25,14.6789999008,0.0,0.25,2.5166695118,-0.419811367989,0.440679073334,34.0300122,108.7565367,0.0,0.0,0.0,0.0632536372653,0.0210909204659,0.997727551255,-0.00969735763963,0.0538829341531,0.0398282594979,-0.00244586612098,1.21599245071,0.398992091417,9.72271537781,0.0
2913,584.1876607419999,,,96980.5,14.6789999008,0.0,0.25,2.51179862022,-0.419343709946,0.436673462391,34.0300122,108.7565367,0.0,0.0,0.0,0.0632147686513,0.0210304858364,0.997735053394,-0.00929974427078,0.0525675304234,0.0386402457952,-0.00335538992658,1.21857023239,0.371962696314,9.72003173828,0.0
2914,584.405651379,,,96982.0,14.6809997559,0.0,0.25,2.50933670998,-0.417244613171,0.432699918747,34.0300122,108.7565366,0.0,0.0,0.0,0.0631837604246,0.0210178351964,0.997741038246,-0.00888518786882,0.0524900406599,0.0388994663954,-0.00452851084992,1.22165870667,0.37362319231,9.71158695221,0.0
2915,584.5876420019999,,,96981.4921875,14.6969995499,0.0,0.259999990463,2.50507426262,-0.415154159069,0.431290209293,34.0300122,108.7565365,0.0,0.0,0.0,0.0632379691744,0.0210311983816,0.99774032175,-0.00854257613728,0.0512460246682,0.0396232046187,-0.00465956842527,1.21136391163,0.380055755377,9.72363567352,0.0
2916,584.809635687,,,96983.75,14.7030000687,0.0,0.259999990463,2.4995174408,-0.412343531847,0.430804222822,34.0300121,108.7565364,0.0,0.0,0.0,0.0631893303941,0.0210100630542,0.997747444567,-0.00811128743647,0.0500136353076,0.0399704352021,-0.00460910378024,1.20093226433,0.375636100769,9.73033046722,0.0
2917,584.986626196,,,96981.5,14.6940002441,0.0,0.25,2.49458789825,-0.411528259516,0.432159364223,34.030012,108.7565364,0.0,0.0,0.0,0.0631597894045,0.0209708730705,0.997752502189,-0.00781246628052,0.0488119088113,0.0403631366789,-0.00396672217175,1.20001828671,0.368637859821,9.70830154419,0.0
2918,585.1886168,,,96982.0,14.704000473,0.0,0.259999990463,2.48798465729,-0.411466389894,0.432699203491,34.030012,108.7565363,0.0,0.0,0.0,0.0630893356789,0.0209132899387,0.997760973705,-0.00745265863479,0.0472545474768,0.0400967933238,-0.00369830895215,1.19238865376,0.37952029705,9.72073554993,0.0
2919,585.405611563,,,96981.0,14.7139997482,0.0,0.259999990463,2.48452091217,-0.411092728376,0.434320062399,34.0300119,108.7565363,0.0,0.0,0.0,0.0630926402552,0.0208829745008,0.997764219013,-0.0070630110203,0.0473407432437,0.0390064567327,-0.00270832842216,1.22257363796,0.380529522896,9.73175048828,0.0
2920,585.6086032869999,,,96979.75,14.7229995728,0.0,0.259999990463,2.48018121719,-0.41249525547,0.433113574982,34.0300119,108.7565362,0.0,0.0,0.0,0.0631280778523,0.0208398819824,0.997765314831,-0.0067037512836,0.0465243682265,0.0374231226742,-0.00267616123892,1.20769250393,0.371756672859,9.73055934906,0.0
2921,585.7845945839999,,,96979.5,14.7299995422,0.0,0.259999990463,2.47529745102,-0.416026860476,0.428256869316,34.0300118,108.7565361,0.0,0.0,0.0,0.063113335675,0.0208082520897,0.997768770872,-0.00642718366367,0.04593000561,0.034890435636,-0.0041468734853,1.20122504234,0.384155571461,9.72033786774,0.0
2922,585.9875951289999,,,96981.4921875,14.7150001526,0.0,0.259999990463,2.47014474869,-0.418790966272,0.424711376429,34.0300117,108.756536,0.0,0.0,0.0,0.0630599659109,0.0206942198398,0.99777682092,-0.00606096969696,0.0446488857269,0.0333759710193,-0.00526020722464,1.21111357212,0.389101624489,9.73219394684,0.0
2923,586.1845906259999,,,96981.5,14.7139997482,0.0,0.259999990463,2.46528029442,-0.422783434391,0.425464123487,34.0300117,108.756536,0.0,0.0,0.0,0.0630870979447,0.0206732728561,0.99777736883,-0.00574870369634,0.0438669659197,0.0314907766879,-0.0047968341969,1.20088946819,0.371195942163,9.73164653778,0.0
2924,586.406585503,,,96981.75,14.7209997177,0.0,0.259999990463,2.46082043648,-0.426544994116,0.426197350025,34.0300117,108.7565359,0.0,0.0,0.0,0.0630784710116,0.020617905068,0.997781162046,-0.00536525166859,0.043812263757,0.0288317538798,-0.00474866805598,1.2005187273,0.385158985853,9.72258090973,0.0
2925,586.6085768219999,,,96978.5,14.704000473,0.0,0.259999990463,2.45390820503,-0.427873939276,0.427617251873,34.0300118,108.7565357,0.0,0.0,0.0,0.0629976913081,0.0205428836777,0.997789717856,-0.00499634030357,0.0414065942168,0.0288839004934,-0.00444188481197,1.20306611061,0.384622901678,9.72717952728,0.0
2926,586.7855659009999,,,96982.25,14.7080001831,0.0,0.259999990463,2.44596934319,-0.429122447968,0.428499400616,34.0300117,108.7565357,0.0,0.0,0.0,0.0629903419514,0.0204943884601,0.997792583842,-0.00470729721648,0.0392210222781,0.0279908552766,-0.00447416864336,1.21841549873,0.382019251585,9.73146629333,0.0
2927,586.9875617499999,,,96979.0,14.7069997787,0.0,0.259999990463,2.4404001236,-0.433524340391,0.422701209784,34.0300117,108.7565356,0.0,0.0,0.0,0.0629262444973,0.0204330621613,0.997799285191,-0.00440674803975,0.0386959537864,0.0253353267908,-0.00712824892253,1.2100353241,0.388880163431,9.73213672638,0.0
2928,587.18455534,,,96984.0,14.7119998932,0.0,0.259999990463,2.43218970299,-0.440479815006,0.416486978531,34.0300117,108.7565355,0.0,0.0,0.0,0.062975333722,0.0203586637541,0.997798990163,-0.00409996112944,0.0363268256187,0.0216335952282,-0.00922932848334,1.19964003563,0.372279137373,9.71890735626,0.0
2929,587.407550383,,,96982.4921875,14.7030000687,0.0,0.259999990463,2.42362785339,-0.44753485918,0.412389308214,34.0300117,108.7565354,0.0,0.0,0.0,0.062945815123,0.0202788165496,0.997803794904,-0.00377408169676,0.0340421870351,0.0177603717893,-0.0104750208557,1.20136857033,0.378937184811,9.73977565765,0.0
2930,587.589540052,,,96982.25,14.7119998932,0.0,0.259999990463,2.41541457176,-0.449264854193,0.410736650229,34.0300117,108.7565353,0.0,0.0,0.0,0.0629437999768,0.0202534415126,0.997805354337,-0.00351610083702,0.0323249772191,0.016984378919,-0.010608933866,1.19294250011,0.383738607168,9.71448802948,0.0
2931,587.7865331649999,,,96981.0,14.7139997482,0.0,0.259999990463,2.40687346458,-0.451934218407,0.407017827034,34.0300116,108.7565352,0.0,0.0,0.0,0.0628710690043,0.0202185926543,0.997811718511,-0.00319953585786,0.0310453847051,0.0170135349035,-0.0109491683543,1.21842241287,0.363191008568,9.7124414444,0.0
2932,587.988528299,,,96982.4921875,14.7189998627,0.0,0.259999990463,2.40127420425,-0.45476642251,0.403067618608,34.0300116,108.7565351,0.0,0.0,0.0,0.0629163294512,0.0202261211351,0.997809569022,-0.00292966958684,0.0315771959722,0.0154162310064,-0.0116276657209,1.21132922173,0.380253732204,9.71412181854,0.0
2933,588.1855206969999,,,96982.2421875,14.7069997787,0.0,0.259999990463,2.39710688591,-0.456606030464,0.400404006243,34.0300115,108.7565351,0.0,0.0,0.0,0.0628942734786,0.0201657852873,0.997812982916,-0.00263063769666,0.0321859940886,0.0145780229941,-0.0119729144499,1.21995651722,0.392435193062,9.71564006805,0.0
2934,588.387514639,,,96982.9921875,14.6940002441,0.0,0.259999990463,2.39182686806,-0.460402101278,0.398009210825,34.0300114,108.756535,0.0,0.0,0.0,0.062884189845,0.0201698366531,0.997814247322,-0.00235609312546,0.0323562659323,0.0127194840461,-0.0125635955483,1.20259523392,0.384342312813,9.70685386658,0.0
2935,588.589505005,,,96983.0,14.7030000687,0.0,0.259999990463,2.38590335846,-0.463919788599,0.396300017834,34.0300113,108.7565349,0.0,0.0,0.0,0.0629032217813,0.0201182462764,0.997814753084,-0.00204724101957,0.031795155257,0.0117214210331,-0.0129334898666,1.20246911049,0.385147869587,9.73525238037,0.0
2936,588.786498117,,,96981.25,14.7189998627,0.0,0.259999990463,2.37904906273,-0.468273580074,0.391246676445,34.0300113,108.7565348,0.0,0.0,0.0,0.0628425329537,0.0201016167105,0.997819431384,-0.00177636322419,0.0305824577808,0.010600506328,-0.0138956867158,1.19976735115,0.371713787317,9.72820091248,0.0
2937,589.00948863,,,96981.0,14.7229995728,0.0,0.259999990463,2.3733394146,-0.47117626667,0.386217027903,34.0300112,108.7565348,0.0,0.0,0.0,0.0628657453305,0.0200880981088,0.997818672741,-0.0014987840799,0.0307410173118,0.00958543736488,-0.0151640949771,1.20600748062,0.385442614555,9.71640300751,0.0
2938,589.186478901,,,96983.5,14.7080001831,0.0,0.259999990463,2.36813521385,-0.474621325731,0.384595096111,34.0300112,108.7565346,0.0,0.0,0.0,0.0628429122753,0.020052989784,0.997821243699,-0.00122166855094,0.0306316949427,0.00947740208358,-0.0145691316575,1.21179151535,0.390132427216,9.72132778168,0.0
2939,589.388469982,,,96981.25,14.7139997482,0.0,0.259999990463,2.36086463928,-0.477153688669,0.384737491608,34.030011,108.7565345,0.0,0.0,0.0,0.0629122833538,0.0200266032226,0.997817703364,-0.000933974163001,0.0296298153698,0.00979761593044,-0.0141352321953,1.19920015335,0.387136101723,9.7151556015,0.0
2940,589.590462732,,,96981.4921875,14.7270002365,0.0,0.270000010729,2.35281181335,-0.482815802097,0.387122869492,34.0300109,108.7565343,0.0,0.0,0.0,0.0628296623598,0.0199529753125,0.9978245733,-0.000665962353321,0.0280376449227,0.0080445446074,-0.0132000334561,1.20651614666,0.396437585354,9.72496128082,0.0
2941,589.807456303,,,96980.5,14.7299995422,0.0,0.270000010729,2.34026360512,-0.491070836782,0.391651213169,34.0300107,108.7565342,0.0,0.0,0.0,0.0627566310909,0.0199187955354,0.99783005239,-0.00038265123763,0.0246529988945,0.00533680198714,-0.0116678625345,1.21596634388,0.381509035826,9.71883964539,0.0
2942,590.005443382,,,96981.0,14.7279996872,0.0,0.270000010729,2.32779955864,-0.503760099411,0.396730870008,34.0300107,108.7565344,0.0,0.0,0.0,0.0627843926932,0.0198395462893,0.99782992595,-0.000117252532557,0.0210952572525,-9.1757348855e-05,-0.010190917179,1.22087550163,0.363731622696,9.7205619812,0.0
2943,590.186433125,,,96982.75,14.7390003204,0.0,0.270000010729,2.32493948936,-0.513584017754,0.401397705078,34.0300108,108.7565342,0.0,0.0,0.0,0.0628047245964,0.0198250201146,0.997828956572,9.02364026619e-05,0.0236866287887,-0.00299836182967,-0.0089704003185,1.21070814133,0.374977111816,9.73023605347,0.0
2944,590.38942771,,,96982.9921875,14.7410001755,0.0,0.270000010729,2.31580519676,-0.51225733757,0.404722481966,34.0300108,108.7565342,0.0,0.0,0.0,0.0627763373768,0.0198431867234,0.997830347418,0.000388003887391,0.022493366152,0.00113611563575,-0.00791851337999,1.20132434368,0.370965451002,9.72612190247,0.0
2945,590.5864179609999,,,96979.75,14.7419996262,0.0,0.270000010729,2.3109896183,-0.510731875896,0.405585110188,34.0300108,108.7565342,0.0,0.0,0.0,0.062773277779,0.0199171952723,0.997828872278,0.000607125352799,0.0231356807053,0.00478916335851,-0.00752399954945,1.21126806736,0.377009063959,9.73020935059,0.0
2946,590.7884114269999,,,96979.75,14.736000061,0.0,0.270000010729,2.30605769157,-0.508805155754,0.407532513142,34.0300107,108.756534,0.0,0.0,0.0,0.062801463484,0.0199192393944,0.997826891377,0.000876991623815,0.0240286309272,0.00728419888765,-0.00752405775711,1.20433247089,0.387988507748,9.73100090027,0.0
2947,590.990404415,,,96980.75,14.7430000305,0.0,0.270000010729,2.30194687843,-0.506028413773,0.410141408443,34.0300107,108.756534,0.0,0.0,0.0,0.0627550887797,0.019953723419,0.997828914425,0.00109986415874,0.0253806449473,0.00962848681957,-0.00676207989454,1.19026648998,0.382237285376,9.72105026245,0.0
2948,591.187400389,,,96981.5,14.7489995956,0.0,0.280000001192,2.29846119881,-0.507236659527,0.41007989645,34.0300105,108.7565338,0.0,0.0,0.0,0.0628344433929,0.0199548534814,0.997823561775,0.00134621248829,0.0268583260477,0.0100769829005,-0.00664676679298,1.18941318989,0.376662224531,9.73118114471,0.0
2949,591.389391708,,,96981.0,14.75,0.0,0.270000010729,2.29018092155,-0.511294066906,0.410732090473,34.0300105,108.7565338,0.0,0.0,0.0,0.0627788740902,0.019937313807,0.997827102111,0.00159403595753,0.0252655353397,0.0102908182889,-0.0062602488324,1.2079873085,0.395864367485,9.70778179169,0.0
2950,591.586382675,,,96982.25,14.7419996262,0.0,0.270000010729,2.28460144997,-0.514461576939,0.41030356288,34.0300105,108.7565337,0.0,0.0,0.0,0.0628530525436,0.019922104063,0.99782229737,0.00182348340082,0.0251763239503,0.0113674663007,-0.00558482483029,1.20034170151,0.390363156796,9.7264881134,0.0
2951,591.80937295,,,96980.25,14.748000145,0.0,0.270000010729,2.2793006897,-0.517450869083,0.410279244184,34.0300105,108.7565336,0.0,0.0,0.0,0.0628565085852,0.0199369186803,0.997821285846,0.00208909284014,0.0260952655226,0.0117302341387,-0.00509877037257,1.21027970314,0.394945681095,9.72585010529,0.0
2952,591.986370373,,,96982.4921875,14.748000145,0.0,0.270000010729,2.27318716049,-0.519233167171,0.410615980625,34.0300104,108.7565335,0.0,0.0,0.0,0.0628341970973,0.0199654204866,0.997821791608,0.00226054621988,0.0260579604656,0.013022758998,-0.00444620056078,1.20290863514,0.405005991459,9.73630046844,0.0
2953,592.1883619309999,,,96983.5,14.7379999161,0.0,0.270000010729,2.26825881004,-0.52253139019,0.411497741938,34.0300104,108.7565333,0.0,0.0,0.0,0.0627799343469,0.019956889701,0.99782469974,0.0025133851641,0.0269572567195,0.0136940060183,-0.00365505297668,1.18096113205,0.389912694693,9.71834373474,0.0
2954,592.405352163,,,96982.25,14.736000061,0.0,0.270000010729,2.2625644207,-0.528226554394,0.413424134254,34.0300103,108.7565332,0.0,0.0,0.0,0.0627519541078,0.0199248475595,0.997826427761,0.00277448489062,0.0275584310293,0.0123065188527,-0.0028748116456,1.21474909782,0.372954040766,9.72545528412,0.0
2955,592.607342291,,,96981.25,14.7449998856,0.0,0.270000010729,2.25537252426,-0.533583641052,0.416073471308,34.0300103,108.756533,0.0,0.0,0.0,0.0627914075093,0.0199094600085,0.997823688216,0.00297109993893,0.0271685253829,0.0120954029262,-0.00236452696845,1.21431410313,0.387249827385,9.72865390778,0.0
2956,592.804335403,,,96979.5,14.7530002594,0.0,0.280000001192,2.24527859688,-0.537965893745,0.415643811226,34.0300102,108.7565329,0.0,0.0,0.0,0.0627271836147,0.0198919558955,0.997827312845,0.00321909199557,0.0256311055273,0.0117752607912,-0.00260089035146,1.202678442,0.399200320244,9.73419857025,0.0
2957,593.007326651,,,96981.75,14.7489995956,0.0,0.270000010729,2.23818159103,-0.543705999851,0.416748970747,34.0300102,108.7565328,0.0,0.0,0.0,0.0627539310585,0.0199081982372,0.997824615447,0.00342105969363,0.0260886419564,0.0109201977029,-0.00225219316781,1.19134747982,0.367581754923,9.71727085114,0.0
2958,593.209318209,,,96984.0,14.7569999695,0.0,0.280000001192,2.23176550865,-0.548020601273,0.417702168226,34.0300102,108.7565326,0.0,0.0,0.0,0.0627762346439,0.0198838926765,0.997822845279,0.00365607052093,0.0265541262925,0.0112160425633,-0.00186957232654,1.19434404373,0.383732557297,9.73047161102,0.0
2959,593.4063079829999,,,96981.5,14.7489995956,0.0,0.270000010729,2.22367763519,-0.549342870712,0.418362975121,34.0300102,108.7565324,0.0,0.0,0.0,0.0627452632956,0.0199227560221,0.997823393188,0.00381407905599,0.0262850690633,0.0134102199227,-0.000907784095034,1.21190571785,0.379457712173,9.72593784332,0.0
2960,593.608299303,,,96982.0,14.751999855,0.0,0.270000010729,2.21487212181,-0.553315162659,0.419136077166,34.0300102,108.7565323,0.0,0.0,0.0,0.0627618875932,0.019880200876,0.997822423811,0.00402257951558,0.025453241542,0.0132684791461,-0.000813514518086,1.20512771606,0.375267744064,9.73475837708,0.0
2961,593.785293627,,,96979.0,14.7410001755,0.0,0.270000010729,2.20523643494,-0.555818021297,0.422558605671,34.0300102,108.7565321,0.0,0.0,0.0,0.0627260851625,0.0198826756862,0.99782389895,0.00421152383745,0.0242727696896,0.0143214324489,0.000295297912089,1.19424593449,0.383889704943,9.71644592285,0.0
2962,593.9872863769999,,,96979.75,14.748000145,0.0,0.270000010729,2.19406414032,-0.558172821999,0.425584733486,34.0300102,108.7565319,0.0,0.0,0.0,0.0626450486266,0.0198473605785,0.997828745838,0.00441985570964,0.022504389286,0.0154706481844,0.00110932602547,1.20516443253,0.369854927063,9.72846031189,0.0
2963,594.209285069,,,96982.0,14.7410001755,0.0,0.270000010729,2.1819152832,-0.561952054501,0.428360521793,34.0300102,108.7565318,0.0,0.0,0.0,0.0625918197911,0.0198295140223,0.997831569677,0.00461655505164,0.0204839035869,0.0150352520868,0.00147448875941,1.20449841022,0.394389867783,9.74215602875,0.0
2964,594.3862782,,,96980.75,14.7259998322,0.0,0.259999990463,2.17170405388,-0.562960267067,0.428785175085,34.0300101,108.7565316,0.0,0.0,0.0,0.0626087404337,0.0198499038774,0.997829293747,0.00477603872641,0.0187120996416,0.0163740385324,0.00120676693041,1.20763576031,0.392519772053,9.7226600647,0.0
